0.000000 1439 37.9342 988 31.4325 666 25.8070 362 19.0263 212 14.5602 132 11.4891 71 8.4261 51 7.1414 18 4.2426 11 3.3166 5 2.2361 8 2.8284 5 2.2361 5 2.2361 1 1.0000
0.031250 1438 37.9210 980 31.3050 547 23.3880 337 18.3576 189 13.7477 120 10.9545 60 7.7460 39 6.2450 24 4.8990 19 4.3589 11 3.3166 5 2.2361 3 1.7321 4 2.0000 2 1.4142
0.062500 1465 38.2753 930 30.4959 588 24.2487 334 18.2757 149 12.2066 108 10.3923 49 7.0000 40 6.3246 16 4.0000 11 3.3166 11 3.3166 4 2.0000 4 2.0000 2 1.4142 2 1.4142
0.093750 1379 37.1349 880 29.6648 546 23.3666 321 17.9165 176 13.2665 74 8.6023 63 7.9373 40 6.3246 23 4.7958 11 3.3166 8 2.8284 6 2.4495 1 1.0000 2 1.4142 3 1.7321
0.125000 1316 36.2767 874 29.5635 533 23.0868 263 16.2173 158 12.5698 86 9.2736 59 7.6811 33 5.7446 26 5.0990 9 3.0000 9 3.0000 5 2.2361 5 2.2361 4 2.0000 2 1.4142
0.156250 1301 36.0694 823 28.6880 476 21.8174 270 16.4317 157 12.5300 82 9.0554 61 7.8102 29 5.3852 25 5.0000 7 2.6458 12 3.4641 4 2.0000 3 1.7321 2 1.4142 1 1.0000
0.187500 1195 34.5688 817 28.5832 457 21.3776 221 14.8661 132 11.4891 89 9.4340 46 6.7823 33 5.7446 20 4.4721 14 3.7417 4 2.0000 5 2.2361 5 2.2361 3 1.7321 1 1.0000
0.218750 1233 35.1141 808 28.4253 429 20.7123 232 15.2315 135 11.6190 89 9.4340 40 6.3246 30 5.4772 22 4.6904 7 2.6458 6 2.4495 3 1.7321 4 2.0000 4 2.0000 3 1.7321
0.250000 1127 33.5708 737 27.1477 422 20.5426 240 15.4919 162 12.7279 92 9.5917 50 7.0711 25 5.0000 29 5.3852 7 2.6458 5 2.2361 4 2.0000 3 1.7321 4 2.0000 4 2.0000
0.281250 1120 33.4664 705 26.5518 429 20.7123 246 15.6844 119 10.9087 98 9.8995 52 7.2111 30 5.4772 18 4.2426 12 3.4641 16 4.0000 6 2.4495 3 1.7321 2 1.4142 2 1.4142
0.312500 1042 32.2800 720 26.8328 397 19.9249 208 14.4222 149 12.2066 79 8.8882 38 6.1644 34 5.8310 12 3.4641 8 2.8284 8 2.8284 4 2.0000 4 2.0000 2 1.4142 2 1.4142
0.343750 1066 32.6497 690 26.2679 415 20.3715 238 15.4272 126 11.2250 86 9.2736 41 6.4031 32 5.6569 16 4.0000 14 3.7417 10 3.1623 7 2.6458 2 1.4142 5 2.2361 2 1.4142
0.375000 1074 32.7719 694 26.3439 340 18.4391 226 15.0333 115 10.7238 72 8.4853 51 7.1414 33 5.7446 16 4.0000 19 4.3589 6 2.4495 6 2.4495 3 1.7321 2 1.4142 1 1.0000
0.406250 1025 32.0156 671 25.9037 412 20.2978 215 14.6629 102 10.0995 67 8.1854 40 6.3246 26 5.0990 18 4.2426 6 2.4495 9 3.0000 3 1.7321 2 1.4142 4 2.0000 1 1.0000
0.437500 1003 31.6702 678 26.0384 371 19.2614 238 15.4272 127 11.2694 84 9.1652 49 7.0000 22 4.6904 20 4.4721 13 3.6056 4 2.0000 7 2.6458 2 1.4142 3 1.7321 1 1.0000
0.468750 970 31.1448 745 27.2947 421 20.5183 206 14.3527 122 11.0454 73 8.5440 59 7.6811 28 5.2915 17 4.1231 6 2.4495 7 2.6458 4 2.0000 3 1.7321 4 2.0000 5 2.2361
0.500000 980 31.3050 708 26.6083 424 20.5913 206 14.3527 121 11.0000 77 8.7750 53 7.2801 29 5.3852 17 4.1231 12 3.4641 8 2.8284 5 2.2361 5 2.2361 2 1.4142 1 1.0000
0.531250 1045 32.3265 691 26.2869 394 19.8494 201 14.1774 150 12.2474 79 8.8882 49 7.0000 27 5.1962 18 4.2426 15 3.8730 3 1.7321 4 2.0000 2 1.4142 1 1.0000 2 1.4142
0.562500 993 31.5119 662 25.7294 390 19.7484 233 15.2643 112 10.5830 73 8.5440 48 6.9282 25 5.0000 11 3.3166 13 3.6056 7 2.6458 2 1.4142 4 2.0000 2 1.4142 1 1.0000
0.593750 969 31.1288 639 25.2784 399 19.9750 210 14.4914 123 11.0905 70 8.3666 37 6.0828 42 6.4807 12 3.4641 18 4.2426 7 2.6458 6 2.4495 2 1.4142 1 1.0000 4 2.0000
0.625000 1022 31.9687 687 26.2107 400 20.0000 221 14.8661 147 12.1244 70 8.3666 44 6.6332 25 5.0000 27 5.1962 13 3.6056 6 2.4495 4 2.0000 4 2.0000 4 2.0000 3 1.7321
0.656250 1040 32.2490 690 26.2679 428 20.6882 244 15.6205 122 11.0454 88 9.3808 39 6.2450 30 5.4772 15 3.8730 13 3.6056 7 2.6458 8 2.8284 2 1.4142 5 2.2361 2 1.4142
0.687500 1017 31.8904 717 26.7769 367 19.1572 231 15.1987 130 11.4018 85 9.2195 35 5.9161 30 5.4772 13 3.6056 12 3.4641 6 2.4495 5 2.2361 1 1.0000 3 1.7321 5 2.2361
0.718750 1136 33.7046 722 26.8701 423 20.5670 260 16.1245 119 10.9087 80 8.9443 39 6.2450 29 5.3852 11 3.3166 5 2.2361 7 2.6458 4 2.0000 2 1.4142 2 1.4142 3 1.7321
0.750000 1150 33.9116 752 27.4226 426 20.6398 251 15.8430 143 11.9583 79 8.8882 45 6.7082 29 5.3852 21 4.5826 12 3.4641 12 3.4641 4 2.0000 2 1.4142 3 1.7321 2 1.4142
0.781250 1205 34.7131 838 28.9482 455 21.3307 264 16.2481 170 13.0384 83 9.1104 56 7.4833 36 6.0000 21 4.5826 13 3.6056 6 2.4495 3 1.7321 5 2.2361 4 2.0000 3 1.7321
0.812500 1351 36.7560 898 29.9666 508 22.5389 339 18.4120 159 12.6095 103 10.1489 71 8.4261 38 6.1644 22 4.6904 12 3.4641 7 2.6458 4 2.0000 4 2.0000 1 1.0000 1 1.0000
0.843750 1409 37.5366 912 30.1993 517 22.7376 310 17.6068 170 13.0384 106 10.2956 52 7.2111 42 6.4807 29 5.3852 15 3.8730 9 3.0000 6 2.4495 5 2.2361 5 2.2361 1 1.0000
0.875000 1465 38.2753 1007 31.7333 564 23.7487 321 17.9165 199 14.1067 115 10.7238 75 8.6603 38 6.1644 22 4.6904 10 3.1623 10 3.1623 7 2.6458 2 1.4142 2 1.4142 2 1.4142
0.906250 1548 39.3446 949 30.8058 597 24.4336 370 19.2354 213 14.5945 98 9.8995 66 8.1240 44 6.6332 29 5.3852 11 3.3166 7 2.6458 8 2.8284 4 2.0000 4 2.0000 2 1.4142
0.937500 1560 39.4968 1023 31.9844 648 25.4558 352 18.7617 205 14.3178 104 10.1980 70 8.3666 43 6.5574 28 5.2915 13 3.6056 5 2.2361 4 2.0000 5 2.2361 3 1.7321 2 1.4142
0.968750 1549 39.3573 1044 32.3110 607 24.6374 335 18.3030 208 14.4222 111 10.5357 81 9.0000 45 6.7082 29 5.3852 16 4.0000 10 3.1623 5 2.2361 4 2.0000 2 1.4142 3 1.7321
