0.000000 1459 38.1969 930 30.4959 592 24.3311 324 18.0000 193 13.8924 106 10.2956 69 8.3066 44 6.6332 34 5.8310 17 4.1231 19 4.3589 3 1.7321 5 2.2361 7 2.6458 1 1.0000
0.031250 1368 36.9865 908 30.1330 536 23.1517 302 17.3781 186 13.6382 115 10.7238 64 8.0000 44 6.6332 27 5.1962 13 3.6056 9 3.0000 6 2.4495 1 1.0000 3 1.7321 2 1.4142
0.062500 1355 36.8103 898 29.9666 515 22.6936 320 17.8885 168 12.9615 101 10.0499 64 8.0000 30 5.4772 32 5.6569 15 3.8730 7 2.6458 5 2.2361 1 1.0000 4 2.0000 1 1.0000
0.093750 1280 35.7771 827 28.7576 536 23.1517 264 16.2481 156 12.4900 101 10.0499 60 7.7460 34 5.8310 24 4.8990 8 2.8284 8 2.8284 4 2.0000 3 1.7321 3 1.7321 1 1.0000
0.125000 1191 34.5109 817 28.5832 466 21.5870 245 15.6525 144 12.0000 95 9.7468 49 7.0000 32 5.6569 14 3.7417 13 3.6056 12 3.4641 4 2.0000 8 2.8284 3 1.7321 1 1.0000
0.156250 1164 34.1174 784 28.0000 429 20.7123 255 15.9687 121 11.0000 80 8.9443 51 7.1414 29 5.3852 18 4.2426 19 4.3589 5 2.2361 7 2.6458 4 2.0000 5 2.2361 1 1.0000
0.187500 1160 34.0588 734 27.0924 429 20.7123 219 14.7986 125 11.1803 74 8.6023 49 7.0000 26 5.0990 21 4.5826 7 2.6458 8 2.8284 7 2.6458 5 2.2361 1 1.0000 1 1.0000
0.218750 1089 33.0000 713 26.7021 374 19.3391 224 14.9666 102 10.0995 75 8.6603 46 6.7823 21 4.5826 14 3.7417 6 2.4495 8 2.8284 7 2.6458 2 1.4142 5 2.2361 3 1.7321
0.250000 1040 32.2490 691 26.2869 369 19.2094 220 14.8324 142 11.9164 64 8.0000 44 6.6332 31 5.5678 18 4.2426 11 3.3166 13 3.6056 4 2.0000 5 2.2361 1 1.0000 3 1.7321
0.281250 996 31.5595 714 26.7208 420 20.4939 212 14.5602 135 11.6190 75 8.6603 49 7.0000 29 5.3852 12 3.4641 10 3.1623 9 3.0000 5 2.2361 3 1.7321 3 1.7321 1 1.0000
0.312500 935 30.5778 673 25.9422 361 19.0000 235 15.3297 125 11.1803 71 8.4261 38 6.1644 32 5.6569 17 4.1231 15 3.8730 8 2.8284 6 2.4495 5 2.2361 1 1.0000 1 1.0000
0.343750 930 30.4959 625 25.0000 358 18.9209 214 14.6287 114 10.6771 71 8.4261 39 6.2450 35 5.9161 13 3.6056 10 3.1623 6 2.4495 3 1.7321 4 2.0000 1 1.0000 2 1.4142
0.375000 930 30.4959 614 24.7790 354 18.8149 197 14.0357 110 10.4881 70 8.3666 36 6.0000 24 4.8990 18 4.2426 12 3.4641 5 2.2361 4 2.0000 5 2.2361 2 1.4142 2 1.4142
0.406250 972 31.1769 625 25.0000 369 19.2094 194 13.9284 127 11.2694 59 7.6811 42 6.4807 32 5.6569 19 4.3589 9 3.0000 5 2.2361 5 2.2361 4 2.0000 3 1.7321 2 1.4142
0.437500 907 30.1164 612 24.7386 343 18.5203 177 13.3041 131 11.4455 70 8.3666 49 7.0000 32 5.6569 21 4.5826 7 2.6458 6 2.4495 6 2.4495 3 1.7321 6 2.4495 4 2.0000
0.468750 943 30.7083 618 24.8596 353 18.7883 223 14.9332 119 10.9087 79 8.8882 41 6.4031 38 6.1644 10 3.1623 10 3.1623 9 3.0000 3 1.7321 3 1.7321 4 2.0000 4 2.0000
0.500000 937 30.6105 628 25.0599 361 19.0000 245 15.6525 129 11.3578 80 8.9443 36 6.0000 30 5.4772 13 3.6056 12 3.4641 13 3.6056 9 3.0000 4 2.0000 2 1.4142 1 1.0000
0.531250 949 30.8058 637 25.2389 353 18.7883 221 14.8661 116 10.7703 78 8.8318 36 6.0000 21 4.5826 15 3.8730 9 3.0000 5 2.2361 4 2.0000 4 2.0000 2 1.4142 2 1.4142
0.562500 921 30.3480 606 24.6171 366 19.1311 204 14.2829 103 10.1489 72 8.4853 37 6.0828 22 4.6904 20 4.4721 4 2.0000 11 3.3166 3 1.7321 3 1.7321 2 1.4142 2 1.4142
0.593750 913 30.2159 604 24.5764 378 19.4422 203 14.2478 112 10.5830 82 9.0554 49 7.0000 30 5.4772 16 4.0000 7 2.6458 13 3.6056 5 2.2361 5 2.2361 2 1.4142 3 1.7321
0.625000 874 29.5635 628 25.0599 341 18.4662 212 14.5602 110 10.4881 70 8.3666 47 6.8557 30 5.4772 22 4.6904 7 2.6458 5 2.2361 6 2.4495 2 1.4142 1 1.0000 1 1.0000
0.656250 899 29.9833 669 25.8650 340 18.4391 183 13.5277 127 11.2694 60 7.7460 52 7.2111 26 5.0990 16 4.0000 12 3.4641 6 2.4495 4 2.0000 2 1.4142 3 1.7321 3 1.7321
0.687500 938 30.6268 606 24.6171 358 18.9209 217 14.7309 151 12.2882 58 7.6158 46 6.7823 35 5.9161 15 3.8730 11 3.3166 2 1.4142 7 2.6458 2 1.4142 4 2.0000 1 1.0000
0.718750 1046 32.3419 598 24.4540 377 19.4165 195 13.9642 123 11.0905 67 8.1854 47 6.8557 22 4.6904 17 4.1231 12 3.4641 5 2.2361 3 1.7321 7 2.6458 1 1.0000 1 1.0000
0.750000 1092 33.0454 684 26.1534 406 20.1494 240 15.4919 129 11.3578 71 8.4261 47 6.8557 29 5.3852 13 3.6056 11 3.3166 3 1.7321 10 3.1623 3 1.7321 2 1.4142 3 1.7321
0.781250 1120 33.4664 739 27.1846 431 20.7605 277 16.6433 159 12.6095 83 9.1104 59 7.6811 24 4.8990 19 4.3589 10 3.1623 11 3.3166 9 3.0000 3 1.7321 2 1.4142 1 1.0000
0.812500 1225 35.0000 799 28.2666 505 22.4722 214 14.6287 147 12.1244 94 9.6954 61 7.8102 36 6.0000 22 4.6904 19 4.3589 6 2.4495 3 1.7321 4 2.0000 2 1.4142 2 1.4142
0.843750 1212 34.8138 859 29.3087 539 23.2164 318 17.8326 159 12.6095 97 9.8489 69 8.3066 34 5.8310 21 4.5826 10 3.1623 4 2.0000 6 2.4495 2 1.4142 1 1.0000 3 1.7321
0.875000 1397 37.3765 906 30.0998 529 23.0000 323 17.9722 178 13.3417 92 9.5917 70 8.3666 40 6.3246 26 5.0990 11 3.3166 11 3.3166 7 2.6458 5 2.2361 3 1.7321 2 1.4142
0.906250 1416 37.6298 951 30.8383 618 24.8596 331 18.1934 176 13.2665 112 10.5830 72 8.4853 40 6.3246 37 6.0828 18 4.2426 4 2.0000 6 2.4495 4 2.0000 3 1.7321 1 1.0000
0.937500 1385 37.2156 978 31.2730 559 23.6432 335 18.3030 187 13.6748 137 11.7047 68 8.2462 32 5.6569 19 4.3589 10 3.1623 4 2.0000 7 2.6458 6 2.4495 1 1.0000 1 1.0000
0.968750 1412 37.5766 988 31.4325 604 24.5764 320 17.8885 187 13.6748 111 10.5357 63 7.9373 39 6.2450 22 4.6904 22 4.6904 11 3.3166 5 2.2361 3 1.7321 3 1.7321 3 1.7321
