0 9490 97.4166 12276 110.797 11678 108.065 9702 98.4987 7251 85.1528 5241 72.3948 3819 61.7981 2833 53.2259 2058 45.3652 1628 40.3485 1330 36.4692 1216 34.8712 1117 33.4215 993 31.5119 1040 32.249 
0.03125 9067 95.2208 11700 108.167 10757 103.716 8750 93.5414 6709 81.9085 4747 68.8985 3505 59.203 2517 50.1697 1948 44.1362 1521 39 1339 36.5923 1147 33.8674 1113 33.3617 1058 32.5269 977 31.257 
0.0625 8609 92.7847 10626 103.082 9768 98.8332 8002 89.4539 6000 77.4597 4270 65.3452 3132 55.9643 2342 48.3942 1762 41.9762 1417 37.6431 1230 35.0714 1140 33.7639 1099 33.1512 1073 32.7567 991 31.4802 
0.09375 7559 86.9425 9346 96.6747 8808 93.8509 7024 83.8093 5231 72.3257 3705 60.8687 2789 52.811 2114 45.9783 1648 40.5956 1295 35.9861 1203 34.6843 1144 33.8231 1094 33.0757 1032 32.1248 1035 32.1714 
0.125 6632 81.4371 8149 90.2718 7482 86.4986 6039 77.711 4630 68.0441 3244 56.9561 2433 49.3254 1789 42.2966 1554 39.4208 1271 35.6511 1153 33.9559 1105 33.2415 974 31.209 989 31.4484 1011 31.7962 
0.15625 5591 74.773 6713 81.9329 6273 79.2023 5050 71.0634 3843 61.9919 2829 53.1883 2133 46.1844 1686 41.0609 1331 36.4829 1210 34.7851 1135 33.6898 1082 32.8938 1066 32.6497 983 31.3528 1013 31.8277 
0.1875 4669 68.3301 5592 74.7797 5194 72.0694 4185 64.6916 3324 57.6541 2339 48.3632 1825 42.72 1506 38.8072 1276 35.7211 1138 33.7343 1101 33.1813 1066 32.6497 1010 31.7805 1035 32.1714 989 31.4484 
0.21875 3752 61.2536 4473 66.8805 4146 64.3894 3363 57.9914 2640 51.3809 2070 45.4973 1667 40.8289 1396 37.3631 1189 34.4819 1076 32.8024 1037 32.2025 1034 32.1559 992 31.496 965 31.0644 1015 31.8591 
0.25 3065 55.3624 3427 58.5406 3225 56.7891 2658 51.5558 2201 46.9148 1809 42.5323 1437 37.9078 1256 35.4401 1152 33.9411 1073 32.7567 1045 32.3265 1036 32.187 983 31.3528 1028 32.0624 1056 32.4962 
0.28125 2395 48.9387 2782 52.7447 2564 50.636 2091 45.7275 1745 41.7732 1409 37.5366 1344 36.6606 1191 34.5109 1132 33.6452 1103 33.2114 1050 32.4037 970 31.1448 1013 31.8277 1042 32.28 1065 32.6343 
0.3125 1834 42.8252 2018 44.9222 1902 43.6119 1696 41.1825 1548 39.3446 1364 36.9324 1140 33.7639 1035 32.1714 1061 32.573 1034 32.1559 987 31.4166 959 30.9677 998 31.5911 994 31.5278 994 31.5278 
0.34375 1362 36.9053 1480 38.4708 1459 38.1969 1309 36.1801 1223 34.9714 1149 33.8969 1096 33.1059 1069 32.6956 1054 32.4654 1085 32.9393 1001 31.6386 1014 31.8434 970 31.1448 1009 31.7648 1003 31.6702 
0.375 1137 33.7194 1182 34.3802 1175 34.2783 1090 33.0151 1105 33.2415 993 31.5119 1017 31.8904 1021 31.9531 1071 32.7261 992 31.496 1056 32.4962 995 31.5436 1011 31.7962 964 31.0483 1068 32.6803 
0.40625 979 31.289 1034 32.1559 948 30.7896 992 31.496 987 31.4166 1021 31.9531 970 31.1448 981 31.3209 978 31.273 965 31.0644 983 31.3528 1039 32.2335 954 30.8869 985 31.3847 1003 31.6702 
0.4375 1026 32.0312 1000 31.6228 1014 31.8434 998 31.5911 932 30.5287 1019 31.9218 996 31.5595 1024 32 1032 32.1248 1006 31.7175 1015 31.8591 968 31.1127 1000 31.6228 1054 32.4654 951 30.8383 
0.46875 1007 31.7333 1022 31.9687 1030 32.0936 999 31.607 1004 31.686 1019 31.9218 962 31.0161 998 31.5911 944 30.7246 1009 31.7648 1023 31.9844 995 31.5436 1011 31.7962 997 31.5753 1033 32.1403 
0.5 987 31.4166 919 30.315 999 31.607 957 30.9354 949 30.8058 1039 32.2335 1035 32.1714 1017 31.8904 994 31.5278 1037 32.2025 1033 32.1403 1014 31.8434 1052 32.4345 1034 32.1559 972 31.1769 
0.53125 1014 31.8434 940 30.6594 1018 31.9061 979 31.289 975 31.225 1056 32.4962 963 31.0322 980 31.305 981 31.3209 1003 31.6702 996 31.5595 1059 32.5423 1004 31.686 959 30.9677 973 31.1929 
0.5625 1006 31.7175 961 31 1013 31.8277 995 31.5436 1034 32.1559 958 30.9516 972 31.1769 1037 32.2025 946 30.7571 952 30.8545 1026 32.0312 975 31.225 1022 31.9687 978 31.273 1027 32.0468 
0.59375 972 31.1769 976 31.241 1042 32.28 992 31.496 1020 31.9374 987 31.4166 993 31.5119 989 31.4484 984 31.3688 1030 32.0936 997 31.5753 964 31.0483 998 31.5911 998 31.5911 1014 31.8434 
0.625 993 31.5119 1012 31.8119 1068 32.6803 1035 32.1714 995 31.5436 988 31.4325 942 30.692 1012 31.8119 955 30.9031 1016 31.8748 1001 31.6386 984 31.3688 1038 32.218 1036 32.187 1024 32 
0.65625 1069 32.6956 1119 33.4515 1084 32.9242 1085 32.9393 1065 32.6343 1071 32.7261 1003 31.6702 1033 32.1403 1031 32.1092 1020 31.9374 1039 32.2335 930 30.4959 1009 31.7648 1047 32.3574 997 31.5753 
0.6875 1494 38.6523 1670 40.8656 1665 40.8044 1634 40.4228 1493 38.6394 1336 36.5513 1221 34.9428 1195 34.5688 1087 32.9697 1078 32.8329 1021 31.9531 1075 32.7872 973 31.1929 991 31.4802 984 31.3688 
0.71875 2341 48.3839 2752 52.4595 2730 52.2494 2483 49.8297 2155 46.422 1827 42.7434 1546 39.3192 1431 37.8286 1171 34.2199 1174 34.2637 1129 33.6006 1065 32.6343 1053 32.45 1005 31.7017 1026 32.0312 
0.75 3360 57.9655 4198 64.792 4182 64.6684 3708 60.8933 3108 55.7494 2469 49.689 2105 45.8803 1716 41.4246 1391 37.2961 1299 36.0416 1156 34 1005 31.7017 1090 33.0151 1023 31.9844 1020 31.9374 
0.78125 4637 68.0955 5885 76.7138 5862 76.5637 5128 71.6101 4135 64.304 3254 57.0438 2570 50.6952 1987 44.5758 1629 40.3609 1413 37.5899 1214 34.8425 1115 33.3916 1072 32.7414 1121 33.4813 1045 32.3265 
0.8125 6093 78.0577 7757 88.0738 7588 87.1091 6469 80.4301 5237 72.3671 4107 64.0859 3137 56.0089 2271 47.655 1858 43.1045 1554 39.4208 1363 36.9188 1201 34.6554 1204 34.6987 1017 31.8904 1082 32.8938 
0.84375 7313 85.5161 9417 97.0412 9176 95.7914 8064 89.7998 6280 79.2465 4680 68.4105 3462 58.8388 2617 51.1566 1987 44.5758 1672 40.8901 1348 36.7151 1252 35.3836 1110 33.3167 1056 32.4962 1060 32.5576 
0.875 8186 90.4765 10880 104.307 10503 102.484 8841 94.0266 6926 83.2226 5177 71.9514 3825 61.8466 2770 52.6308 2179 46.6798 1693 41.1461 1367 36.973 1212 34.8138 1152 33.9411 1087 32.9697 1043 32.2955 
0.90625 9312 96.4987 11915 109.156 11559 107.513 9494 97.4372 7654 87.4871 5346 73.1163 3896 62.4179 2930 54.1295 2211 47.0213 1723 41.509 1400 37.4166 1225 35 1165 34.1321 1066 32.6497 1084 32.9242 
0.9375 9585 97.903 12739 112.867 11894 109.06 9926 99.6293 7474 86.4523 5536 74.4043 4038 63.5453 2856 53.4416 2145 46.3141 1723 41.509 1392 37.3095 1185 34.4238 1159 34.0441 1042 32.28 1035 32.1714 
0.96875 9861 99.3026 12673 112.574 12120 110.091 10023 100.115 7675 87.6071 5252 72.4707 3886 62.3378 2862 53.4977 2162 46.4973 1759 41.9404 1356 36.8239 1241 35.2278 1090 33.0151 1042 32.28 1018 31.9061 
