0.000000 0.200000 9605.000000 
0.031250 0.200000 9100.000000 
0.062500 0.200000 8226.000000 
0.093750 0.200000 7495.000000 
0.125000 0.200000 6449.000000 
0.156250 0.200000 5666.000000 
0.187500 0.200000 4713.000000 
0.218750 0.200000 3786.000000 
0.250000 0.200000 2983.000000 
0.281250 0.200000 2352.000000 
0.312500 0.200000 1877.000000 
0.343750 0.200000 1440.000000 
0.375000 0.200000 1080.000000 
0.406250 0.200000 1006.000000 
0.437500 0.200000 965.000000 
0.468750 0.200000 1013.000000 
0.500000 0.200000 1023.000000 
0.531250 0.200000 1028.000000 
0.562500 0.200000 952.000000 
0.593750 0.200000 1016.000000 
0.625000 0.200000 973.000000 
0.656250 0.200000 1039.000000 
0.687500 0.200000 1507.000000 
0.718750 0.200000 2297.000000 
0.750000 0.200000 3341.000000 
0.781250 0.200000 4660.000000 
0.812500 0.200000 6105.000000 
0.843750 0.200000 7239.000000 
0.875000 0.200000 8299.000000 
0.906250 0.200000 9152.000000 
0.937500 0.200000 9660.000000 
0.968750 0.200000 9808.000000 
0.000000 0.400000 12439.000000 
0.031250 0.400000 11407.000000 
0.062500 0.400000 10639.000000 
0.093750 0.400000 9345.000000 
0.125000 0.400000 8243.000000 
0.156250 0.400000 6790.000000 
0.187500 0.400000 5635.000000 
0.218750 0.400000 4450.000000 
0.250000 0.400000 3486.000000 
0.281250 0.400000 2679.000000 
0.312500 0.400000 2006.000000 
0.343750 0.400000 1469.000000 
0.375000 0.400000 1156.000000 
0.406250 0.400000 1018.000000 
0.437500 0.400000 1059.000000 
0.468750 0.400000 991.000000 
0.500000 0.400000 1034.000000 
0.531250 0.400000 934.000000 
0.562500 0.400000 1020.000000 
0.593750 0.400000 1012.000000 
0.625000 0.400000 988.000000 
0.656250 0.400000 1093.000000 
0.687500 0.400000 1692.000000 
0.718750 0.400000 2816.000000 
0.750000 0.400000 4249.000000 
0.781250 0.400000 5994.000000 
0.812500 0.400000 7724.000000 
0.843750 0.400000 9427.000000 
0.875000 0.400000 10986.000000 
0.906250 0.400000 12103.000000 
0.937500 0.400000 12770.000000 
0.968750 0.400000 12656.000000 
0.000000 0.600000 11594.000000 
0.031250 0.600000 11182.000000 
0.062500 0.600000 9796.000000 
0.093750 0.600000 8881.000000 
0.125000 0.600000 7573.000000 
0.156250 0.600000 6248.000000 
0.187500 0.600000 5156.000000 
0.218750 0.600000 4129.000000 
0.250000 0.600000 3279.000000 
0.281250 0.600000 2574.000000 
0.312500 0.600000 1830.000000 
0.343750 0.600000 1510.000000 
0.375000 0.600000 1131.000000 
0.406250 0.600000 983.000000 
0.437500 0.600000 996.000000 
0.468750 0.600000 1009.000000 
0.500000 0.600000 1009.000000 
0.531250 0.600000 1038.000000 
0.562500 0.600000 1034.000000 
0.593750 0.600000 989.000000 
0.625000 0.600000 996.000000 
0.656250 0.600000 1094.000000 
0.687500 0.600000 1652.000000 
0.718750 0.600000 2796.000000 
0.750000 0.600000 4124.000000 
0.781250 0.600000 5887.000000 
0.812500 0.600000 7648.000000 
0.843750 0.600000 9423.000000 
0.875000 0.600000 10527.000000 
0.906250 0.600000 11622.000000 
0.937500 0.600000 12099.000000 
0.968750 0.600000 11826.000000 
0.000000 0.800000 9641.000000 
0.031250 0.800000 9093.000000 
0.062500 0.800000 7944.000000 
0.093750 0.800000 7031.000000 
0.125000 0.800000 5988.000000 
0.156250 0.800000 5098.000000 
0.187500 0.800000 4160.000000 
0.218750 0.800000 3386.000000 
0.250000 0.800000 2792.000000 
0.281250 0.800000 2099.000000 
0.312500 0.800000 1657.000000 
0.343750 0.800000 1324.000000 
0.375000 0.800000 1075.000000 
0.406250 0.800000 1046.000000 
0.437500 0.800000 1064.000000 
0.468750 0.800000 969.000000 
0.500000 0.800000 980.000000 
0.531250 0.800000 1016.000000 
0.562500 0.800000 988.000000 
0.593750 0.800000 1063.000000 
0.625000 0.800000 1052.000000 
0.656250 0.800000 1077.000000 
0.687500 0.800000 1571.000000 
0.718750 0.800000 2454.000000 
0.750000 0.800000 3724.000000 
0.781250 0.800000 5166.000000 
0.812500 0.800000 6564.000000 
0.843750 0.800000 8080.000000 
0.875000 0.800000 9065.000000 
0.906250 0.800000 9715.000000 
0.937500 0.800000 10073.000000 
0.968750 0.800000 10058.000000 
0.000000 1.000000 7154.000000 
0.031250 1.000000 6626.000000 
0.062500 1.000000 6149.000000 
0.093750 1.000000 5211.000000 
0.125000 1.000000 4587.000000 
0.156250 1.000000 3885.000000 
0.187500 1.000000 3294.000000 
0.218750 1.000000 2674.000000 
0.250000 1.000000 2056.000000 
0.281250 1.000000 1742.000000 
0.312500 1.000000 1484.000000 
0.343750 1.000000 1232.000000 
0.375000 1.000000 1118.000000 
0.406250 1.000000 1045.000000 
0.437500 1.000000 1016.000000 
0.468750 1.000000 1003.000000 
0.500000 1.000000 951.000000 
0.531250 1.000000 1059.000000 
0.562500 1.000000 1004.000000 
0.593750 1.000000 951.000000 
0.625000 1.000000 1014.000000 
0.656250 1.000000 1049.000000 
0.687500 1.000000 1403.000000 
0.718750 1.000000 2158.000000 
0.750000 1.000000 3023.000000 
0.781250 1.000000 4049.000000 
0.812500 1.000000 5113.000000 
0.843750 1.000000 6214.000000 
0.875000 1.000000 6975.000000 
0.906250 1.000000 7556.000000 
0.937500 1.000000 7558.000000 
0.968750 1.000000 7545.000000 
0.000000 1.200000 5094.000000 
0.031250 1.200000 4913.000000 
0.062500 1.200000 4299.000000 
0.093750 1.200000 3878.000000 
0.125000 1.200000 3335.000000 
0.156250 1.200000 2890.000000 
0.187500 1.200000 2366.000000 
0.218750 1.200000 2115.000000 
0.250000 1.200000 1810.000000 
0.281250 1.200000 1416.000000 
0.312500 1.200000 1289.000000 
0.343750 1.200000 1120.000000 
0.375000 1.200000 1039.000000 
0.406250 1.200000 973.000000 
0.437500 1.200000 1009.000000 
0.468750 1.200000 1019.000000 
0.500000 1.200000 1008.000000 
0.531250 1.200000 996.000000 
0.562500 1.200000 959.000000 
0.593750 1.200000 1002.000000 
0.625000 1.200000 984.000000 
0.656250 1.200000 992.000000 
0.687500 1.200000 1305.000000 
0.718750 1.200000 1813.000000 
0.750000 1.200000 2499.000000 
0.781250 1.200000 3312.000000 
0.812500 1.200000 4070.000000 
0.843750 1.200000 4816.000000 
0.875000 1.200000 5198.000000 
0.906250 1.200000 5493.000000 
0.937500 1.200000 5627.000000 
0.968750 1.200000 5604.000000 
0.000000 1.400000 3794.000000 
0.031250 1.400000 3414.000000 
0.062500 1.400000 3061.000000 
0.093750 1.400000 2678.000000 
0.125000 1.400000 2468.000000 
0.156250 1.400000 2138.000000 
0.187500 1.400000 1822.000000 
0.218750 1.400000 1632.000000 
0.250000 1.400000 1385.000000 
0.281250 1.400000 1316.000000 
0.312500 1.400000 1173.000000 
0.343750 1.400000 1139.000000 
0.375000 1.400000 977.000000 
0.406250 1.400000 1031.000000 
0.437500 1.400000 1005.000000 
0.468750 1.400000 1003.000000 
0.500000 1.400000 1023.000000 
0.531250 1.400000 1038.000000 
0.562500 1.400000 966.000000 
0.593750 1.400000 1042.000000 
0.625000 1.400000 962.000000 
0.656250 1.400000 989.000000 
0.687500 1.400000 1189.000000 
0.718750 1.400000 1596.000000 
0.750000 1.400000 1976.000000 
0.781250 1.400000 2562.000000 
0.812500 1.400000 3090.000000 
0.843750 1.400000 3532.000000 
0.875000 1.400000 3890.000000 
0.906250 1.400000 3960.000000 
0.937500 1.400000 4119.000000 
0.968750 1.400000 3945.000000 
0.000000 1.600000 2725.000000 
0.031250 1.600000 2441.000000 
0.062500 1.600000 2278.000000 
0.093750 1.600000 2101.000000 
0.125000 1.600000 1902.000000 
0.156250 1.600000 1672.000000 
0.187500 1.600000 1443.000000 
0.218750 1.600000 1338.000000 
0.250000 1.600000 1274.000000 
0.281250 1.600000 1202.000000 
0.312500 1.600000 1119.000000 
0.343750 1.600000 1030.000000 
0.375000 1.600000 1083.000000 
0.406250 1.600000 1002.000000 
0.437500 1.600000 1027.000000 
0.468750 1.600000 987.000000 
0.500000 1.600000 965.000000 
0.531250 1.600000 1022.000000 
0.562500 1.600000 1033.000000 
0.593750 1.600000 1058.000000 
0.625000 1.600000 983.000000 
0.656250 1.600000 963.000000 
0.687500 1.600000 1196.000000 
0.718750 1.600000 1387.000000 
0.750000 1.600000 1633.000000 
0.781250 1.600000 1995.000000 
0.812500 1.600000 2318.000000 
0.843750 1.600000 2705.000000 
0.875000 1.600000 2878.000000 
0.906250 1.600000 2958.000000 
0.937500 1.600000 2952.000000 
0.968750 1.600000 2802.000000 
0.000000 1.800000 2062.000000 
0.031250 1.800000 1905.000000 
0.062500 1.800000 1743.000000 
0.093750 1.800000 1614.000000 
0.125000 1.800000 1494.000000 
0.156250 1.800000 1356.000000 
0.187500 1.800000 1321.000000 
0.218750 1.800000 1264.000000 
0.250000 1.800000 1235.000000 
0.281250 1.800000 1116.000000 
0.312500 1.800000 1032.000000 
0.343750 1.800000 1034.000000 
0.375000 1.800000 975.000000 
0.406250 1.800000 981.000000 
0.437500 1.800000 979.000000 
0.468750 1.800000 974.000000 
0.500000 1.800000 1012.000000 
0.531250 1.800000 965.000000 
0.562500 1.800000 1021.000000 
0.593750 1.800000 1025.000000 
0.625000 1.800000 1033.000000 
0.656250 1.800000 1009.000000 
0.687500 1.800000 1112.000000 
0.718750 1.800000 1307.000000 
0.750000 1.800000 1439.000000 
0.781250 1.800000 1646.000000 
0.812500 1.800000 1941.000000 
0.843750 1.800000 1928.000000 
0.875000 1.800000 2138.000000 
0.906250 1.800000 2324.000000 
0.937500 1.800000 2172.000000 
0.968750 1.800000 2099.000000 
0.000000 2.000000 1550.000000 
0.031250 2.000000 1549.000000 
0.062500 2.000000 1355.000000 
0.093750 2.000000 1325.000000 
0.125000 2.000000 1303.000000 
0.156250 2.000000 1219.000000 
0.187500 2.000000 1186.000000 
0.218750 2.000000 1124.000000 
0.250000 2.000000 1106.000000 
0.281250 2.000000 1013.000000 
0.312500 2.000000 1039.000000 
0.343750 2.000000 965.000000 
0.375000 2.000000 1029.000000 
0.406250 2.000000 990.000000 
0.437500 2.000000 1021.000000 
0.468750 2.000000 983.000000 
0.500000 2.000000 1010.000000 
0.531250 2.000000 1033.000000 
0.562500 2.000000 937.000000 
0.593750 2.000000 941.000000 
0.625000 2.000000 942.000000 
0.656250 2.000000 1033.000000 
0.687500 2.000000 1071.000000 
0.718750 2.000000 1129.000000 
0.750000 2.000000 1328.000000 
0.781250 2.000000 1414.000000 
0.812500 2.000000 1476.000000 
0.843750 2.000000 1602.000000 
0.875000 2.000000 1653.000000 
0.906250 2.000000 1774.000000 
0.937500 2.000000 1693.000000 
0.968750 2.000000 1621.000000 
0.000000 2.200000 1325.000000 
0.031250 2.200000 1266.000000 
0.062500 2.200000 1276.000000 
0.093750 2.200000 1215.000000 
0.125000 2.200000 1167.000000 
0.156250 2.200000 1134.000000 
0.187500 2.200000 1091.000000 
0.218750 2.200000 1034.000000 
0.250000 2.200000 1063.000000 
0.281250 2.200000 1003.000000 
0.312500 2.200000 983.000000 
0.343750 2.200000 974.000000 
0.375000 2.200000 1030.000000 
0.406250 2.200000 1031.000000 
0.437500 2.200000 944.000000 
0.468750 2.200000 995.000000 
0.500000 2.200000 1008.000000 
0.531250 2.200000 981.000000 
0.562500 2.200000 1024.000000 
0.593750 2.200000 1008.000000 
0.625000 2.200000 995.000000 
0.656250 2.200000 986.000000 
0.687500 2.200000 1057.000000 
0.718750 2.200000 1123.000000 
0.750000 2.200000 1185.000000 
0.781250 2.200000 1242.000000 
0.812500 2.200000 1362.000000 
0.843750 2.200000 1356.000000 
0.875000 2.200000 1432.000000 
0.906250 2.200000 1490.000000 
0.937500 2.200000 1416.000000 
0.968750 2.200000 1359.000000 
0.000000 2.400000 1263.000000 
0.031250 2.400000 1158.000000 
0.062500 2.400000 1152.000000 
0.093750 2.400000 1083.000000 
0.125000 2.400000 1095.000000 
0.156250 2.400000 1080.000000 
0.187500 2.400000 1049.000000 
0.218750 2.400000 1045.000000 
0.250000 2.400000 1063.000000 
0.281250 2.400000 971.000000 
0.312500 2.400000 1016.000000 
0.343750 2.400000 941.000000 
0.375000 2.400000 1002.000000 
0.406250 2.400000 1061.000000 
0.437500 2.400000 1030.000000 
0.468750 2.400000 1000.000000 
0.500000 2.400000 989.000000 
0.531250 2.400000 1017.000000 
0.562500 2.400000 1033.000000 
0.593750 2.400000 1000.000000 
0.625000 2.400000 1051.000000 
0.656250 2.400000 977.000000 
0.687500 2.400000 958.000000 
0.718750 2.400000 1033.000000 
0.750000 2.400000 1096.000000 
0.781250 2.400000 1139.000000 
0.812500 2.400000 1168.000000 
0.843750 2.400000 1279.000000 
0.875000 2.400000 1195.000000 
0.906250 2.400000 1239.000000 
0.937500 2.400000 1211.000000 
0.968750 2.400000 1207.000000 
0.000000 2.600000 1088.000000 
0.031250 2.600000 1108.000000 
0.062500 2.600000 1041.000000 
0.093750 2.600000 1033.000000 
0.125000 2.600000 1049.000000 
0.156250 2.600000 1070.000000 
0.187500 2.600000 966.000000 
0.218750 2.600000 1076.000000 
0.250000 2.600000 985.000000 
0.281250 2.600000 1029.000000 
0.312500 2.600000 1038.000000 
0.343750 2.600000 1044.000000 
0.375000 2.600000 984.000000 
0.406250 2.600000 1001.000000 
0.437500 2.600000 995.000000 
0.468750 2.600000 981.000000 
0.500000 2.600000 1009.000000 
0.531250 2.600000 1011.000000 
0.562500 2.600000 989.000000 
0.593750 2.600000 1004.000000 
0.625000 2.600000 1085.000000 
0.656250 2.600000 1001.000000 
0.687500 2.600000 1036.000000 
0.718750 2.600000 1020.000000 
0.750000 2.600000 1044.000000 
0.781250 2.600000 1079.000000 
0.812500 2.600000 1135.000000 
0.843750 2.600000 1109.000000 
0.875000 2.600000 1084.000000 
0.906250 2.600000 1150.000000 
0.937500 2.600000 1126.000000 
0.968750 2.600000 1136.000000 
0.000000 2.800000 1064.000000 
0.031250 2.800000 1074.000000 
0.062500 2.800000 1070.000000 
0.093750 2.800000 989.000000 
0.125000 2.800000 976.000000 
0.156250 2.800000 1034.000000 
0.187500 2.800000 1023.000000 
0.218750 2.800000 980.000000 
0.250000 2.800000 1046.000000 
0.281250 2.800000 1005.000000 
0.312500 2.800000 1006.000000 
0.343750 2.800000 1010.000000 
0.375000 2.800000 1024.000000 
0.406250 2.800000 1048.000000 
0.437500 2.800000 992.000000 
0.468750 2.800000 945.000000 
0.500000 2.800000 1032.000000 
0.531250 2.800000 971.000000 
0.562500 2.800000 1039.000000 
0.593750 2.800000 981.000000 
0.625000 2.800000 1047.000000 
0.656250 2.800000 975.000000 
0.687500 2.800000 972.000000 
0.718750 2.800000 1051.000000 
0.750000 2.800000 992.000000 
0.781250 2.800000 1075.000000 
0.812500 2.800000 1082.000000 
0.843750 2.800000 1075.000000 
0.875000 2.800000 1073.000000 
0.906250 2.800000 1152.000000 
0.937500 2.800000 1067.000000 
0.968750 2.800000 1065.000000 
0.000000 3.000000 1003.000000 
0.031250 3.000000 1001.000000 
0.062500 3.000000 1003.000000 
0.093750 3.000000 1071.000000 
0.125000 3.000000 1000.000000 
0.156250 3.000000 988.000000 
0.187500 3.000000 993.000000 
0.218750 3.000000 1028.000000 
0.250000 3.000000 962.000000 
0.281250 3.000000 1022.000000 
0.312500 3.000000 959.000000 
0.343750 3.000000 996.000000 
0.375000 3.000000 942.000000 
0.406250 3.000000 1017.000000 
0.437500 3.000000 1022.000000 
0.468750 3.000000 978.000000 
0.500000 3.000000 1010.000000 
0.531250 3.000000 1005.000000 
0.562500 3.000000 1037.000000 
0.593750 3.000000 1004.000000 
0.625000 3.000000 1033.000000 
0.656250 3.000000 997.000000 
0.687500 3.000000 984.000000 
0.718750 3.000000 1011.000000 
0.750000 3.000000 1015.000000 
0.781250 3.000000 1059.000000 
0.812500 3.000000 1038.000000 
0.843750 3.000000 1018.000000 
0.875000 3.000000 1043.000000 
0.906250 3.000000 1086.000000 
0.937500 3.000000 1031.000000 
0.968750 3.000000 1018.000000 
