# Mass = 1.4 Msun 
# R_sp = 12.03683363 km 
# M/R = 0.1717457529
# R/M = 5.822560285
#alpha #b/R #psi #dcosalpha/dcospsi #toa*C/R
0 0 0 0.6565084942 0 
0.009000121504 0.01110765378 0.01110782336 0.6565084942 6.169148557e-05 
0.01800097214 0.02221530757 0.02221666431 0.6565084943 0.0002467827259 
0.02700328158 0.03332296135 0.03332754125 0.6565084948 0.0005553249681 
0.03600778054 0.04443061513 0.04444147411 0.6565084962 0.0009874021274 
0.04501520136 0.05553826891 0.05555948517 0.6565084992 0.001543133789 
0.0540262785 0.0666459227 0.06668259985 0.6565085045 0.002222673091 
0.06304174911 0.07775357648 0.0778118475 0.6565085133 0.003026209895 
0.07206235357 0.08886123026 0.0889482622 0.6565085268 0.003953963223 
0.08108883603 0.09996888405 0.1000928836 0.6565085465 0.005006190643 
0.09012194501 0.1110765378 0.1112467576 0.6565085741 0.006183186251 
0.09916243393 0.1221841916 0.1224109376 0.6565086113 0.007485278696 
0.1082110617 0.1332918454 0.1335864847 0.6565086604 0.008912831494 
0.1172685934 0.1443994992 0.1447744693 0.6565087236 0.01046624649 
0.1263358006 0.155507153 0.1559759712 0.6565088036 0.01214596188 
0.1354134625 0.1666148067 0.1671920815 0.656508903 0.0139524527 
0.1445023659 0.1777224605 0.1784239024 0.6565090249 0.01588623453 
0.1536033066 0.1888301143 0.1896725491 0.6565091726 0.01794785961 
0.1627170894 0.1999377681 0.2009391504 0.6565093497 0.02013792258 
0.1718445291 0.2110454219 0.2122248497 0.6565095601 0.02245705636 
0.1809864512 0.2221530757 0.2235308061 0.6565098077 0.02490593831 
0.1901436928 0.2332607294 0.2348581955 0.6565100971 0.02748528248 
0.199317103 0.2443683832 0.2462082117 0.656510433 0.0301958517 
0.2085075439 0.255476037 0.2575820676 0.6565108205 0.03303846164 
0.2177158914 0.2665836908 0.2689809966 0.6565112649 0.03601394455 
0.2269430362 0.2776913446 0.2804062536 0.6565117721 0.03912320846 
0.2361898843 0.2887989984 0.2918591162 0.6565123482 0.0423672003 
0.2454573585 0.2999066521 0.3033408865 0.6565129998 0.04574691862 
0.2547463988 0.3110143059 0.3148528924 0.6565137338 0.04926340707 
0.2640579638 0.3221219597 0.3263964888 0.6565145578 0.05291776838 
0.2733930315 0.3332296135 0.3379730597 0.6565154796 0.05671115742 
0.2827526005 0.3443372673 0.3495840193 0.6565165076 0.06064478736 
0.2921376915 0.3554449211 0.3612308143 0.6565176509 0.06471992821 
0.3015493479 0.3665525748 0.3729149251 0.6565189188 0.06893790726 
0.3109886376 0.3776602286 0.3846378684 0.6565203216 0.07330012078 
0.320456654 0.3887678824 0.3964011986 0.65652187 0.0778080257 
0.3299545178 0.3998755362 0.4082065105 0.6565235753 0.08246314918 
0.3394833782 0.41098319 0.4200554412 0.6565254499 0.0872670884 
0.3490444144 0.4220908438 0.4319496724 0.6565275065 0.09222151023 
0.3586388379 0.4331984975 0.4438909334 0.656529759 0.09732816083 
0.3682678934 0.4443061513 0.4558810033 0.6565322218 0.1025888672 
0.3779328616 0.4554138051 0.4679217141 0.6565349107 0.1080055389 
0.3876350605 0.4665214589 0.4800149536 0.6565378422 0.113580167 
0.3973758477 0.4776291127 0.4921626689 0.6565410338 0.1193148389 
0.4071566231 0.4887367665 0.5043668692 0.6565445044 0.1252117367 
0.4169788306 0.4998444202 0.5166296302 0.656548274 0.1312731431 
0.4268439613 0.510952074 0.5289530975 0.6565523639 0.1375014387 
0.4367535559 0.5220597278 0.5413394908 0.6565567968 0.1438991208 
0.4467092078 0.5331673816 0.5537911087 0.6565615972 0.1504687994 
0.4567125661 0.5442750354 0.5663103329 0.6565667908 0.1572132092 
0.466765339 0.5553826891 0.5788996339 0.6565724055 0.1641352054 
0.4768692977 0.5664903429 0.5915615759 0.6565784709 0.1712377856 
0.4870262797 0.5775979967 0.6042988234 0.6565850186 0.1785240892 
0.4972381935 0.5887056505 0.6171141468 0.6565920828 0.1859974013 
0.5075070228 0.5998133043 0.6300104297 0.6565996997 0.1936611699 
0.5178348316 0.6109209581 0.6429906763 0.6566079084 0.2015190152 
0.5282237692 0.6220286118 0.6560580193 0.6566167509 0.2095747286 
0.5386760757 0.6331362656 0.6692157282 0.656626272 0.2178322997 
0.5491940886 0.6442439194 0.6824672194 0.6566365202 0.2262959179 
0.5597802491 0.6553515732 0.6958160656 0.6566475476 0.234969985 
0.5704371094 0.666459227 0.7092660077 0.6566594103 0.2438591361 
0.5811673406 0.6775668808 0.7228209659 0.6566721688 0.2529682545 
0.5919737412 0.6886745345 0.7364850536 0.6566858885 0.2623024765 
0.6028592464 0.6997821883 0.7502625917 0.6567006398 0.2718672311 
0.6138269384 0.7108898421 0.7641581238 0.6567164992 0.2816682371 
0.6248800578 0.7219974959 0.7781764342 0.6567335495 0.2917115444 
0.6360220153 0.7331051497 0.7923225665 0.6567518805 0.3020035521 
0.647256406 0.7442128035 0.8066018444 0.6567715896 0.3125510351 
0.6585870237 0.7553204572 0.8210198953 0.656792783 0.3233611538 
0.6700178779 0.766428111 0.8355826752 0.6568155761 0.3344415269 
0.6815532116 0.7775357648 0.8502964976 0.6568400952 0.3458002431 
0.6931975219 0.7886434186 0.8651680648 0.6568664778 0.3574459064 
0.7049555825 0.7997510724 0.8802045029 0.6568948749 0.3693876732 
0.7168324688 0.8108587262 0.895413401 0.6569254519 0.3816353195 
0.7288335864 0.8219663799 0.9108028556 0.6569583903 0.394199278 
0.7409647022 0.8330740337 0.9263815192 0.6569938903 0.4070907204 
0.7532319805 0.8441816875 0.9421586567 0.6570321725 0.4203216106 
0.7656420232 0.8552893413 0.958144208 0.6570734808 0.4339048028 
0.778201915 0.8663969951 0.9743488593 0.6571180855 0.4478541152 
0.7909192756 0.8775046489 0.9907841248 0.6571662867 0.4621844522 
0.8038023189 0.8886123026 1.007462439 0.657218419 0.4769119033 
0.8168599207 0.8997199564 1.024397265 0.6572748555 0.4920539003 
0.8301016968 0.9108276102 1.041603215 0.6573360146 0.5076293527 
0.8435380932 0.921935264 1.059096195 0.6574023661 0.5236588486 
0.8571804914 0.9330429178 1.076893568 0.6574744396 0.5401648492 
0.8710413304 0.9441505716 1.095014352 0.6575528343 0.5571719478 
0.8851342512 0.9552582253 1.113479443 0.6576382305 0.5747071445 
0.8994742662 0.9663658791 1.132311888 0.6577314039 0.5928002071 
0.914077962 0.9774735329 1.151537205 0.6578332431 0.6114840556 
0.9289637414 0.9885811867 1.17118377 0.6579447704 0.6307952702 
0.9441521152 0.9996888405 1.19128328 0.6580671683 0.6507746585 
0.9596660576 1.010796494 1.211871319 0.6582018123 0.6714679887 
0.9755314428 1.021904148 1.232988061 0.6583503124 0.6929268592 
0.9917775848 1.033011802 1.25467913 0.6585145654 0.715209762 
1.008437915 1.044119456 1.276996686 0.6586968229 0.7383834899 
1.02555084 1.055227109 1.30000081 0.6588997797 0.7625248304 
1.043160845 1.066334763 1.323761269 0.6591266905 0.7877227966 
1.061319932 1.077442417 1.348359846 0.6593815271 0.8140815051 
1.080089527 1.088550071 1.373893411 0.6596691923 0.841724021 
1.099543058 1.099657725 1.400478096 0.6599958191 0.8707975193 
1.119769515 1.110765378 1.428255068 0.6603691961 0.9014804269 
1.120917956 1.11138247 1.429836507 0.6603914991 0.9032364045 
1.122069134 1.111999562 1.431422188 0.6604139787 0.9049980555 
1.123223071 1.112616654 1.433012142 0.6604366367 0.9067654232 
1.124379789 1.113233746 1.434606404 0.6604594754 0.9085385495 
1.125539308 1.113850838 1.436205009 0.6604824966 0.9103174784 
1.126701652 1.11446793 1.437807992 0.6605057026 0.9121022543 
1.127866843 1.115085021 1.439415388 0.6605290953 0.9138929227 
1.129034903 1.115702113 1.441027235 0.6605526771 0.9156895276 
1.130205854 1.116319205 1.442643567 0.6605764501 0.9174921152 
1.131379721 1.116936297 1.444264423 0.6606004165 0.9193007343 
1.132556527 1.117553389 1.445889839 0.6606245785 0.9211154288 
1.133736295 1.118170481 1.447519855 0.6606489386 0.9229362469 
1.13491905 1.118787573 1.449154508 0.660673499 0.9247632379 
1.136104817 1.119404665 1.450793837 0.6606982621 0.9265964508 
1.137293619 1.120021756 1.452437882 0.6607232303 0.9284359352 
1.138485482 1.120638848 1.454086683 0.6607484061 0.9302817422 
1.139680432 1.12125594 1.455740282 0.660773792 0.9321339219 
1.140878495 1.121873032 1.457398718 0.6607993904 0.9339925262 
1.142079696 1.122490124 1.459062035 0.6608252041 0.9358576078 
1.143284062 1.123107216 1.460730274 0.6608512356 0.9377292208 
1.14449162 1.123724308 1.462403478 0.6608774876 0.9396074174 
1.145702398 1.1243414 1.464081692 0.6609039628 0.9414922533 
1.146916422 1.124958491 1.465764959 0.6609306639 0.9433837838 
1.148133722 1.125575583 1.467453324 0.6609575938 0.9452820659 
1.149354325 1.126192675 1.469146833 0.6609847554 0.9471871556 
1.150578261 1.126809767 1.470845532 0.6610121514 0.9490991111 
1.151805558 1.127426859 1.472549469 0.661039785 0.9510179911 
1.153036247 1.128043951 1.47425869 0.661067659 0.9529438559 
1.154270358 1.128661043 1.475973243 0.6610957766 0.9548767646 
1.155507921 1.129278135 1.477693179 0.6611241408 0.9568167792 
1.156748967 1.129895226 1.479418546 0.6611527549 0.958763962 
1.157993527 1.130512318 1.481149395 0.661181622 0.960718377 
1.159241635 1.13112941 1.482885778 0.6612107455 0.9626800863 
1.160493322 1.131746502 1.484627746 0.6612401287 0.964649156 
1.16174862 1.132363594 1.486375352 0.6612697749 0.966625652 
1.163007565 1.132980686 1.48812865 0.6612996877 0.9686096414 
1.164270189 1.133597778 1.489887694 0.6613298706 0.9706011931 
1.165536527 1.13421487 1.49165254 0.6613603271 0.9726003766 
1.166806614 1.134831961 1.493423243 0.661391061 0.9746072586 
1.168080485 1.135449053 1.495199861 0.6614220759 0.9766219127 
1.169358178 1.136066145 1.496982453 0.6614533757 0.9786444115 
1.170639727 1.136683237 1.498771076 0.6614849642 0.9806748273 
1.171925172 1.137300329 1.50056579 0.6615168454 0.9827132354 
1.173214549 1.137917421 1.502366657 0.6615490233 0.9847597117 
1.174507897 1.138534513 1.504173738 0.661581502 0.9868143338 
1.175805255 1.139151605 1.505987096 0.6616142856 0.988877179 
1.177106663 1.139768697 1.507806795 0.6616473785 0.9909483273 
1.178412162 1.140385788 1.5096329 0.6616807848 0.9930278592 
1.179721791 1.14100288 1.511465476 0.6617145092 0.995115858 
1.181035594 1.141619972 1.513304592 0.6617485561 0.9972124057 
1.182353612 1.142237064 1.515150314 0.66178293 0.999317588 
1.183675889 1.142854156 1.517002714 0.6618176357 1.001431491 
1.185002469 1.143471248 1.51886186 0.661852678 1.003554204 
1.186333395 1.14408834 1.520727825 0.6618880617 1.005685814 
1.187668715 1.144705432 1.522600682 0.6619237919 1.007826412 
1.189008473 1.145322523 1.524480506 0.6619598735 1.009976092 
1.190352716 1.145939615 1.526367372 0.6619963119 1.012134948 
1.191701494 1.146556707 1.528261357 0.6620331123 1.014303074 
1.193054853 1.147173799 1.530162539 0.6620702801 1.016480568 
1.194412844 1.147790891 1.532070999 0.6621078208 1.018667529 
1.195775518 1.148407983 1.533986817 0.6621457401 1.020864058 
1.197142925 1.149025075 1.535910076 0.6621840437 1.023070258 
1.198515118 1.149642167 1.537840861 0.6622227375 1.025286233 
1.199892149 1.150259258 1.539779257 0.6622618275 1.027512088 
1.201274074 1.15087635 1.541725351 0.6623013199 1.029747933 
1.202660947 1.151493442 1.543679233 0.662341221 1.031993879 
1.204052825 1.152110534 1.545640994 0.662381537 1.034250038 
1.205449765 1.152727626 1.547610725 0.6624222747 1.036516522 
1.206851825 1.153344718 1.549588521 0.6624634406 1.038793448 
1.208259065 1.15396181 1.551574479 0.6625050417 1.041080937 
1.209671545 1.154578902 1.553568696 0.6625470849 1.043379109 
1.211089327 1.155195993 1.555571272 0.6625895775 1.045688086 
1.212512475 1.155813085 1.557582308 0.6626325266 1.048007996 
1.213941052 1.156430177 1.559601909 0.6626759399 1.050338967 
1.215375125 1.157047269 1.561630181 0.662719825 1.052681129 
1.21681476 1.157664361 1.563667231 0.6627641898 1.055034614 
1.218260025 1.158281453 1.565713171 0.6628090423 1.057399561 
1.21971099 1.158898545 1.567768112 0.6628543907 1.059776107 
1.221167726 1.159515637 1.56983217 0.6629002434 1.062164394 
1.222630306 1.160132728 1.571905462 0.6629466092 1.064564567 
1.224098803 1.16074982 1.573988108 0.6629934967 1.066976772 
1.225573293 1.161366912 1.57608023 0.6630409151 1.069401161 
1.227053854 1.161984004 1.578181953 0.6630888737 1.071837888 
1.228540565 1.162601096 1.580293405 0.6631373819 1.074287108 
1.230033505 1.163218188 1.582414716 0.6631864496 1.076748983 
1.231532758 1.16383528 1.58454602 0.6632360867 1.079223677 
1.233038407 1.164452372 1.586687454 0.6632863034 1.081711357 
1.234550538 1.165069463 1.588839156 0.6633371103 1.084212193 
1.23606924 1.165686555 1.591001269 0.6633885182 1.08672636 
1.237594603 1.166303647 1.593173939 0.6634405381 1.089254039 
1.239126718 1.166920739 1.595357315 0.6634931813 1.09179541 
1.240665679 1.167537831 1.59755155 0.6635464597 1.094350661 
1.242211583 1.168154923 1.5997568 0.6636003851 1.096919983 
1.243764529 1.168772015 1.601973225 0.6636549698 1.099503572 
1.245324617 1.169389107 1.604200989 0.6637102264 1.10210163 
1.246891951 1.170006198 1.606440259 0.663766168 1.104714356 
1.248466636 1.17062329 1.608691207 0.6638228079 1.107341964 
1.250048781 1.171240382 1.61095401 0.6638801598 1.109984668 
1.251638497 1.171857474 1.613228847 0.6639382378 1.112642687 
1.253235898 1.172474566 1.615515903 0.6639968712 1.11564786 
1.254841099 1.173091658 1.617815369 0.6640564414 1.118344023 
1.256454222 1.17370875 1.620127438 0.6641167824 1.121056385 
1.258075389 1.174325842 1.62245231 0.6641779099 1.123785199 
1.259704725 1.174942933 1.62479019 0.6642398402 1.12653072 
1.26134236 1.175560025 1.627141288 0.6643025901 1.129293212 
1.262988426 1.176177117 1.629505819 0.6643661768 1.132072944 
1.264643059 1.176794209 1.631884004 0.6644306181 1.134870192 
1.2663064 1.177411301 1.634276073 0.6644959324 1.137685241 
1.267978591 1.178028393 1.636682257 0.6645621385 1.140518385 
1.269659781 1.178645485 1.639102798 0.6646292559 1.143369922 
1.271350121 1.179262577 1.641537942 0.6646973048 1.146240166 
1.273049767 1.179879669 1.643987944 0.6647663058 1.149129428 
1.274758879 1.18049676 1.646453064 0.6648362804 1.152038037 
1.276477622 1.181113852 1.648933572 0.6649072508 1.15496633 
1.278206167 1.181730944 1.651429745 0.6649792397 1.157914652 
1.279944688 1.182348036 1.653941868 0.6650522709 1.160883362 
1.281693365 1.182965128 1.656470235 0.6651263686 1.163872823 
1.283452384 1.18358222 1.659015147 0.6652015582 1.166883415 
1.285221936 1.184199312 1.661576918 0.6652778658 1.169915528 
1.287002218 1.184816404 1.664155869 0.6653553185 1.172969563 
1.288793433 1.185433495 1.666752332 0.6654339441 1.176045936 
1.290595792 1.186050587 1.669366649 0.6655137717 1.179145072 
1.29240951 1.186667679 1.671999174 0.6655948313 1.182267415 
1.294234812 1.187284771 1.674650273 0.6656771541 1.18541342 
1.296071929 1.187901863 1.677320322 0.6657607724 1.188583559 
1.297921099 1.188518955 1.680009713 0.6658457196 1.191778317 
1.299782569 1.189136047 1.682718848 0.6659320305 1.194998199 
1.301656594 1.189753139 1.685448145 0.6660197413 1.198243725 
1.303543439 1.19037023 1.688198036 0.6661088895 1.201515435 
1.305443377 1.190987322 1.690968969 0.666199514 1.204813886 
1.307356692 1.191604414 1.693761408 0.6662916555 1.208139658 
1.309283678 1.192221506 1.696575833 0.6663853561 1.211493348 
1.311224638 1.192838598 1.699412742 0.6664806598 1.214875579 
1.31317989 1.19345569 1.702272653 0.6665776123 1.218286996 
1.31514976 1.194072782 1.705156104 0.6666762614 1.221728269 
1.317134591 1.194689874 1.708063653 0.6667766568 1.225200093 
1.319134735 1.195306965 1.710995879 0.6668788505 1.228703191 
1.321150562 1.195924057 1.713953386 0.6669828966 1.232238314 
1.323182453 1.196541149 1.716936802 0.6670888517 1.235806245 
1.325230809 1.197158241 1.719946781 0.6671967752 1.239407801 
1.327296045 1.197775333 1.722984006 0.6673067289 1.243043827 
1.329378594 1.198392425 1.726049186 0.6674187777 1.24671521 
1.331478908 1.199009517 1.729143063 0.6675329896 1.250422873 
1.33359746 1.199626609 1.732266412 0.6676494358 1.254167782 
1.335734742 1.2002437 1.735420044 0.667768191 1.257950946 
1.337891271 1.200860792 1.738604804 0.6678893339 1.261773414 
1.340067586 1.201477884 1.741821579 0.6680129468 1.265636292 
1.342264253 1.202094976 1.745071298 0.6681391166 1.269540735 
1.344481864 1.202712068 1.748354934 0.6682679346 1.273487956 
1.346721041 1.20332916 1.751673511 0.6683994973 1.277479226 
1.348982439 1.203946252 1.755028101 0.6685339061 1.281515879 
1.351266743 1.204563344 1.758419834 0.6686712683 1.28559932 
1.353574676 1.205180435 1.761849899 0.6688116973 1.289731027 
1.355907 1.205797527 1.765319547 0.668955313 1.293912558 
1.358264518 1.206414619 1.768830101 0.6691022426 1.298145556 
1.360648078 1.207031711 1.772382955 0.6692526209 1.302431752 
1.363058577 1.207648803 1.775979586 0.6694065908 1.306772983 
1.365496963 1.208265895 1.779621555 0.6695643047 1.311171189 
1.367964243 1.208882987 1.783310518 0.6697259245 1.315628428 
1.370461484 1.209500079 1.787048235 0.6698916229 1.320146884 
1.372989822 1.21011717 1.790836574 0.6700615843 1.324728879 
1.375550464 1.210734262 1.794677526 0.6702360061 1.329376884 
1.378144699 1.211351354 1.798573213 0.6704150993 1.334093536 
1.380773903 1.211968446 1.802525903 0.6705990906 1.33888165 
1.383439548 1.212585538 1.806538022 0.6707882235 1.34374424 
1.386143213 1.21320263 1.810612174 0.6709827605 1.348684533 
1.388886593 1.213819722 1.814751152 0.6711829845 1.353705998 
1.391671512 1.214436814 1.818957967 0.6713892014 1.358812372 
1.39449994 1.215053905 1.823235864 0.671601743 1.36400768 
1.397374006 1.215670997 1.827588355 0.6718209694 1.369296281 
1.400296017 1.216288089 1.832019248 0.6720472729 1.374682895 
1.403268483 1.216905181 1.83653268 0.6722810818 1.380172655 
1.406294139 1.217522273 1.841133164 0.6725228651 1.385771157 
1.409375977 1.218139365 1.845825634 0.672773138 1.391484519 
1.412517277 1.218756457 1.850615504 0.6730324679 1.39731945 
1.415721654 1.219373549 1.855508734 0.6733014827 1.403283342 
1.418993102 1.21999064 1.860511912 0.673580879 1.409384359 
1.422336056 1.220607732 1.865632352 0.6738714334 1.415631564 
1.425755459 1.221224824 1.870878204 0.6741740151 1.422035055 
1.429256853 1.221841916 1.876258602 0.674489602 1.428606147 
1.432846482 1.222459008 1.881783832 0.6748192998 1.435357584 
1.436531421 1.2230761 1.88746555 0.6751643659 1.4423038 
1.440319746 1.223693192 1.893317045 0.6755262395 1.449461257 
1.444220741 1.224310284 1.899353586 0.6759065789 1.45684886 
1.448245164 1.224927376 1.905592849 0.6763073103 1.464488494 
1.452405601 1.225544467 1.912055492 0.6767306896 1.472405733 
1.456716934 1.226161559 1.918765896 0.6771793851 1.480630759 
1.461196969 1.226778651 1.925753182 0.6776565866 1.489199615 
1.465867312 1.227395743 1.933052599 0.6781661551 1.498155927 
1.470754613 1.228012835 1.94070748 0.6787128295 1.507553319 
1.475892385 1.228629927 1.948940236 0.6793478879 1.517458936 
1.481323767 1.229247019 1.957516761 0.679998351 1.527958708 
1.487105902 1.229864111 1.966675512 0.6807130287 1.539165557 
1.493317282 1.230481202 1.976547264 0.6815072613 1.55123284 
1.500070909 1.231098294 1.987320326 0.682403281 1.564377675 
1.507540228 1.231715386 1.999283731 0.6834354444 1.578924666 
1.516017222 1.232332478 2.012923922 0.6846620091 1.595396511 
1.52607124 1.23294957 2.029188492 0.6861975476 1.614729846 
1.539172232 1.233566662 2.05051408 0.6883427842 1.638908377 
1.570796327 1.234183754 2.10011521 0.6942076158 1.706238163 
