0 -1.30369
1 -1.26989
2 -1.23607
3 -1.20227
4 -1.16848
5 -1.13467
6 -1.10087
7 -1.06707
8 -1.03326
9 -0.99947
10 -0.96566
11 -0.93186
12 -0.89806
13 -0.86426
14 -0.83046
15 -0.79665
16 -0.76285
17 -0.72905
18 -0.69524
19 -0.66144
20 -0.62764
21 -0.59384
22 -0.56003
23 -0.52623
24 -0.49243
25 -0.45863
26 -0.42483
27 -0.39103
28 -0.35723
29 -0.32342
30 -0.28962
31 -0.25582
32 -0.22202
33 -0.1882
34 -0.15441
35 -0.12061
36 -0.08682
37 -0.053
38 -0.01921
39 0.0146
40 0.04841
41 0.0822
42 0.11601
43 0.14981
44 0.18361
45 0.21742
46 0.25121
47 0.28502
48 0.31882
49 0.35262
50 0.38643
51 0.42023
52 0.45403
53 0.48783
54 0.52163
55 0.55543
56 0.58922
57 0.62304
58 0.65683
59 0.69065
60 0.72443
61 0.75824
62 0.79205
63 0.82584
64 0.85965
65 0.89345
66 0.92725
67 0.96106
68 0.99486
69 1.02867
70 1.06247
71 1.09626
72 1.13008
73 1.16387
74 1.19768
75 1.23148
76 1.26528
77 1.29908
78 1.33288
79 1.36669
80 1.40048
81 1.43429
82 1.46809
83 1.50189
84 1.5357
85 1.5695
86 1.60331
87 1.63708
88 1.6709
89 1.7047
90 1.73851
91 1.77231
92 1.80612
93 1.8399
94 1.87371
95 1.90753
96 1.94133
97 1.97511
98 2.00893
99 2.04273
