0 87128 295.175 79132 281.304 70913 266.295 63607 252.204 56287 237.249 49328 222.099 42978 207.311 38023 194.995 32990 181.631 28572 169.033 24685 157.115 21231 145.709 18096 134.521 15698 125.292 13372 115.637 11362 106.593 9668 98.326 8250 90.8295 6923 83.2046 6071 77.9166 5076 71.2461 4355 65.9924 3673 60.6053 3047 55.1996 2695 51.9134 2127 46.1194 1845 42.9535 1553 39.4081 1301 36.0694 1096 33.1059 
0.0625 84041 289.898 75805 275.327 67281 259.386 60207 245.371 53209 230.671 46802 216.338 41049 202.606 35368 188.064 30540 174.757 26405 162.496 22667 150.556 19865 140.943 16557 128.674 14064 118.592 11990 109.499 10052 100.26 8734 93.4559 7346 85.7088 6169 78.543 5035 70.9577 4445 66.6708 3622 60.1831 3147 56.0981 2532 50.319 2141 46.2709 1837 42.8602 1505 38.7943 1244 35.2704 1097 33.121 857 29.2746 
0.125 80335 283.434 72753 269.728 64575 254.116 57577 239.952 50849 225.497 44208 210.257 38523 196.273 33535 183.126 29158 170.757 24794 157.461 21488 146.588 18078 134.454 15334 123.831 13126 114.569 11090 105.309 9270 96.2808 7966 89.2525 6666 81.6456 5576 74.6726 4668 68.3228 3943 62.7933 3310 57.5326 2764 52.5738 2266 47.6025 1913 43.7379 1587 39.8372 1341 36.6197 1161 34.0735 941 30.6757 786 28.0357 
0.1875 77779 278.889 70097 264.758 62408 249.816 56044 236.736 48506 220.241 42492 206.136 36950 192.224 32057 179.045 27657 166.304 23690 153.916 20170 142.021 17226 131.248 14632 120.963 12359 111.171 10590 102.908 8867 94.1647 7420 86.1394 6351 79.6932 5278 72.6498 4593 67.7717 3816 61.7738 2991 54.69 2500 50 2060 45.3872 1780 42.19 1424 37.7359 1206 34.7275 1022 31.9687 807 28.4077 648 25.4558 
0.25 76720 276.984 67946 260.665 60911 246.802 54480 233.41 47126 217.085 40995 202.472 35950 189.605 31068 176.261 26609 163.123 22752 150.838 19628 140.1 16660 129.074 14111 118.79 12124 110.109 9973 99.8649 8548 92.4554 7159 84.6109 5905 76.844 4986 70.6116 4291 65.5057 3510 59.2453 2924 54.074 2529 50.2892 1985 44.5533 1657 40.7063 1349 36.7287 1144 33.8231 978 31.273 743 27.258 673 25.9422 
0.3125 74981 273.827 66787 258.432 59613 244.158 52863 229.92 46414 215.439 40518 201.291 35192 187.595 30485 174.6 26232 161.963 22369 149.563 19410 139.32 16347 127.855 13563 116.46 11611 107.754 9777 98.8787 8287 91.033 6809 82.5167 5773 75.9803 4863 69.7352 4081 63.8827 3481 59 2827 53.1695 2374 48.7237 2003 44.7549 1533 39.1535 1320 36.3318 1068 32.6803 955 30.9031 783 27.9821 622 24.9399 
0.375 74002 272.033 66305 257.498 59178 243.265 52189 228.449 45837 214.096 40500 201.246 34538 185.844 30201 173.784 25723 160.384 22039 148.455 19169 138.452 15873 125.988 13568 116.482 11536 107.406 9706 98.519 8066 89.8109 6836 82.6801 5746 75.8024 4782 69.152 3981 63.0952 3384 58.1722 2772 52.6498 2239 47.3181 1952 44.1814 1596 39.95 1303 36.0971 1109 33.3017 926 30.4302 760 27.5681 569 23.8537 
0.4375 73593 271.28 66167 257.229 58793 242.473 51976 227.982 45459 213.211 39778 199.444 34574 185.941 29754 172.493 25795 160.608 22341 149.469 18709 136.781 16195 127.26 13758 117.295 11346 106.518 9600 97.9796 8124 90.1332 6809 82.5167 5574 74.6592 4725 68.7386 3924 62.6418 3257 57.0701 2837 53.2635 2263 47.571 1930 43.9318 1630 40.3733 1338 36.5787 1127 33.5708 960 30.9839 765 27.6586 569 23.8537 
0.5 73333 270.801 66492 257.86 59042 242.986 51958 227.943 45912 214.271 39986 199.965 34488 185.709 29913 172.954 25904 160.947 21890 147.953 18683 136.686 15914 126.151 13534 116.336 11138 105.537 9418 97.0464 8156 90.3106 6608 81.2896 5633 75.0533 4903 70.0214 4093 63.9766 3306 57.4978 2707 52.0288 2245 47.3814 1939 44.0341 1540 39.2428 1293 35.9583 1087 32.9697 878 29.6311 695 26.3629 607 24.6374 
0.5625 73361 270.852 65858 256.628 58809 242.506 51852 227.71 45591 213.52 40027 200.067 34447 185.599 29851 172.774 25308 159.085 21665 147.19 18901 137.481 15887 126.044 13320 115.412 11544 107.443 9618 98.0714 8044 89.6883 6856 82.801 5718 75.6175 4833 69.5198 4023 63.4271 3387 58.1979 2786 52.7826 2308 48.0416 1882 43.382 1554 39.4208 1310 36.1939 1107 33.2716 910 30.1662 715 26.7395 647 25.4362 
0.625 73524 271.153 65896 256.702 58698 242.277 51883 227.778 45699 213.773 39841 199.602 34762 186.446 29835 172.728 25950 161.09 22042 148.465 18996 137.826 15843 125.869 13521 116.28 11354 106.555 9606 98.0102 8078 89.8777 6740 82.0975 5843 76.4395 4818 69.4118 3898 62.434 3265 57.1402 2763 52.5642 2257 47.5079 1845 42.9535 1526 39.064 1262 35.5246 1090 33.0151 879 29.6479 747 27.3313 610 24.6982 
0.6875 74982 273.828 67251 259.328 60016 244.982 53034 230.291 46424 215.462 40666 201.658 35152 187.489 30583 174.88 26341 162.299 22561 150.203 19250 138.744 16523 128.542 14166 119.021 11942 109.279 10125 100.623 8380 91.5423 7090 84.2021 6023 77.608 5034 70.9507 4241 65.123 3595 59.9583 2936 54.1849 2591 50.9019 2057 45.3542 1813 42.5793 1501 38.7427 1182 34.3802 992 31.496 884 29.7321 757 27.5136 
0.75 78890 280.874 70303 265.147 63533 252.058 56267 237.207 50312 224.303 43907 209.54 38664 196.632 33271 182.403 29177 170.813 25575 159.922 21705 147.326 18733 136.869 16305 127.691 13798 117.465 11876 108.977 10006 100.03 8531 92.3634 7386 85.9418 6403 80.0187 5209 72.1734 4571 67.6092 3823 61.8304 3242 56.9386 2851 53.3948 2378 48.7647 2042 45.1885 1722 41.497 1524 39.0384 1289 35.9026 1012 31.8119 
0.8125 84853 291.295 76924 277.352 69080 262.831 61730 248.455 54854 234.209 48993 221.344 42843 206.986 37513 193.683 32731 180.917 28338 168.339 24808 157.506 21519 146.694 18476 135.926 16271 127.558 13899 117.894 12110 110.045 10380 101.882 8916 94.4246 7738 87.9659 6511 80.6908 5727 75.6769 4922 70.157 4173 64.5988 3632 60.2661 3088 55.5698 2695 51.9134 2292 47.8748 1913 43.7379 1638 40.4722 1448 38.0526 
0.875 88579 297.622 80978 284.566 72555 269.36 65197 255.337 58130 241.102 51363 226.634 45463 213.221 39748 199.369 34730 186.36 30615 174.971 26813 163.747 23149 152.148 19979 141.347 17360 131.757 14942 122.237 13119 114.538 11162 105.65 9654 98.2548 8265 90.912 7034 83.8689 6031 77.6595 5249 72.45 4529 67.2978 3778 61.4654 3389 58.2151 2894 53.7959 2470 49.6991 2155 46.422 1790 42.3084 1564 39.5474 
0.9375 89466 299.109 81186 284.932 73136 270.437 64960 254.873 58258 241.367 51415 226.749 45297 212.831 39948 199.87 34970 187.003 30082 173.442 26318 162.228 22671 150.569 19643 140.153 16848 129.8 14472 120.3 12582 112.17 10788 103.865 9275 96.3068 7954 89.1852 6671 81.6762 5645 75.1332 4895 69.9643 4189 64.7225 3621 60.1747 3050 55.2268 2655 51.5267 2159 46.465 1929 43.9204 1632 40.398 1321 36.3456 
