0 0.00275709 0 0.0027572 0
0.0078125 0.00273997 0.0078125 0.00274011 1
0.015625 0.00271954 0.015625 0.00271971 2
0.0234375 0.00269585 0.0234375 0.00269604 3
0.03125 0.00266895 0.03125 0.00266916 4
0.0390625 0.0026389 0.0390625 0.00263914 5
0.046875 0.00260579 0.046875 0.00260606 6
0.0546875 0.00256968 0.0546875 0.00256998 7
0.0625 0.00253068 0.0625 0.002531 8
0.0703125 0.00248887 0.0703125 0.00248921 9
0.078125 0.00244435 0.078125 0.00244472 10
0.0859375 0.00239724 0.0859375 0.00239762 11
0.09375 0.00234764 0.09375 0.00234804 12
0.101562 0.00229567 0.101562 0.00229609 13
0.109375 0.00224146 0.109375 0.0022419 14
0.117188 0.00218514 0.117188 0.0021856 15
0.125 0.00212683 0.125 0.00212731 16
0.132812 0.00206668 0.132812 0.00206717 17
0.140625 0.00200484 0.140625 0.00200534 18
0.148438 0.00194144 0.148438 0.00194195 19
0.15625 0.00187663 0.15625 0.00187716 20
0.164062 0.00181056 0.164062 0.0018111 21
0.171875 0.00174339 0.171875 0.00174393 22
0.179688 0.00167527 0.179688 0.00167582 23
0.1875 0.00160636 0.1875 0.00160692 24
0.195312 0.00153682 0.195312 0.00153738 25
0.203125 0.00146679 0.203125 0.00146736 26
0.210938 0.00139645 0.210938 0.00139702 27
0.21875 0.00132594 0.21875 0.00132652 28
0.226562 0.00125543 0.226562 0.001256 29
0.234375 0.00118492 0.234375 0.00118549 30
0.242188 0.00111483 0.242188 0.0011154 31
0.25 0.00104518 0.25 0.00104575 32
0.257812 0.000976139 0.257812 0.0009767 33
0.265625 0.000907842 0.265625 0.000908397 34
0.273438 0.000840437 0.273438 0.000840984 35
0.28125 0.000774066 0.28125 0.000774605 36
0.289062 0.000708868 0.289062 0.000709397 37
0.296875 0.000644976 0.296875 0.000645494 38
0.304688 0.000582517 0.304688 0.000583024 39
0.3125 0.000521608 0.3125 0.000522102 40
0.320312 0.000462281 0.320312 0.000462763 41
0.328125 0.000404819 0.328125 0.000405285 42
0.335938 0.000350171 0.335938 0.000350614 43
0.34375 0.000298257 0.34375 0.000298679 44
0.351562 0.00024916 0.351562 0.000249558 45
0.359375 0.000202977 0.359375 0.000203352 46
0.367188 0.000159872 0.367188 0.000160221 47
0.375 0.000120223 0.375 0.000120545 48
0.382812 8.5141e-05 0.382812 8.54257e-05 49
0.390625 5.75714e-05 0.390625 5.75546e-05 50
0.398438 4.95261e-07 0.398438 0 51
0.40625 2.56132e-06 0.40625 0 52
0.414062 0 0.414062 0 53
0.421875 0 0.421875 0 54
0.429688 0 0.429688 0 55
0.4375 0 0.4375 0 56
0.445312 0 0.445312 0 57
0.453125 0 0.453125 0 58
0.460938 0 0.460938 0 59
0.46875 0 0.46875 0 60
0.476562 0 0.476562 0 61
0.484375 0 0.484375 0 62
0.492188 0 0.492188 0 63
0.5 0 0.5 0 64
0.507812 0 0.507812 0 65
0.515625 0 0.515625 0 66
0.523438 2.04769e-06 0.523438 0 67
0.53125 0 0.53125 1.66204e-08 68
0.539062 5.67077e-05 0.539062 5.62475e-05 69
0.546875 8.44232e-05 0.546875 8.41982e-05 70
0.554688 0.000119402 0.554688 0.000119118 71
0.5625 0.000159009 0.5625 0.000158687 72
0.570312 0.0002021 0.570312 0.00020175 73
0.578125 0.000248285 0.578125 0.00024791 74
0.585938 0.000297397 0.585938 0.000296998 75
0.59375 0.000349336 0.59375 0.000348915 76
0.601562 0.00040402 0.601562 0.000403577 77
0.609375 0.000461536 0.609375 0.000461069 78
0.617188 0.000520939 0.617188 0.000520457 79
0.625 0.000581932 0.625 0.000581437 80
0.632812 0.000644482 0.632812 0.000643974 81
0.640625 0.000708472 0.640625 0.000707953 82
0.648438 0.000773775 0.648438 0.000773245 83
0.65625 0.000840255 0.65625 0.000839715 84
0.664062 0.000907774 0.664062 0.000907226 85
0.671875 0.000976188 0.671875 0.000975633 86
0.679688 0.00104535 0.679688 0.00104479 87
0.6875 0.00111512 0.6875 0.00111455 88
0.695312 0.00118533 0.695312 0.00118476 89
0.703125 0.00125596 0.703125 0.00125539 90
0.710938 0.0013266 0.710938 0.00132602 91
0.71875 0.00139722 0.71875 0.00139665 92
0.726562 0.00146768 0.726562 0.0014671 93
0.734375 0.00153781 0.734375 0.00153724 94
0.742188 0.00160745 0.742188 0.00160689 95
0.75 0.00167646 0.75 0.0016759 96
0.757812 0.00174467 0.757812 0.00174411 97
0.765625 0.00181192 0.765625 0.00181137 98
0.773438 0.00187806 0.773438 0.00187752 99
0.78125 0.00194293 0.78125 0.00194241 100
0.789062 0.00200638 0.789062 0.00200587 101
0.796875 0.00206827 0.796875 0.00206777 102
0.804688 0.00212845 0.804688 0.00212797 103
0.8125 0.00218678 0.8125 0.00218631 104
0.820312 0.00224311 0.820312 0.00224265 105
0.828125 0.00229731 0.828125 0.00229687 106
0.835938 0.00234927 0.835938 0.00234884 107
0.84375 0.00239884 0.84375 0.00239844 108
0.851562 0.00244592 0.851562 0.00244554 109
0.859375 0.00249038 0.859375 0.00249002 110
0.867188 0.00253213 0.867188 0.00253179 111
0.875 0.00257106 0.875 0.00257075 112
0.882812 0.00260709 0.882812 0.00260679 113
0.890625 0.00264011 0.890625 0.00263984 114
0.898438 0.00267005 0.898438 0.00266981 115
0.90625 0.00269684 0.90625 0.00269663 116
0.914062 0.00272042 0.914062 0.00272023 117
0.921875 0.00274073 0.921875 0.00274056 118
0.929688 0.00275771 0.929688 0.00275757 119
0.9375 0.00277133 0.9375 0.00277122 120
0.945312 0.00278156 0.945312 0.00278148 121
0.953125 0.00278759 0.953125 0.00278754 122
0.960938 0.00279096 0.960938 0.00279093 123
0.96875 0.00279089 0.96875 0.00279089 124
0.976562 0.00278816 0.976562 0.00278818 125
0.984375 0.00278121 0.984375 0.00278126 126
0.992188 0.00277084 0.992188 0.00277093 127
