1.86926e-05 0.00275775 0 0.00275771 0
0.00783097 0.00277137 0.0078125 0.00277133 1
0.0156433 0.00278158 0.015625 0.00278156 2
0.0234557 0.00278838 0.0234375 0.00278759 3
0.0312681 0.00279175 0.03125 0.00279096 4
0.0390806 0.00279167 0.0390625 0.00279089 5
0.0468932 0.00278815 0.046875 0.00278816 6
0.0547058 0.00278119 0.0546875 0.00278121 7
0.0625185 0.00277082 0.0625 0.00277084 8
0.0703312 0.00275705 0.0703125 0.00275709 9
0.078144 0.00273993 0.078125 0.00273997 10
0.0859568 0.00271949 0.0859375 0.00271954 11
0.0937697 0.00269579 0.09375 0.00269585 12
0.101583 0.00266888 0.101562 0.00266895 13
0.109396 0.00263882 0.109375 0.0026389 14
0.117209 0.0026057 0.117188 0.00260579 15
0.125022 0.00256958 0.125 0.00256968 16
0.132835 0.00253057 0.132812 0.00253068 17
0.140648 0.00248875 0.140625 0.00248887 18
0.148461 0.00244422 0.148438 0.00244435 19
0.156275 0.00239709 0.15625 0.00239724 20
0.164088 0.00234747 0.164062 0.00234764 21
0.171901 0.00229549 0.171875 0.00229567 22
0.179715 0.00224127 0.179688 0.00224146 23
0.187528 0.00218494 0.1875 0.00218514 24
0.195342 0.00212662 0.195312 0.00212683 25
0.203155 0.00206645 0.203125 0.00206668 26
0.210969 0.00200459 0.210938 0.00200484 27
0.218782 0.00194118 0.21875 0.00194144 28
0.226596 0.00187635 0.226562 0.00187663 29
0.23441 0.00181027 0.234375 0.00181056 30
0.242223 0.00174308 0.242188 0.00174339 31
0.250037 0.00167495 0.25 0.00167527 32
0.257851 0.00160603 0.257812 0.00160636 33
0.265664 0.00153647 0.265625 0.00153682 34
0.273478 0.00146643 0.273438 0.00146679 35
0.281292 0.00139607 0.28125 0.00139645 36
0.289106 0.00132555 0.289062 0.00132594 37
0.296919 0.00125503 0.296875 0.00125543 38
0.304733 0.00118451 0.304688 0.00118492 39
0.312547 0.0011144 0.3125 0.00111483 40
0.320361 0.00104475 0.320312 0.00104518 41
0.328175 0.000975701 0.328125 0.000976139 42
0.335988 0.000907397 0.335938 0.000907842 43
0.343802 0.000839987 0.34375 0.000840437 44
0.351616 0.000773613 0.351562 0.000774066 45
0.35943 0.000708412 0.359375 0.000708868 46
0.367243 0.000644519 0.367188 0.000644976 47
0.375057 0.000582061 0.375 0.000582517 48
0.382871 0.000521154 0.382812 0.000521608 49
0.390684 0.00046183 0.390625 0.000462281 50
0.398498 0.000404374 0.398438 0.000404819 51
0.406312 0.00034974 0.40625 0.000350171 52
0.414125 0.000297841 0.414062 0.000298257 53
0.421939 0.000248761 0.421875 0.00024916 54
0.429752 0.000202596 0.429688 0.000202977 55
0.437565 0.000159511 0.4375 0.000159872 56
0.445379 0.000119888 0.445312 0.000120223 57
0.453192 8.48411e-05 0.453125 8.5141e-05 58
0.461005 5.73338e-05 0.460938 5.75714e-05 59
0.468817 0 0.46875 4.95261e-07 60
0.47663 0 0.476562 2.56132e-06 61
0.484442 0 0.484375 0 62
0.492255 0 0.492188 0 63
0.500067 0 0.5 0 64
0.50788 0 0.507812 0 65
0.515692 0 0.515625 0 66
0.523505 0 0.523438 0 67
0.531317 0 0.53125 0 68
0.53913 0 0.539062 0 69
0.546942 0 0.546875 0 70
0.554755 0 0.554688 0 71
0.562567 0 0.5625 0 72
0.57038 0 0.570312 0 73
0.578192 0 0.578125 0 74
0.586005 0 0.585938 0 75
0.593817 0 0.59375 2.04769e-06 76
0.60163 0 0.601562 0 77
0.609442 5.72019e-05 0.609375 5.67077e-05 78
0.617254 8.46582e-05 0.617188 8.44232e-05 79
0.625066 0.000119699 0.625 0.000119402 80
0.632878 0.00015934 0.632812 0.000159009 81
0.640689 0.000202456 0.640625 0.0002021 82
0.648501 0.000248661 0.648438 0.000248285 83
0.656313 0.00029779 0.65625 0.000297397 84
0.664124 0.000349746 0.664062 0.000349336 85
0.671936 0.000404444 0.671875 0.00040402 86
0.679747 0.000461973 0.679688 0.000461536 87
0.687558 0.000521382 0.6875 0.000520939 88
0.69537 0.000582378 0.695312 0.000581932 89
0.703181 0.000644929 0.703125 0.000644482 90
0.710992 0.00070892 0.710938 0.000708472 91
0.718803 0.000774221 0.71875 0.000773775 92
0.726615 0.000840699 0.726562 0.000840255 93
0.734426 0.000908214 0.734375 0.000907774 94
0.742237 0.000976623 0.742188 0.000976188 95
0.750048 0.00104578 0.75 0.00104535 96
0.75786 0.00111554 0.757812 0.00111512 97
0.765671 0.00118574 0.765625 0.00118533 98
0.773482 0.00125637 0.773438 0.00125596 99
0.781293 0.00132699 0.78125 0.0013266 100
0.789104 0.0013976 0.789062 0.00139722 101
0.796916 0.00146804 0.796875 0.00146768 102
0.804727 0.00153816 0.804688 0.00153781 103
0.812538 0.0016078 0.8125 0.00160745 104
0.820349 0.00167679 0.820312 0.00167646 105
0.828161 0.00174498 0.828125 0.00174467 106
0.835972 0.00181222 0.835938 0.00181192 107
0.843783 0.00187834 0.84375 0.00187806 108
0.851595 0.0019432 0.851562 0.00194293 109
0.859406 0.00200664 0.859375 0.00200638 110
0.867218 0.00206851 0.867188 0.00206827 111
0.875029 0.00212868 0.875 0.00212845 112
0.882841 0.00218699 0.882812 0.00218678 113
0.890652 0.00224331 0.890625 0.00224311 114
0.898464 0.00229749 0.898438 0.00229731 115
0.906275 0.00234944 0.90625 0.00234927 116
0.914087 0.002399 0.914062 0.00239884 117
0.921899 0.00244606 0.921875 0.00244592 118
0.929711 0.00249052 0.929688 0.00249038 119
0.937522 0.00253225 0.9375 0.00253213 120
0.945334 0.00257117 0.945312 0.00257106 121
0.953146 0.00260718 0.953125 0.00260709 122
0.960958 0.00264019 0.960938 0.00264011 123
0.96877 0.00267013 0.96875 0.00267005 124
0.976582 0.00269691 0.976562 0.00269684 125
0.984394 0.00272048 0.984375 0.00272042 126
0.992206 0.00274078 0.992188 0.00274073 127
