1 0 481
1 0.0625 441
1 0.125 432
1 0.1875 456
1 0.25 443
1 0.3125 415
1 0.375 434
1 0.4375 463
1 0.5 442
1 0.5625 416
1 0.625 410
1 0.6875 458
1 0.75 436
1 0.8125 436
1 0.875 440
1 0.9375 456
2 0 524
2 0.0625 529
2 0.125 526
2 0.1875 507
2 0.25 495
2 0.3125 514
2 0.375 500
2 0.4375 509
2 0.5 514
2 0.5625 506
2 0.625 515
2 0.6875 521
2 0.75 533
2 0.8125 526
2 0.875 526
2 0.9375 538
3 0 632
3 0.0625 616
3 0.125 599
3 0.1875 529
3 0.25 575
3 0.3125 549
3 0.375 570
3 0.4375 544
3 0.5 521
3 0.5625 532
3 0.625 500
3 0.6875 579
3 0.75 565
3 0.8125 576
3 0.875 567
3 0.9375 563
4 0 679
4 0.0625 619
4 0.125 612
4 0.1875 636
4 0.25 609
4 0.3125 599
4 0.375 595
4 0.4375 647
4 0.5 633
4 0.5625 602
4 0.625 615
4 0.6875 607
4 0.75 610
4 0.8125 611
4 0.875 642
4 0.9375 644
5 0 676
5 0.0625 689
5 0.125 654
5 0.1875 664
5 0.25 613
5 0.3125 618
5 0.375 599
5 0.4375 665
5 0.5 620
5 0.5625 623
5 0.625 585
5 0.6875 620
5 0.75 659
5 0.8125 655
5 0.875 689
5 0.9375 685
6 0 755
6 0.0625 766
6 0.125 712
6 0.1875 683
6 0.25 650
6 0.3125 649
6 0.375 659
6 0.4375 617
6 0.5 686
6 0.5625 626
6 0.625 663
6 0.6875 625
6 0.75 735
6 0.8125 701
6 0.875 758
6 0.9375 777
7 0 827
7 0.0625 813
7 0.125 812
7 0.1875 744
7 0.25 708
7 0.3125 706
7 0.375 698
7 0.4375 686
7 0.5 681
7 0.5625 675
7 0.625 701
7 0.6875 685
7 0.75 782
7 0.8125 793
7 0.875 797
7 0.9375 761
8 0 882
8 0.0625 841
8 0.125 868
8 0.1875 817
8 0.25 785
8 0.3125 712
8 0.375 727
8 0.4375 743
8 0.5 758
8 0.5625 714
8 0.625 739
8 0.6875 773
8 0.75 798
8 0.8125 833
8 0.875 880
8 0.9375 888
9 0 947
9 0.0625 921
9 0.125 828
9 0.1875 911
9 0.25 826
9 0.3125 818
9 0.375 757
9 0.4375 788
9 0.5 763
9 0.5625 779
9 0.625 819
9 0.6875 828
9 0.75 868
9 0.8125 916
9 0.875 902
9 0.9375 986
10 0 1014
10 0.0625 1015
10 0.125 1000
10 0.1875 973
10 0.25 872
10 0.3125 821
10 0.375 856
10 0.4375 865
10 0.5 839
10 0.5625 913
10 0.625 895
10 0.6875 884
10 0.75 883
10 0.8125 993
10 0.875 1007
10 0.9375 990
11 0 1133
11 0.0625 1103
11 0.125 1147
11 0.1875 988
11 0.25 967
11 0.3125 925
11 0.375 933
11 0.4375 923
11 0.5 873
11 0.5625 902
11 0.625 901
11 0.6875 997
11 0.75 997
11 0.8125 1109
11 0.875 1117
11 0.9375 1116
12 0 1209
12 0.0625 1169
12 0.125 1088
12 0.1875 1080
12 0.25 1036
12 0.3125 919
12 0.375 1007
12 0.4375 949
12 0.5 922
12 0.5625 925
12 0.625 1009
12 0.6875 1017
12 0.75 1105
12 0.8125 1147
12 0.875 1230
12 0.9375 1220
13 0 1266
13 0.0625 1288
13 0.125 1239
13 0.1875 1135
13 0.25 1127
13 0.3125 1054
13 0.375 1025
13 0.4375 1020
13 0.5 1015
13 0.5625 1022
13 0.625 987
13 0.6875 1031
13 0.75 1197
13 0.8125 1188
13 0.875 1281
13 0.9375 1323
14 0 1372
14 0.0625 1288
14 0.125 1282
14 0.1875 1230
14 0.25 1151
14 0.3125 1076
14 0.375 1030
14 0.4375 1040
14 0.5 1011
14 0.5625 1048
14 0.625 1035
14 0.6875 1119
14 0.75 1123
14 0.8125 1292
14 0.875 1336
14 0.9375 1371
15 0 1462
15 0.0625 1316
15 0.125 1310
15 0.1875 1222
15 0.25 1140
15 0.3125 1136
15 0.375 1091
15 0.4375 1024
15 0.5 1044
15 0.5625 1061
15 0.625 1100
15 0.6875 1113
15 0.75 1260
15 0.8125 1280
15 0.875 1402
15 0.9375 1450
16 0 1497
16 0.0625 1464
16 0.125 1329
16 0.1875 1238
16 0.25 1147
16 0.3125 1086
16 0.375 1069
16 0.4375 1074
16 0.5 1075
16 0.5625 968
16 0.625 1056
16 0.6875 1157
16 0.75 1193
16 0.8125 1379
16 0.875 1433
16 0.9375 1484
17 0 1459
17 0.0625 1342
17 0.125 1357
17 0.1875 1246
17 0.25 1060
17 0.3125 1061
17 0.375 1040
17 0.4375 1138
17 0.5 992
17 0.5625 1019
17 0.625 1077
17 0.6875 1137
17 0.75 1234
17 0.8125 1324
17 0.875 1402
17 0.9375 1490
18 0 1469
18 0.0625 1394
18 0.125 1283
18 0.1875 1185
18 0.25 1098
18 0.3125 1067
18 0.375 1027
18 0.4375 972
18 0.5 986
18 0.5625 1005
18 0.625 1043
18 0.6875 1124
18 0.75 1192
18 0.8125 1311
18 0.875 1431
18 0.9375 1577
19 0 1476
19 0.0625 1380
19 0.125 1271
19 0.1875 1223
19 0.25 1125
19 0.3125 1006
19 0.375 1004
19 0.4375 987
19 0.5 995
19 0.5625 994
19 0.625 966
19 0.6875 1027
19 0.75 1228
19 0.8125 1285
19 0.875 1471
19 0.9375 1549
20 0 1483
20 0.0625 1365
20 0.125 1275
20 0.1875 1187
20 0.25 1073
20 0.3125 971
20 0.375 990
20 0.4375 917
20 0.5 908
20 0.5625 914
20 0.625 930
20 0.6875 989
20 0.75 1129
20 0.8125 1305
20 0.875 1371
20 0.9375 1481
21 0 1457
21 0.0625 1357
21 0.125 1236
21 0.1875 1083
21 0.25 980
21 0.3125 947
21 0.375 910
21 0.4375 859
21 0.5 878
21 0.5625 918
21 0.625 917
21 0.6875 1002
21 0.75 1140
21 0.8125 1250
21 0.875 1376
21 0.9375 1427
22 0 1414
22 0.0625 1349
22 0.125 1165
22 0.1875 1163
22 0.25 1075
22 0.3125 896
22 0.375 884
22 0.4375 821
22 0.5 841
22 0.5625 814
22 0.625 832
22 0.6875 1004
22 0.75 1098
22 0.8125 1244
22 0.875 1370
22 0.9375 1436
23 0 1430
23 0.0625 1346
23 0.125 1245
23 0.1875 1107
23 0.25 948
23 0.3125 931
23 0.375 854
23 0.4375 825
23 0.5 841
23 0.5625 782
23 0.625 865
23 0.6875 895
23 0.75 1073
23 0.8125 1257
23 0.875 1357
23 0.9375 1393
24 0 1422
24 0.0625 1327
24 0.125 1183
24 0.1875 1083
24 0.25 946
24 0.3125 885
24 0.375 823
24 0.4375 825
24 0.5 783
24 0.5625 825
24 0.625 840
24 0.6875 912
24 0.75 1052
24 0.8125 1170
24 0.875 1375
24 0.9375 1371
25 0 1489
25 0.0625 1362
25 0.125 1244
25 0.1875 1082
25 0.25 974
25 0.3125 899
25 0.375 828
25 0.4375 782
25 0.5 780
25 0.5625 764
25 0.625 852
25 0.6875 919
25 0.75 985
25 0.8125 1258
25 0.875 1417
25 0.9375 1411
26 0 1527
26 0.0625 1408
26 0.125 1212
26 0.1875 1114
26 0.25 980
26 0.3125 919
26 0.375 819
26 0.4375 803
26 0.5 783
26 0.5625 812
26 0.625 851
26 0.6875 931
26 0.75 1113
26 0.8125 1303
26 0.875 1450
26 0.9375 1482
27 0 1439
27 0.0625 1412
27 0.125 1234
27 0.1875 1121
27 0.25 963
27 0.3125 887
27 0.375 821
27 0.4375 776
27 0.5 770
27 0.5625 774
27 0.625 777
27 0.6875 926
27 0.75 1097
27 0.8125 1234
27 0.875 1401
27 0.9375 1580
28 0 1537
28 0.0625 1402
28 0.125 1284
28 0.1875 1168
28 0.25 1009
28 0.3125 840
28 0.375 861
28 0.4375 775
28 0.5 742
28 0.5625 742
28 0.625 833
28 0.6875 942
28 0.75 1094
28 0.8125 1264
28 0.875 1415
28 0.9375 1544
29 0 1572
29 0.0625 1452
29 0.125 1277
29 0.1875 1054
29 0.25 958
29 0.3125 899
29 0.375 766
29 0.4375 748
29 0.5 757
29 0.5625 729
29 0.625 776
29 0.6875 906
29 0.75 1089
29 0.8125 1298
29 0.875 1518
29 0.9375 1550
30 0 1519
30 0.0625 1421
30 0.125 1269
30 0.1875 1126
30 0.25 984
30 0.3125 815
30 0.375 784
30 0.4375 755
30 0.5 722
30 0.5625 724
30 0.625 720
30 0.6875 911
30 0.75 1125
30 0.8125 1307
30 0.875 1502
30 0.9375 1568
31 0 1497
31 0.0625 1447
31 0.125 1290
31 0.1875 1077
31 0.25 955
31 0.3125 734
31 0.375 765
31 0.4375 726
31 0.5 716
31 0.5625 699
31 0.625 773
31 0.6875 875
31 0.75 1058
31 0.8125 1288
31 0.875 1468
31 0.9375 1536
32 0 1515
32 0.0625 1475
32 0.125 1269
32 0.1875 1160
32 0.25 905
32 0.3125 836
32 0.375 765
32 0.4375 684
32 0.5 686
32 0.5625 728
32 0.625 759
32 0.6875 897
32 0.75 1089
32 0.8125 1270
32 0.875 1475
32 0.9375 1618
33 0 1544
33 0.0625 1418
33 0.125 1206
33 0.1875 1029
33 0.25 849
33 0.3125 763
33 0.375 688
33 0.4375 732
33 0.5 699
33 0.5625 756
33 0.625 672
33 0.6875 880
33 0.75 1085
33 0.8125 1241
33 0.875 1591
33 0.9375 1644
34 0 1552
34 0.0625 1446
34 0.125 1261
34 0.1875 1059
34 0.25 921
34 0.3125 823
34 0.375 729
34 0.4375 697
34 0.5 666
34 0.5625 685
34 0.625 733
34 0.6875 869
34 0.75 1073
34 0.8125 1286
34 0.875 1483
34 0.9375 1560
35 0 1543
35 0.0625 1430
35 0.125 1237
35 0.1875 1114
35 0.25 925
35 0.3125 742
35 0.375 697
35 0.4375 677
35 0.5 660
35 0.5625 642
35 0.625 700
35 0.6875 877
35 0.75 1029
35 0.8125 1310
35 0.875 1506
35 0.9375 1646
36 0 1597
36 0.0625 1445
36 0.125 1196
36 0.1875 1013
36 0.25 865
36 0.3125 785
36 0.375 687
36 0.4375 652
36 0.5 620
36 0.5625 615
36 0.625 695
36 0.6875 844
36 0.75 1020
36 0.8125 1333
36 0.875 1519
36 0.9375 1676
37 0 1588
37 0.0625 1499
37 0.125 1197
37 0.1875 1001
37 0.25 912
37 0.3125 741
37 0.375 709
37 0.4375 663
37 0.5 623
37 0.5625 611
37 0.625 637
37 0.6875 839
37 0.75 1032
37 0.8125 1253
37 0.875 1570
37 0.9375 1605
38 0 1636
38 0.0625 1446
38 0.125 1288
38 0.1875 1001
38 0.25 833
38 0.3125 784
38 0.375 612
38 0.4375 633
38 0.5 600
38 0.5625 638
38 0.625 663
38 0.6875 828
38 0.75 1025
38 0.8125 1284
38 0.875 1554
38 0.9375 1676
39 0 1557
39 0.0625 1515
39 0.125 1250
39 0.1875 1094
39 0.25 893
39 0.3125 774
39 0.375 617
39 0.4375 598
39 0.5 624
39 0.5625 622
39 0.625 611
39 0.6875 837
39 0.75 1082
39 0.8125 1351
39 0.875 1562
39 0.9375 1714
40 0 1622
40 0.0625 1508
40 0.125 1249
40 0.1875 984
40 0.25 877
40 0.3125 760
40 0.375 643
40 0.4375 580
40 0.5 619
40 0.5625 575
40 0.625 656
40 0.6875 831
40 0.75 1024
40 0.8125 1327
40 0.875 1566
40 0.9375 1659
41 0 1672
41 0.0625 1536
41 0.125 1290
41 0.1875 1050
41 0.25 831
41 0.3125 686
41 0.375 632
41 0.4375 594
41 0.5 579
41 0.5625 617
41 0.625 633
41 0.6875 782
41 0.75 1079
41 0.8125 1337
41 0.875 1532
41 0.9375 1768
42 0 1674
42 0.0625 1461
42 0.125 1256
42 0.1875 1018
42 0.25 814
42 0.3125 676
42 0.375 652
42 0.4375 595
42 0.5 573
42 0.5625 617
42 0.625 620
42 0.6875 790
42 0.75 1082
42 0.8125 1347
42 0.875 1648
42 0.9375 1700
43 0 1638
43 0.0625 1471
43 0.125 1265
43 0.1875 998
43 0.25 796
43 0.3125 727
43 0.375 606
43 0.4375 567
43 0.5 559
43 0.5625 543
43 0.625 621
43 0.6875 755
43 0.75 1095
43 0.8125 1323
43 0.875 1585
43 0.9375 1697
44 0 1648
44 0.0625 1450
44 0.125 1269
44 0.1875 1034
44 0.25 797
44 0.3125 628
44 0.375 610
44 0.4375 540
44 0.5 547
44 0.5625 534
44 0.625 636
44 0.6875 757
44 0.75 1008
44 0.8125 1298
44 0.875 1548
44 0.9375 1697
45 0 1669
45 0.0625 1391
45 0.125 1227
45 0.1875 995
45 0.25 773
45 0.3125 681
45 0.375 578
45 0.4375 515
45 0.5 574
45 0.5625 500
45 0.625 605
45 0.6875 729
45 0.75 931
45 0.8125 1328
45 0.875 1502
45 0.9375 1706
46 0 1649
46 0.0625 1489
46 0.125 1190
46 0.1875 950
46 0.25 760
46 0.3125 648
46 0.375 542
46 0.4375 536
46 0.5 542
46 0.5625 528
46 0.625 543
46 0.6875 793
46 0.75 956
46 0.8125 1316
46 0.875 1550
46 0.9375 1664
47 0 1593
47 0.0625 1432
47 0.125 1175
47 0.1875 935
47 0.25 773
47 0.3125 616
47 0.375 539
47 0.4375 507
47 0.5 457
47 0.5625 504
47 0.625 587
47 0.6875 679
47 0.75 997
47 0.8125 1288
47 0.875 1587
47 0.9375 1661
48 0 1604
48 0.0625 1333
48 0.125 1168
48 0.1875 935
48 0.25 777
48 0.3125 574
48 0.375 544
48 0.4375 506
48 0.5 460
48 0.5625 447
48 0.625 587
48 0.6875 693
48 0.75 988
48 0.8125 1312
48 0.875 1458
48 0.9375 1676
49 0 1631
49 0.0625 1402
49 0.125 1173
49 0.1875 930
49 0.25 729
49 0.3125 611
49 0.375 529
49 0.4375 485
49 0.5 463
49 0.5625 468
49 0.625 500
49 0.6875 757
49 0.75 943
49 0.8125 1260
49 0.875 1514
49 0.9375 1617
50 0 1607
50 0.0625 1400
50 0.125 1210
50 0.1875 913
50 0.25 733
50 0.3125 592
50 0.375 485
50 0.4375 456
50 0.5 427
50 0.5625 462
50 0.625 517
50 0.6875 693
50 0.75 1019
50 0.8125 1253
50 0.875 1498
50 0.9375 1621
51 0 1610
51 0.0625 1385
51 0.125 1107
51 0.1875 914
51 0.25 691
51 0.3125 626
51 0.375 508
51 0.4375 430
51 0.5 451
51 0.5625 434
51 0.625 522
51 0.6875 652
51 0.75 1008
51 0.8125 1261
51 0.875 1522
51 0.9375 1676
52 0 1548
52 0.0625 1334
52 0.125 1205
52 0.1875 902
52 0.25 687
52 0.3125 621
52 0.375 508
52 0.4375 448
52 0.5 491
52 0.5625 484
52 0.625 516
52 0.6875 604
52 0.75 944
52 0.8125 1213
52 0.875 1492
52 0.9375 1621
53 0 1498
53 0.0625 1389
53 0.125 1095
53 0.1875 912
53 0.25 744
53 0.3125 521
53 0.375 461
53 0.4375 439
53 0.5 457
53 0.5625 409
53 0.625 525
53 0.6875 623
53 0.75 941
53 0.8125 1213
53 0.875 1491
53 0.9375 1656
54 0 1564
54 0.0625 1392
54 0.125 1166
54 0.1875 862
54 0.25 662
54 0.3125 562
54 0.375 493
54 0.4375 446
54 0.5 407
54 0.5625 414
54 0.625 480
54 0.6875 661
54 0.75 993
54 0.8125 1297
54 0.875 1589
54 0.9375 1639
55 0 1582
55 0.0625 1365
55 0.125 1120
55 0.1875 884
55 0.25 703
55 0.3125 571
55 0.375 446
55 0.4375 462
55 0.5 412
55 0.5625 397
55 0.625 454
55 0.6875 675
55 0.75 939
55 0.8125 1348
55 0.875 1540
55 0.9375 1677
56 0 1617
56 0.0625 1399
56 0.125 1124
56 0.1875 861
56 0.25 678
56 0.3125 533
56 0.375 486
56 0.4375 454
56 0.5 415
56 0.5625 405
56 0.625 473
56 0.6875 672
56 0.75 932
56 0.8125 1285
56 0.875 1524
56 0.9375 1593
57 0 1618
57 0.0625 1327
57 0.125 1111
57 0.1875 896
57 0.25 627
57 0.3125 579
57 0.375 463
57 0.4375 389
57 0.5 412
57 0.5625 403
57 0.625 497
57 0.6875 651
57 0.75 943
57 0.8125 1316
57 0.875 1529
57 0.9375 1580
58 0 1600
58 0.0625 1414
58 0.125 1156
58 0.1875 848
58 0.25 696
58 0.3125 513
58 0.375 422
58 0.4375 422
58 0.5 410
58 0.5625 408
58 0.625 479
58 0.6875 671
58 0.75 946
58 0.8125 1240
58 0.875 1499
58 0.9375 1624
59 0 1587
59 0.0625 1425
59 0.125 1099
59 0.1875 837
59 0.25 654
59 0.3125 557
59 0.375 463
59 0.4375 401
59 0.5 418
59 0.5625 387
59 0.625 412
59 0.6875 610
59 0.75 885
59 0.8125 1268
59 0.875 1531
59 0.9375 1695
60 0 1651
60 0.0625 1436
60 0.125 1144
60 0.1875 904
60 0.25 635
60 0.3125 510
60 0.375 436
60 0.4375 389
60 0.5 364
60 0.5625 400
60 0.625 445
60 0.6875 633
60 0.75 939
60 0.8125 1321
60 0.875 1523
60 0.9375 1698
61 0 1592
61 0.0625 1334
61 0.125 1083
61 0.1875 875
61 0.25 645
61 0.3125 532
61 0.375 418
61 0.4375 400
61 0.5 381
61 0.5625 385
61 0.625 466
61 0.6875 681
61 0.75 981
61 0.8125 1231
61 0.875 1552
61 0.9375 1683
62 0 1597
62 0.0625 1371
62 0.125 1126
62 0.1875 811
62 0.25 656
62 0.3125 508
62 0.375 473
62 0.4375 393
62 0.5 377
62 0.5625 401
62 0.625 393
62 0.6875 634
62 0.75 899
62 0.8125 1285
62 0.875 1543
62 0.9375 1650
63 0 1599
63 0.0625 1440
63 0.125 1080
63 0.1875 841
63 0.25 630
63 0.3125 516
63 0.375 445
63 0.4375 399
63 0.5 371
63 0.5625 359
63 0.625 422
63 0.6875 644
63 0.75 929
63 0.8125 1260
63 0.875 1538
63 0.9375 1647
64 0 1566
64 0.0625 1439
64 0.125 1115
64 0.1875 811
64 0.25 714
64 0.3125 528
64 0.375 456
64 0.4375 353
64 0.5 370
64 0.5625 338
64 0.625 409
64 0.6875 621
64 0.75 877
64 0.8125 1255
64 0.875 1504
64 0.9375 1529
65 0 1607
65 0.0625 1368
65 0.125 1078
65 0.1875 801
65 0.25 640
65 0.3125 492
65 0.375 415
65 0.4375 359
65 0.5 347
65 0.5625 361
65 0.625 390
65 0.6875 586
65 0.75 932
65 0.8125 1285
65 0.875 1565
65 0.9375 1592
66 0 1570
66 0.0625 1323
66 0.125 1124
66 0.1875 792
66 0.25 602
66 0.3125 467
66 0.375 411
66 0.4375 375
66 0.5 335
66 0.5625 358
66 0.625 383
66 0.6875 607
66 0.75 904
66 0.8125 1231
66 0.875 1558
66 0.9375 1685
67 0 1564
67 0.0625 1391
67 0.125 1044
67 0.1875 816
67 0.25 601
67 0.3125 471
67 0.375 384
67 0.4375 358
67 0.5 318
67 0.5625 360
67 0.625 398
67 0.6875 604
67 0.75 902
67 0.8125 1219
67 0.875 1536
67 0.9375 1630
68 0 1545
68 0.0625 1354
68 0.125 1077
68 0.1875 754
68 0.25 590
68 0.3125 439
68 0.375 376
68 0.4375 340
68 0.5 326
68 0.5625 327
68 0.625 378
68 0.6875 566
68 0.75 920
68 0.8125 1227
68 0.875 1502
68 0.9375 1615
69 0 1611
69 0.0625 1318
69 0.125 999
69 0.1875 744
69 0.25 581
69 0.3125 431
69 0.375 401
69 0.4375 333
69 0.5 338
69 0.5625 324
69 0.625 389
69 0.6875 565
69 0.75 850
69 0.8125 1212
69 0.875 1430
69 0.9375 1614
70 0 1501
70 0.0625 1266
70 0.125 1084
70 0.1875 818
70 0.25 586
70 0.3125 456
70 0.375 365
70 0.4375 321
70 0.5 341
70 0.5625 318
70 0.625 369
70 0.6875 598
70 0.75 873
70 0.8125 1152
70 0.875 1516
70 0.9375 1694
71 0 1485
71 0.0625 1299
71 0.125 1075
71 0.1875 792
71 0.25 568
71 0.3125 418
71 0.375 377
71 0.4375 310
71 0.5 288
71 0.5625 303
71 0.625 363
71 0.6875 619
71 0.75 917
71 0.8125 1193
71 0.875 1524
71 0.9375 1569
72 0 1534
72 0.0625 1257
72 0.125 946
72 0.1875 753
72 0.25 598
72 0.3125 415
72 0.375 369
72 0.4375 313
72 0.5 307
72 0.5625 315
72 0.625 356
72 0.6875 584
72 0.75 830
72 0.8125 1164
72 0.875 1427
72 0.9375 1637
73 0 1483
73 0.0625 1344
73 0.125 974
73 0.1875 773
73 0.25 586
73 0.3125 408
73 0.375 345
73 0.4375 320
73 0.5 321
73 0.5625 301
73 0.625 376
73 0.6875 536
73 0.75 907
73 0.8125 1199
73 0.875 1488
73 0.9375 1618
74 0 1455
74 0.0625 1180
74 0.125 997
74 0.1875 775
74 0.25 522
74 0.3125 399
74 0.375 345
74 0.4375 339
74 0.5 304
74 0.5625 282
74 0.625 373
74 0.6875 543
74 0.75 853
74 0.8125 1180
74 0.875 1446
74 0.9375 1632
75 0 1534
75 0.0625 1273
75 0.125 1028
75 0.1875 766
75 0.25 556
75 0.3125 419
75 0.375 363
75 0.4375 324
75 0.5 276
75 0.5625 291
75 0.625 372
75 0.6875 624
75 0.75 857
75 0.8125 1163
75 0.875 1463
75 0.9375 1592
76 0 1450
76 0.0625 1251
76 0.125 1010
76 0.1875 683
76 0.25 559
76 0.3125 417
76 0.375 321
76 0.4375 320
76 0.5 301
76 0.5625 282
76 0.625 377
76 0.6875 539
76 0.75 803
76 0.8125 1173
76 0.875 1423
76 0.9375 1569
77 0 1471
77 0.0625 1311
77 0.125 987
77 0.1875 822
77 0.25 523
77 0.3125 414
77 0.375 324
77 0.4375 324
77 0.5 300
77 0.5625 265
77 0.625 364
77 0.6875 558
77 0.75 850
77 0.8125 1157
77 0.875 1367
77 0.9375 1517
78 0 1474
78 0.0625 1202
78 0.125 908
78 0.1875 684
78 0.25 514
78 0.3125 406
78 0.375 347
78 0.4375 279
78 0.5 255
78 0.5625 261
78 0.625 350
78 0.6875 535
78 0.75 810
78 0.8125 1143
78 0.875 1335
78 0.9375 1485
79 0 1398
79 0.0625 1253
79 0.125 960
79 0.1875 678
79 0.25 522
79 0.3125 378
79 0.375 333
79 0.4375 280
79 0.5 292
79 0.5625 249
79 0.625 324
79 0.6875 543
79 0.75 846
79 0.8125 1111
79 0.875 1367
79 0.9375 1546
80 0 1446
80 0.0625 1274
80 0.125 942
80 0.1875 681
80 0.25 504
80 0.3125 388
80 0.375 361
80 0.4375 261
80 0.5 242
80 0.5625 272
80 0.625 305
80 0.6875 490
80 0.75 835
80 0.8125 1119
80 0.875 1383
80 0.9375 1511
81 0 1449
81 0.0625 1176
81 0.125 935
81 0.1875 701
81 0.25 461
81 0.3125 359
81 0.375 326
81 0.4375 277
81 0.5 229
81 0.5625 278
81 0.625 308
81 0.6875 522
81 0.75 826
81 0.8125 1100
81 0.875 1424
81 0.9375 1586
82 0 1443
82 0.0625 1198
82 0.125 970
82 0.1875 676
82 0.25 488
82 0.3125 369
82 0.375 303
82 0.4375 272
82 0.5 237
82 0.5625 253
82 0.625 314
82 0.6875 484
82 0.75 818
82 0.8125 1101
82 0.875 1362
82 0.9375 1455
83 0 1453
83 0.0625 1185
83 0.125 889
83 0.1875 757
83 0.25 470
83 0.3125 395
83 0.375 315
83 0.4375 285
83 0.5 233
83 0.5625 269
83 0.625 311
83 0.6875 518
83 0.75 825
83 0.8125 1033
83 0.875 1390
83 0.9375 1527
84 0 1404
84 0.0625 1198
84 0.125 908
84 0.1875 672
84 0.25 511
84 0.3125 355
84 0.375 295
84 0.4375 258
84 0.5 219
84 0.5625 279
84 0.625 304
84 0.6875 522
84 0.75 826
84 0.8125 1130
84 0.875 1290
84 0.9375 1404
85 0 1312
85 0.0625 1193
85 0.125 854
85 0.1875 676
85 0.25 499
85 0.3125 355
85 0.375 264
85 0.4375 255
85 0.5 249
85 0.5625 242
85 0.625 311
85 0.6875 468
85 0.75 802
85 0.8125 1118
85 0.875 1357
85 0.9375 1486
86 0 1373
86 0.0625 1193
86 0.125 874
86 0.1875 653
86 0.25 464
86 0.3125 358
86 0.375 298
86 0.4375 232
86 0.5 259
86 0.5625 230
86 0.625 302
86 0.6875 497
86 0.75 805
86 0.8125 1071
86 0.875 1348
86 0.9375 1401
87 0 1426
87 0.0625 1081
87 0.125 896
87 0.1875 619
87 0.25 473
87 0.3125 360
87 0.375 263
87 0.4375 250
87 0.5 252
87 0.5625 240
87 0.625 308
87 0.6875 507
87 0.75 804
87 0.8125 1032
87 0.875 1264
87 0.9375 1473
88 0 1328
88 0.0625 1144
88 0.125 875
88 0.1875 661
88 0.25 470
88 0.3125 374
88 0.375 322
88 0.4375 253
88 0.5 239
88 0.5625 248
88 0.625 297
88 0.6875 473
88 0.75 767
88 0.8125 1057
88 0.875 1324
88 0.9375 1366
89 0 1291
89 0.0625 1145
89 0.125 837
89 0.1875 609
89 0.25 441
89 0.3125 319
89 0.375 262
89 0.4375 237
89 0.5 207
89 0.5625 239
89 0.625 278
89 0.6875 462
89 0.75 778
89 0.8125 1103
89 0.875 1332
89 0.9375 1332
90 0 1356
90 0.0625 1174
90 0.125 850
90 0.1875 594
90 0.25 476
90 0.3125 330
90 0.375 287
90 0.4375 232
90 0.5 232
90 0.5625 223
90 0.625 283
90 0.6875 464
90 0.75 711
90 0.8125 1060
90 0.875 1302
90 0.9375 1407
91 0 1231
91 0.0625 1072
91 0.125 893
91 0.1875 593
91 0.25 441
91 0.3125 325
91 0.375 258
91 0.4375 212
91 0.5 222
91 0.5625 230
91 0.625 287
91 0.6875 420
91 0.75 768
91 0.8125 1017
91 0.875 1303
91 0.9375 1397
92 0 1315
92 0.0625 1102
92 0.125 862
92 0.1875 572
92 0.25 450
92 0.3125 336
92 0.375 296
92 0.4375 203
92 0.5 195
92 0.5625 209
92 0.625 243
92 0.6875 474
92 0.75 658
92 0.8125 1069
92 0.875 1284
92 0.9375 1392
93 0 1210
93 0.0625 1089
93 0.125 770
93 0.1875 566
93 0.25 412
93 0.3125 330
93 0.375 259
93 0.4375 230
93 0.5 220
93 0.5625 189
93 0.625 247
93 0.6875 442
93 0.75 754
93 0.8125 1052
93 0.875 1288
93 0.9375 1357
94 0 1247
94 0.0625 1042
94 0.125 864
94 0.1875 579
94 0.25 412
94 0.3125 315
94 0.375 256
94 0.4375 235
94 0.5 228
94 0.5625 244
94 0.625 239
94 0.6875 463
94 0.75 685
94 0.8125 1015
94 0.875 1248
94 0.9375 1316
95 0 1297
95 0.0625 1041
95 0.125 839
95 0.1875 550
95 0.25 422
95 0.3125 311
95 0.375 247
95 0.4375 231
95 0.5 191
95 0.5625 203
95 0.625 280
95 0.6875 480
95 0.75 720
95 0.8125 987
95 0.875 1148
95 0.9375 1335
96 0 1259
96 0.0625 1041
96 0.125 749
96 0.1875 605
96 0.25 399
96 0.3125 276
96 0.375 261
96 0.4375 204
96 0.5 214
96 0.5625 225
96 0.625 306
96 0.6875 419
96 0.75 671
96 0.8125 975
96 0.875 1213
96 0.9375 1336
97 0 1192
97 0.0625 1004
97 0.125 668
97 0.1875 525
97 0.25 386
97 0.3125 300
97 0.375 237
97 0.4375 196
97 0.5 210
97 0.5625 212
97 0.625 258
97 0.6875 399
97 0.75 699
97 0.8125 995
97 0.875 1171
97 0.9375 1218
98 0 1213
98 0.0625 1029
98 0.125 775
98 0.1875 562
98 0.25 388
98 0.3125 271
98 0.375 236
98 0.4375 189
98 0.5 208
98 0.5625 187
98 0.625 288
98 0.6875 410
98 0.75 699
98 0.8125 1019
98 0.875 1195
98 0.9375 1372
99 0 1213
99 0.0625 1023
99 0.125 725
99 0.1875 558
99 0.25 385
99 0.3125 277
99 0.375 231
99 0.4375 227
99 0.5 201
99 0.5625 194
99 0.625 249
99 0.6875 393
99 0.75 664
99 0.8125 971
99 0.875 1131
99 0.9375 1299
100 0 1163
100 0.0625 947
100 0.125 717
100 0.1875 534
100 0.25 431
100 0.3125 320
100 0.375 238
100 0.4375 194
100 0.5 203
100 0.5625 191
100 0.625 246
100 0.6875 372
100 0.75 663
100 0.8125 893
100 0.875 1240
100 0.9375 1311
101 0 1203
101 0.0625 966
101 0.125 760
101 0.1875 532
101 0.25 371
101 0.3125 256
101 0.375 241
101 0.4375 228
101 0.5 173
101 0.5625 174
101 0.625 228
101 0.6875 381
101 0.75 690
101 0.8125 923
101 0.875 1175
101 0.9375 1239
102 0 1182
102 0.0625 978
102 0.125 774
102 0.1875 537
102 0.25 351
102 0.3125 283
102 0.375 249
102 0.4375 203
102 0.5 183
102 0.5625 197
102 0.625 268
102 0.6875 393
102 0.75 649
102 0.8125 940
102 0.875 1135
102 0.9375 1251
103 0 1133
103 0.0625 992
103 0.125 690
103 0.1875 517
103 0.25 375
103 0.3125 264
103 0.375 222
103 0.4375 201
103 0.5 176
103 0.5625 196
103 0.625 218
103 0.6875 430
103 0.75 633
103 0.8125 907
103 0.875 1154
103 0.9375 1209
104 0 1152
104 0.0625 908
104 0.125 656
104 0.1875 537
104 0.25 374
104 0.3125 267
104 0.375 232
104 0.4375 190
104 0.5 182
104 0.5625 195
104 0.625 246
104 0.6875 420
104 0.75 728
104 0.8125 940
104 0.875 1089
104 0.9375 1210
105 0 1170
105 0.0625 896
105 0.125 733
105 0.1875 500
105 0.25 354
105 0.3125 292
105 0.375 207
105 0.4375 196
105 0.5 191
105 0.5625 181
105 0.625 258
105 0.6875 368
105 0.75 672
105 0.8125 933
105 0.875 1133
105 0.9375 1185
106 0 1133
106 0.0625 913
106 0.125 658
106 0.1875 475
106 0.25 321
106 0.3125 250
106 0.375 212
106 0.4375 188
106 0.5 174
106 0.5625 186
106 0.625 222
106 0.6875 387
106 0.75 623
106 0.8125 959
106 0.875 1039
106 0.9375 1105
107 0 1154
107 0.0625 926
107 0.125 729
107 0.1875 510
107 0.25 351
107 0.3125 253
107 0.375 227
107 0.4375 193
107 0.5 187
107 0.5625 186
107 0.625 241
107 0.6875 388
107 0.75 663
107 0.8125 873
107 0.875 1104
107 0.9375 1214
108 0 1102
108 0.0625 856
108 0.125 697
108 0.1875 509
108 0.25 349
108 0.3125 241
108 0.375 173
108 0.4375 167
108 0.5 184
108 0.5625 171
108 0.625 224
108 0.6875 373
108 0.75 600
108 0.8125 867
108 0.875 1038
108 0.9375 1141
109 0 1039
109 0.0625 862
109 0.125 615
109 0.1875 477
109 0.25 333
109 0.3125 242
109 0.375 209
109 0.4375 184
109 0.5 164
109 0.5625 167
109 0.625 227
109 0.6875 352
109 0.75 566
109 0.8125 862
109 0.875 1029
109 0.9375 1164
110 0 1068
110 0.0625 867
110 0.125 682
110 0.1875 492
110 0.25 321
110 0.3125 244
110 0.375 197
110 0.4375 170
110 0.5 171
110 0.5625 162
110 0.625 225
110 0.6875 383
110 0.75 585
110 0.8125 892
110 0.875 1101
110 0.9375 1147
111 0 1052
111 0.0625 860
111 0.125 622
111 0.1875 423
111 0.25 314
111 0.3125 249
111 0.375 191
111 0.4375 151
111 0.5 181
111 0.5625 151
111 0.625 200
111 0.6875 365
111 0.75 631
111 0.8125 859
111 0.875 1029
111 0.9375 1064
112 0 1014
112 0.0625 820
112 0.125 627
112 0.1875 452
112 0.25 312
112 0.3125 234
112 0.375 179
112 0.4375 176
112 0.5 176
112 0.5625 167
112 0.625 231
112 0.6875 386
112 0.75 655
112 0.8125 776
112 0.875 1045
112 0.9375 1096
113 0 1022
113 0.0625 815
113 0.125 599
113 0.1875 480
113 0.25 312
113 0.3125 226
113 0.375 194
113 0.4375 171
113 0.5 159
113 0.5625 166
113 0.625 186
113 0.6875 328
113 0.75 549
113 0.8125 836
113 0.875 1007
113 0.9375 1134
114 0 1000
114 0.0625 862
114 0.125 662
114 0.1875 471
114 0.25 297
114 0.3125 253
114 0.375 188
114 0.4375 162
114 0.5 156
114 0.5625 156
114 0.625 220
114 0.6875 354
114 0.75 609
114 0.8125 804
114 0.875 969
114 0.9375 1067
115 0 977
115 0.0625 801
115 0.125 555
115 0.1875 464
115 0.25 264
115 0.3125 230
115 0.375 195
115 0.4375 188
115 0.5 146
115 0.5625 145
115 0.625 213
115 0.6875 372
115 0.75 569
115 0.8125 856
115 0.875 1044
115 0.9375 1049
116 0 894
116 0.0625 766
116 0.125 588
116 0.1875 430
116 0.25 266
116 0.3125 255
116 0.375 202
116 0.4375 176
116 0.5 192
116 0.5625 156
116 0.625 207
116 0.6875 345
116 0.75 580
116 0.8125 745
116 0.875 994
116 0.9375 1036
117 0 986
117 0.0625 752
117 0.125 602
117 0.1875 386
117 0.25 317
117 0.3125 225
117 0.375 174
117 0.4375 156
117 0.5 148
117 0.5625 155
117 0.625 183
117 0.6875 320
117 0.75 560
117 0.8125 828
117 0.875 930
117 0.9375 1029
118 0 974
118 0.0625 801
118 0.125 587
118 0.1875 381
118 0.25 279
118 0.3125 189
118 0.375 161
118 0.4375 156
118 0.5 145
118 0.5625 154
118 0.625 214
118 0.6875 332
118 0.75 531
118 0.8125 755
118 0.875 932
118 0.9375 1024
119 0 993
119 0.0625 770
119 0.125 554
119 0.1875 382
119 0.25 283
119 0.3125 209
119 0.375 162
119 0.4375 167
119 0.5 161
119 0.5625 177
119 0.625 186
119 0.6875 321
119 0.75 542
119 0.8125 795
119 0.875 974
119 0.9375 1024
120 0 937
120 0.0625 746
120 0.125 545
120 0.1875 405
120 0.25 298
120 0.3125 191
120 0.375 167
120 0.4375 137
120 0.5 141
120 0.5625 146
120 0.625 193
120 0.6875 344
120 0.75 540
120 0.8125 750
120 0.875 916
120 0.9375 1026
121 0 884
121 0.0625 759
121 0.125 562
121 0.1875 361
121 0.25 285
121 0.3125 208
121 0.375 164
121 0.4375 142
121 0.5 155
121 0.5625 126
121 0.625 187
121 0.6875 336
121 0.75 551
121 0.8125 735
121 0.875 927
121 0.9375 1001
122 0 915
122 0.0625 771
122 0.125 534
122 0.1875 388
122 0.25 290
122 0.3125 234
122 0.375 141
122 0.4375 135
122 0.5 151
122 0.5625 157
122 0.625 172
122 0.6875 316
122 0.75 571
122 0.8125 766
122 0.875 921
122 0.9375 955
123 0 855
123 0.0625 743
123 0.125 530
123 0.1875 379
123 0.25 294
123 0.3125 198
123 0.375 181
123 0.4375 169
123 0.5 140
123 0.5625 129
123 0.625 179
123 0.6875 329
123 0.75 564
123 0.8125 731
123 0.875 880
123 0.9375 985
124 0 918
124 0.0625 711
124 0.125 518
124 0.1875 359
124 0.25 282
124 0.3125 214
124 0.375 178
124 0.4375 140
124 0.5 139
124 0.5625 132
124 0.625 169
124 0.6875 330
124 0.75 492
124 0.8125 732
124 0.875 935
124 0.9375 911
125 0 870
125 0.0625 709
125 0.125 488
125 0.1875 357
125 0.25 243
125 0.3125 157
125 0.375 157
125 0.4375 161
125 0.5 145
125 0.5625 139
125 0.625 168
125 0.6875 336
125 0.75 511
125 0.8125 677
125 0.875 883
125 0.9375 894
126 0 879
126 0.0625 637
126 0.125 509
126 0.1875 389
126 0.25 254
126 0.3125 169
126 0.375 161
126 0.4375 132
126 0.5 133
126 0.5625 144
126 0.625 166
126 0.6875 312
126 0.75 461
126 0.8125 681
126 0.875 876
126 0.9375 941
127 0 784
127 0.0625 668
127 0.125 512
127 0.1875 309
127 0.25 246
127 0.3125 204
127 0.375 169
127 0.4375 146
127 0.5 120
127 0.5625 142
127 0.625 150
127 0.6875 312
127 0.75 450
127 0.8125 721
127 0.875 870
127 0.9375 921
128 0 863
128 0.0625 660
128 0.125 492
128 0.1875 364
128 0.25 247
128 0.3125 192
128 0.375 162
128 0.4375 131
128 0.5 125
128 0.5625 125
128 0.625 170
128 0.6875 317
128 0.75 486
128 0.8125 753
128 0.875 859
128 0.9375 951
129 0 814
129 0.0625 678
129 0.125 502
129 0.1875 365
129 0.25 268
129 0.3125 172
129 0.375 166
129 0.4375 141
129 0.5 126
129 0.5625 129
129 0.625 138
129 0.6875 270
129 0.75 508
129 0.8125 685
129 0.875 855
129 0.9375 883
130 0 824
130 0.0625 664
130 0.125 491
130 0.1875 360
130 0.25 240
130 0.3125 208
130 0.375 151
130 0.4375 132
130 0.5 117
130 0.5625 150
130 0.625 169
130 0.6875 282
130 0.75 468
130 0.8125 674
130 0.875 780
130 0.9375 880
131 0 817
131 0.0625 654
131 0.125 500
131 0.1875 344
131 0.25 244
131 0.3125 173
131 0.375 139
131 0.4375 139
131 0.5 118
131 0.5625 137
131 0.625 141
131 0.6875 301
131 0.75 468
131 0.8125 662
131 0.875 832
131 0.9375 858
132 0 757
132 0.0625 648
132 0.125 439
132 0.1875 368
132 0.25 222
132 0.3125 183
132 0.375 139
132 0.4375 127
132 0.5 119
132 0.5625 129
132 0.625 162
132 0.6875 264
132 0.75 466
132 0.8125 639
132 0.875 856
132 0.9375 863
133 0 767
133 0.0625 587
133 0.125 444
133 0.1875 339
133 0.25 226
133 0.3125 170
133 0.375 157
133 0.4375 120
133 0.5 114
133 0.5625 113
133 0.625 167
133 0.6875 265
133 0.75 450
133 0.8125 651
133 0.875 752
133 0.9375 830
134 0 760
134 0.0625 618
134 0.125 456
134 0.1875 327
134 0.25 216
134 0.3125 169
134 0.375 163
134 0.4375 128
134 0.5 134
134 0.5625 122
134 0.625 193
134 0.6875 259
134 0.75 467
134 0.8125 625
134 0.875 774
134 0.9375 862
135 0 721
135 0.0625 619
135 0.125 418
135 0.1875 311
135 0.25 211
135 0.3125 172
135 0.375 152
135 0.4375 124
135 0.5 121
135 0.5625 120
135 0.625 153
135 0.6875 300
135 0.75 446
135 0.8125 594
135 0.875 736
135 0.9375 820
136 0 748
136 0.0625 606
136 0.125 410
136 0.1875 295
136 0.25 214
136 0.3125 183
136 0.375 114
136 0.4375 140
136 0.5 116
136 0.5625 104
136 0.625 167
136 0.6875 248
136 0.75 418
136 0.8125 617
136 0.875 754
136 0.9375 822
137 0 715
137 0.0625 586
137 0.125 425
137 0.1875 315
137 0.25 205
137 0.3125 170
137 0.375 139
137 0.4375 128
137 0.5 108
137 0.5625 100
137 0.625 174
137 0.6875 251
137 0.75 430
137 0.8125 588
137 0.875 745
137 0.9375 780
138 0 707
138 0.0625 594
138 0.125 450
138 0.1875 292
138 0.25 205
138 0.3125 138
138 0.375 136
138 0.4375 109
138 0.5 115
138 0.5625 118
138 0.625 164
138 0.6875 251
138 0.75 433
138 0.8125 614
138 0.875 718
138 0.9375 796
139 0 737
139 0.0625 543
139 0.125 438
139 0.1875 321
139 0.25 219
139 0.3125 165
139 0.375 121
139 0.4375 123
139 0.5 124
139 0.5625 105
139 0.625 151
139 0.6875 247
139 0.75 458
139 0.8125 602
139 0.875 708
139 0.9375 779
140 0 714
140 0.0625 530
140 0.125 452
140 0.1875 305
140 0.25 234
140 0.3125 149
140 0.375 144
140 0.4375 116
140 0.5 114
140 0.5625 117
140 0.625 162
140 0.6875 244
140 0.75 422
140 0.8125 581
140 0.875 723
140 0.9375 712
141 0 705
141 0.0625 554
141 0.125 432
141 0.1875 299
141 0.25 173
141 0.3125 145
141 0.375 130
141 0.4375 118
141 0.5 104
141 0.5625 102
141 0.625 140
141 0.6875 269
141 0.75 423
141 0.8125 561
141 0.875 736
141 0.9375 743
142 0 696
142 0.0625 581
142 0.125 409
142 0.1875 291
142 0.25 212
142 0.3125 125
142 0.375 114
142 0.4375 104
142 0.5 92
142 0.5625 118
142 0.625 146
142 0.6875 238
142 0.75 393
142 0.8125 542
142 0.875 722
142 0.9375 769
143 0 633
143 0.0625 524
143 0.125 426
143 0.1875 320
143 0.25 216
143 0.3125 153
143 0.375 131
143 0.4375 102
143 0.5 116
143 0.5625 120
143 0.625 136
143 0.6875 232
143 0.75 436
143 0.8125 571
143 0.875 659
143 0.9375 693
144 0 645
144 0.0625 531
144 0.125 390
144 0.1875 292
144 0.25 175
144 0.3125 140
144 0.375 111
144 0.4375 104
144 0.5 92
144 0.5625 110
144 0.625 151
144 0.6875 241
144 0.75 397
144 0.8125 544
144 0.875 680
144 0.9375 678
145 0 672
145 0.0625 546
145 0.125 426
145 0.1875 259
145 0.25 189
145 0.3125 146
145 0.375 120
145 0.4375 112
145 0.5 118
145 0.5625 102
145 0.625 122
145 0.6875 229
145 0.75 405
145 0.8125 520
145 0.875 658
145 0.9375 700
146 0 610
146 0.0625 474
146 0.125 340
146 0.1875 282
146 0.25 207
146 0.3125 133
146 0.375 122
146 0.4375 125
146 0.5 98
146 0.5625 101
146 0.625 147
146 0.6875 215
146 0.75 367
146 0.8125 544
146 0.875 625
146 0.9375 664
147 0 597
147 0.0625 488
147 0.125 387
147 0.1875 247
147 0.25 185
147 0.3125 152
147 0.375 129
147 0.4375 118
147 0.5 102
147 0.5625 105
147 0.625 121
147 0.6875 227
147 0.75 394
147 0.8125 517
147 0.875 634
147 0.9375 707
148 0 622
148 0.0625 469
148 0.125 344
148 0.1875 256
148 0.25 159
148 0.3125 154
148 0.375 113
148 0.4375 113
148 0.5 120
148 0.5625 84
148 0.625 134
148 0.6875 212
148 0.75 391
148 0.8125 528
148 0.875 628
148 0.9375 651
149 0 622
149 0.0625 468
149 0.125 337
149 0.1875 248
149 0.25 167
149 0.3125 131
149 0.375 112
149 0.4375 101
149 0.5 113
149 0.5625 102
149 0.625 125
149 0.6875 215
149 0.75 366
149 0.8125 526
149 0.875 617
149 0.9375 671
150 0 589
150 0.0625 445
150 0.125 326
150 0.1875 247
150 0.25 169
150 0.3125 123
150 0.375 116
150 0.4375 84
150 0.5 96
150 0.5625 99
150 0.625 129
150 0.6875 216
150 0.75 343
150 0.8125 546
150 0.875 591
150 0.9375 622
151 0 585
151 0.0625 443
151 0.125 351
151 0.1875 222
151 0.25 169
151 0.3125 137
151 0.375 109
151 0.4375 101
151 0.5 97
151 0.5625 97
151 0.625 134
151 0.6875 227
151 0.75 347
151 0.8125 445
151 0.875 588
151 0.9375 616
152 0 600
152 0.0625 485
152 0.125 311
152 0.1875 238
152 0.25 163
152 0.3125 120
152 0.375 93
152 0.4375 69
152 0.5 93
152 0.5625 97
152 0.625 119
152 0.6875 183
152 0.75 359
152 0.8125 460
152 0.875 604
152 0.9375 593
153 0 501
153 0.0625 450
153 0.125 340
153 0.1875 220
153 0.25 162
153 0.3125 126
153 0.375 104
153 0.4375 95
153 0.5 95
153 0.5625 85
153 0.625 149
153 0.6875 219
153 0.75 278
153 0.8125 459
153 0.875 560
153 0.9375 607
154 0 518
154 0.0625 435
154 0.125 317
154 0.1875 220
154 0.25 161
154 0.3125 112
154 0.375 95
154 0.4375 76
154 0.5 85
154 0.5625 76
154 0.625 124
154 0.6875 204
154 0.75 336
154 0.8125 480
154 0.875 572
154 0.9375 630
155 0 573
155 0.0625 462
155 0.125 286
155 0.1875 270
155 0.25 170
155 0.3125 128
155 0.375 105
155 0.4375 95
155 0.5 86
155 0.5625 90
155 0.625 118
155 0.6875 211
155 0.75 304
155 0.8125 488
155 0.875 583
155 0.9375 598
156 0 547
156 0.0625 399
156 0.125 278
156 0.1875 185
156 0.25 159
156 0.3125 124
156 0.375 132
156 0.4375 106
156 0.5 85
156 0.5625 89
156 0.625 122
156 0.6875 188
156 0.75 345
156 0.8125 497
156 0.875 545
156 0.9375 567
157 0 552
157 0.0625 437
157 0.125 303
157 0.1875 186
157 0.25 145
157 0.3125 133
157 0.375 86
157 0.4375 80
157 0.5 75
157 0.5625 87
157 0.625 127
157 0.6875 216
157 0.75 306
157 0.8125 456
157 0.875 563
157 0.9375 569
158 0 513
158 0.0625 406
158 0.125 313
158 0.1875 213
158 0.25 172
158 0.3125 125
158 0.375 104
158 0.4375 93
158 0.5 101
158 0.5625 88
158 0.625 111
158 0.6875 176
158 0.75 329
158 0.8125 423
158 0.875 534
158 0.9375 572
159 0 513
159 0.0625 432
159 0.125 265
159 0.1875 215
159 0.25 157
159 0.3125 111
159 0.375 106
159 0.4375 81
159 0.5 89
159 0.5625 102
159 0.625 107
159 0.6875 166
159 0.75 332
159 0.8125 439
159 0.875 546
159 0.9375 549
160 0 483
160 0.0625 383
160 0.125 285
160 0.1875 211
160 0.25 161
160 0.3125 125
160 0.375 98
160 0.4375 87
160 0.5 85
160 0.5625 83
160 0.625 116
160 0.6875 196
160 0.75 313
160 0.8125 452
160 0.875 552
160 0.9375 557
161 0 485
161 0.0625 384
161 0.125 266
161 0.1875 189
161 0.25 125
161 0.3125 109
161 0.375 115
161 0.4375 81
161 0.5 66
161 0.5625 96
161 0.625 106
161 0.6875 197
161 0.75 308
161 0.8125 442
161 0.875 544
161 0.9375 547
162 0 486
162 0.0625 394
162 0.125 304
162 0.1875 184
162 0.25 138
162 0.3125 103
162 0.375 88
162 0.4375 93
162 0.5 82
162 0.5625 96
162 0.625 107
162 0.6875 197
162 0.75 295
162 0.8125 407
162 0.875 528
162 0.9375 534
163 0 481
163 0.0625 368
163 0.125 269
163 0.1875 198
163 0.25 153
163 0.3125 112
163 0.375 77
163 0.4375 68
163 0.5 57
163 0.5625 87
163 0.625 123
163 0.6875 166
163 0.75 289
163 0.8125 405
163 0.875 485
163 0.9375 540
164 0 468
164 0.0625 400
164 0.125 280
164 0.1875 209
164 0.25 141
164 0.3125 108
164 0.375 101
164 0.4375 89
164 0.5 69
164 0.5625 81
164 0.625 113
164 0.6875 198
164 0.75 299
164 0.8125 405
164 0.875 467
164 0.9375 480
165 0 491
165 0.0625 382
165 0.125 271
165 0.1875 181
165 0.25 129
165 0.3125 108
165 0.375 83
165 0.4375 71
165 0.5 86
165 0.5625 89
165 0.625 106
165 0.6875 164
165 0.75 275
165 0.8125 406
165 0.875 473
165 0.9375 502
166 0 450
166 0.0625 348
166 0.125 268
166 0.1875 199
166 0.25 120
166 0.3125 101
166 0.375 106
166 0.4375 81
166 0.5 73
166 0.5625 81
166 0.625 88
166 0.6875 192
166 0.75 283
166 0.8125 318
166 0.875 519
166 0.9375 532
167 0 445
167 0.0625 364
167 0.125 253
167 0.1875 195
167 0.25 122
167 0.3125 102
167 0.375 104
167 0.4375 78
167 0.5 70
167 0.5625 79
167 0.625 83
167 0.6875 175
167 0.75 265
167 0.8125 386
167 0.875 443
167 0.9375 525
168 0 423
168 0.0625 329
168 0.125 261
168 0.1875 169
168 0.25 151
168 0.3125 86
168 0.375 86
168 0.4375 76
168 0.5 66
168 0.5625 91
168 0.625 96
168 0.6875 173
168 0.75 285
168 0.8125 376
168 0.875 457
168 0.9375 444
169 0 453
169 0.0625 321
169 0.125 262
169 0.1875 184
169 0.25 116
169 0.3125 108
169 0.375 87
169 0.4375 81
169 0.5 73
169 0.5625 83
169 0.625 98
169 0.6875 157
169 0.75 273
169 0.8125 374
169 0.875 436
169 0.9375 449
170 0 421
170 0.0625 332
170 0.125 240
170 0.1875 163
170 0.25 131
170 0.3125 102
170 0.375 89
170 0.4375 80
170 0.5 78
170 0.5625 86
170 0.625 106
170 0.6875 183
170 0.75 260
170 0.8125 369
170 0.875 429
170 0.9375 458
171 0 387
171 0.0625 337
171 0.125 242
171 0.1875 189
171 0.25 133
171 0.3125 84
171 0.375 69
171 0.4375 73
171 0.5 70
171 0.5625 68
171 0.625 86
171 0.6875 152
171 0.75 278
171 0.8125 370
171 0.875 430
171 0.9375 437
172 0 434
172 0.0625 316
172 0.125 246
172 0.1875 156
172 0.25 134
172 0.3125 107
172 0.375 88
172 0.4375 84
172 0.5 90
172 0.5625 77
172 0.625 100
172 0.6875 155
172 0.75 248
172 0.8125 354
172 0.875 455
172 0.9375 466
173 0 365
173 0.0625 331
173 0.125 222
173 0.1875 166
173 0.25 119
173 0.3125 81
173 0.375 67
173 0.4375 73
173 0.5 72
173 0.5625 79
173 0.625 91
173 0.6875 153
173 0.75 259
173 0.8125 356
173 0.875 414
173 0.9375 419
174 0 376
174 0.0625 287
174 0.125 218
174 0.1875 192
174 0.25 117
174 0.3125 105
174 0.375 78
174 0.4375 73
174 0.5 81
174 0.5625 77
174 0.625 92
174 0.6875 141
174 0.75 263
174 0.8125 339
174 0.875 429
174 0.9375 413
175 0 373
175 0.0625 342
175 0.125 221
175 0.1875 163
175 0.25 102
175 0.3125 102
175 0.375 71
175 0.4375 77
175 0.5 87
175 0.5625 57
175 0.625 94
175 0.6875 137
175 0.75 225
175 0.8125 327
175 0.875 391
175 0.9375 369
176 0 346
176 0.0625 322
176 0.125 205
176 0.1875 157
176 0.25 116
176 0.3125 92
176 0.375 56
176 0.4375 65
176 0.5 72
176 0.5625 72
176 0.625 79
176 0.6875 142
176 0.75 259
176 0.8125 313
176 0.875 372
176 0.9375 375
177 0 371
177 0.0625 310
177 0.125 194
177 0.1875 129
177 0.25 125
177 0.3125 92
177 0.375 58
177 0.4375 69
177 0.5 65
177 0.5625 69
177 0.625 64
177 0.6875 139
177 0.75 224
177 0.8125 323
177 0.875 400
177 0.9375 437
178 0 351
178 0.0625 247
178 0.125 201
178 0.1875 133
178 0.25 103
178 0.3125 86
178 0.375 82
178 0.4375 69
178 0.5 50
178 0.5625 53
178 0.625 92
178 0.6875 141
178 0.75 200
178 0.8125 322
178 0.875 428
178 0.9375 378
179 0 336
179 0.0625 256
179 0.125 202
179 0.1875 125
179 0.25 110
179 0.3125 72
179 0.375 75
179 0.4375 60
179 0.5 62
179 0.5625 56
179 0.625 99
179 0.6875 132
179 0.75 212
179 0.8125 336
179 0.875 387
179 0.9375 398
180 0 372
180 0.0625 264
180 0.125 194
180 0.1875 154
180 0.25 97
180 0.3125 73
180 0.375 75
180 0.4375 64
180 0.5 61
180 0.5625 63
180 0.625 85
180 0.6875 139
180 0.75 220
180 0.8125 324
180 0.875 341
180 0.9375 380
181 0 331
181 0.0625 278
181 0.125 193
181 0.1875 113
181 0.25 120
181 0.3125 87
181 0.375 75
181 0.4375 65
181 0.5 56
181 0.5625 58
181 0.625 88
181 0.6875 146
181 0.75 183
181 0.8125 315
181 0.875 401
181 0.9375 379
182 0 316
182 0.0625 257
182 0.125 179
182 0.1875 123
182 0.25 98
182 0.3125 97
182 0.375 78
182 0.4375 61
182 0.5 59
182 0.5625 53
182 0.625 86
182 0.6875 123
182 0.75 192
182 0.8125 292
182 0.875 362
182 0.9375 402
183 0 304
183 0.0625 234
183 0.125 190
183 0.1875 106
183 0.25 96
183 0.3125 73
183 0.375 76
183 0.4375 54
183 0.5 62
183 0.5625 71
183 0.625 91
183 0.6875 137
183 0.75 199
183 0.8125 283
183 0.875 366
183 0.9375 333
184 0 302
184 0.0625 243
184 0.125 178
184 0.1875 125
184 0.25 95
184 0.3125 78
184 0.375 61
184 0.4375 69
184 0.5 41
184 0.5625 70
184 0.625 77
184 0.6875 116
184 0.75 213
184 0.8125 271
184 0.875 341
184 0.9375 369
185 0 321
185 0.0625 232
185 0.125 182
185 0.1875 119
185 0.25 92
185 0.3125 64
185 0.375 66
185 0.4375 57
185 0.5 64
185 0.5625 59
185 0.625 69
185 0.6875 126
185 0.75 188
185 0.8125 269
185 0.875 328
185 0.9375 348
186 0 262
186 0.0625 224
186 0.125 145
186 0.1875 120
186 0.25 95
186 0.3125 66
186 0.375 47
186 0.4375 52
186 0.5 60
186 0.5625 54
186 0.625 78
186 0.6875 127
186 0.75 184
186 0.8125 248
186 0.875 340
186 0.9375 371
187 0 307
187 0.0625 223
187 0.125 184
187 0.1875 117
187 0.25 93
187 0.3125 77
187 0.375 59
187 0.4375 58
187 0.5 60
187 0.5625 57
187 0.625 54
187 0.6875 148
187 0.75 190
187 0.8125 286
187 0.875 321
187 0.9375 348
188 0 304
188 0.0625 241
188 0.125 165
188 0.1875 123
188 0.25 109
188 0.3125 79
188 0.375 52
188 0.4375 58
188 0.5 71
188 0.5625 54
188 0.625 85
188 0.6875 100
188 0.75 199
188 0.8125 265
188 0.875 330
188 0.9375 363
189 0 316
189 0.0625 222
189 0.125 175
189 0.1875 100
189 0.25 93
189 0.3125 55
189 0.375 63
189 0.4375 52
189 0.5 50
189 0.5625 58
189 0.625 79
189 0.6875 117
189 0.75 193
189 0.8125 253
189 0.875 313
189 0.9375 330
190 0 284
190 0.0625 216
190 0.125 162
190 0.1875 121
190 0.25 94
190 0.3125 69
190 0.375 50
190 0.4375 51
190 0.5 55
190 0.5625 44
190 0.625 86
190 0.6875 119
190 0.75 184
190 0.8125 277
190 0.875 306
190 0.9375 307
191 0 271
191 0.0625 219
191 0.125 159
191 0.1875 121
191 0.25 76
191 0.3125 59
191 0.375 60
191 0.4375 56
191 0.5 48
191 0.5625 45
191 0.625 93
191 0.6875 107
191 0.75 176
191 0.8125 248
191 0.875 292
191 0.9375 323
192 0 251
192 0.0625 197
192 0.125 160
192 0.1875 96
192 0.25 83
192 0.3125 73
192 0.375 53
192 0.4375 47
192 0.5 66
192 0.5625 56
192 0.625 75
192 0.6875 124
192 0.75 206
192 0.8125 260
192 0.875 300
192 0.9375 303
193 0 294
193 0.0625 184
193 0.125 141
193 0.1875 108
193 0.25 70
193 0.3125 59
193 0.375 57
193 0.4375 58
193 0.5 57
193 0.5625 47
193 0.625 74
193 0.6875 110
193 0.75 169
193 0.8125 278
193 0.875 268
193 0.9375 289
194 0 271
194 0.0625 192
194 0.125 142
194 0.1875 122
194 0.25 94
194 0.3125 67
194 0.375 58
194 0.4375 42
194 0.5 66
194 0.5625 53
194 0.625 63
194 0.6875 131
194 0.75 175
194 0.8125 234
194 0.875 281
194 0.9375 268
195 0 252
195 0.0625 215
195 0.125 142
195 0.1875 102
195 0.25 82
195 0.3125 79
195 0.375 54
195 0.4375 39
195 0.5 48
195 0.5625 48
195 0.625 51
195 0.6875 114
195 0.75 162
195 0.8125 230
195 0.875 291
195 0.9375 287
196 0 255
196 0.0625 211
196 0.125 144
196 0.1875 106
196 0.25 70
196 0.3125 59
196 0.375 68
196 0.4375 51
196 0.5 51
196 0.5625 46
196 0.625 65
196 0.6875 129
196 0.75 166
196 0.8125 236
196 0.875 295
196 0.9375 309
197 0 233
197 0.0625 195
197 0.125 154
197 0.1875 105
197 0.25 77
197 0.3125 66
197 0.375 44
197 0.4375 49
197 0.5 40
197 0.5625 51
197 0.625 68
197 0.6875 93
197 0.75 161
197 0.8125 204
197 0.875 250
197 0.9375 268
198 0 234
198 0.0625 200
198 0.125 125
198 0.1875 108
198 0.25 82
198 0.3125 64
198 0.375 53
198 0.4375 56
198 0.5 50
198 0.5625 46
198 0.625 66
198 0.6875 104
198 0.75 152
198 0.8125 241
198 0.875 244
198 0.9375 277
199 0 219
199 0.0625 175
199 0.125 142
199 0.1875 107
199 0.25 68
199 0.3125 53
199 0.375 60
199 0.4375 45
199 0.5 49
199 0.5625 46
199 0.625 63
199 0.6875 110
199 0.75 170
199 0.8125 200
199 0.875 252
199 0.9375 277
200 0 242
200 0.0625 161
200 0.125 137
200 0.1875 79
200 0.25 80
200 0.3125 53
200 0.375 43
200 0.4375 55
200 0.5 57
200 0.5625 48
200 0.625 68
200 0.6875 106
200 0.75 120
200 0.8125 195
200 0.875 238
200 0.9375 250
201 0 220
201 0.0625 164
201 0.125 126
201 0.1875 88
201 0.25 80
201 0.3125 69
201 0.375 49
201 0.4375 48
201 0.5 50
201 0.5625 44
201 0.625 52
201 0.6875 106
201 0.75 154
201 0.8125 223
201 0.875 264
201 0.9375 251
202 0 220
202 0.0625 179
202 0.125 134
202 0.1875 88
202 0.25 81
202 0.3125 59
202 0.375 43
202 0.4375 45
202 0.5 50
202 0.5625 44
202 0.625 57
202 0.6875 84
202 0.75 140
202 0.8125 214
202 0.875 249
202 0.9375 238
203 0 194
203 0.0625 165
203 0.125 139
203 0.1875 97
203 0.25 69
203 0.3125 63
203 0.375 56
203 0.4375 56
203 0.5 40
203 0.5625 49
203 0.625 66
203 0.6875 96
203 0.75 139
203 0.8125 205
203 0.875 231
203 0.9375 225
204 0 232
204 0.0625 166
204 0.125 118
204 0.1875 77
204 0.25 51
204 0.3125 53
204 0.375 49
204 0.4375 60
204 0.5 37
204 0.5625 42
204 0.625 51
204 0.6875 85
204 0.75 145
204 0.8125 190
204 0.875 239
204 0.9375 221
205 0 204
205 0.0625 166
205 0.125 113
205 0.1875 75
205 0.25 69
205 0.3125 55
205 0.375 45
205 0.4375 36
205 0.5 47
205 0.5625 42
205 0.625 62
205 0.6875 103
205 0.75 143
205 0.8125 187
205 0.875 214
205 0.9375 209
206 0 208
206 0.0625 138
206 0.125 132
206 0.1875 85
206 0.25 58
206 0.3125 40
206 0.375 53
206 0.4375 49
206 0.5 60
206 0.5625 45
206 0.625 65
206 0.6875 85
206 0.75 160
206 0.8125 163
206 0.875 218
206 0.9375 225
207 0 184
207 0.0625 122
207 0.125 131
207 0.1875 74
207 0.25 47
207 0.3125 58
207 0.375 38
207 0.4375 45
207 0.5 42
207 0.5625 54
207 0.625 47
207 0.6875 79
207 0.75 123
207 0.8125 180
207 0.875 222
207 0.9375 212
208 0 177
208 0.0625 139
208 0.125 96
208 0.1875 76
208 0.25 70
208 0.3125 56
208 0.375 53
208 0.4375 35
208 0.5 49
208 0.5625 55
208 0.625 36
208 0.6875 93
208 0.75 126
208 0.8125 159
208 0.875 221
208 0.9375 200
209 0 157
209 0.0625 151
209 0.125 113
209 0.1875 85
209 0.25 61
209 0.3125 43
209 0.375 32
209 0.4375 35
209 0.5 48
209 0.5625 47
209 0.625 57
209 0.6875 78
209 0.75 124
209 0.8125 172
209 0.875 175
209 0.9375 195
210 0 195
210 0.0625 127
210 0.125 103
210 0.1875 86
210 0.25 59
210 0.3125 59
210 0.375 43
210 0.4375 33
210 0.5 39
210 0.5625 35
210 0.625 46
210 0.6875 95
210 0.75 133
210 0.8125 155
210 0.875 165
210 0.9375 185
211 0 168
211 0.0625 115
211 0.125 101
211 0.1875 76
211 0.25 53
211 0.3125 49
211 0.375 30
211 0.4375 46
211 0.5 32
211 0.5625 36
211 0.625 65
211 0.6875 77
211 0.75 109
211 0.8125 145
211 0.875 208
211 0.9375 183
212 0 164
212 0.0625 112
212 0.125 88
212 0.1875 55
212 0.25 47
212 0.3125 37
212 0.375 37
212 0.4375 35
212 0.5 31
212 0.5625 29
212 0.625 35
212 0.6875 59
212 0.75 117
212 0.8125 148
212 0.875 130
212 0.9375 177
213 0 151
213 0.0625 98
213 0.125 96
213 0.1875 66
213 0.25 47
213 0.3125 37
213 0.375 30
213 0.4375 30
213 0.5 30
213 0.5625 39
213 0.625 42
213 0.6875 48
213 0.75 102
213 0.8125 142
213 0.875 161
213 0.9375 160
214 0 161
214 0.0625 114
214 0.125 68
214 0.1875 68
214 0.25 44
214 0.3125 34
214 0.375 24
214 0.4375 28
214 0.5 35
214 0.5625 43
214 0.625 52
214 0.6875 58
214 0.75 90
214 0.8125 138
214 0.875 152
214 0.9375 159
215 0 137
215 0.0625 109
215 0.125 74
215 0.1875 72
215 0.25 37
215 0.3125 30
215 0.375 31
215 0.4375 33
215 0.5 43
215 0.5625 29
215 0.625 42
215 0.6875 50
215 0.75 95
215 0.8125 111
215 0.875 147
215 0.9375 162
216 0 119
216 0.0625 101
216 0.125 65
216 0.1875 43
216 0.25 41
216 0.3125 39
216 0.375 26
216 0.4375 33
216 0.5 33
216 0.5625 28
216 0.625 47
216 0.6875 58
216 0.75 74
216 0.8125 128
216 0.875 147
216 0.9375 127
217 0 113
217 0.0625 97
217 0.125 72
217 0.1875 50
217 0.25 38
217 0.3125 40
217 0.375 49
217 0.4375 24
217 0.5 21
217 0.5625 23
217 0.625 37
217 0.6875 57
217 0.75 91
217 0.8125 95
217 0.875 151
217 0.9375 117
218 0 122
218 0.0625 81
218 0.125 76
218 0.1875 46
218 0.25 41
218 0.3125 34
218 0.375 27
218 0.4375 27
218 0.5 26
218 0.5625 29
218 0.625 43
218 0.6875 39
218 0.75 58
218 0.8125 109
218 0.875 104
218 0.9375 127
219 0 104
219 0.0625 68
219 0.125 66
219 0.1875 40
219 0.25 42
219 0.3125 28
219 0.375 28
219 0.4375 24
219 0.5 18
219 0.5625 22
219 0.625 23
219 0.6875 53
219 0.75 72
219 0.8125 80
219 0.875 124
219 0.9375 138
220 0 102
220 0.0625 83
220 0.125 66
220 0.1875 41
220 0.25 35
220 0.3125 22
220 0.375 19
220 0.4375 23
220 0.5 25
220 0.5625 23
220 0.625 25
220 0.6875 44
220 0.75 73
220 0.8125 99
220 0.875 92
220 0.9375 104
221 0 82
221 0.0625 68
221 0.125 50
221 0.1875 45
221 0.25 33
221 0.3125 29
221 0.375 29
221 0.4375 16
221 0.5 16
221 0.5625 23
221 0.625 23
221 0.6875 46
221 0.75 75
221 0.8125 82
221 0.875 98
221 0.9375 112
222 0 88
222 0.0625 76
222 0.125 59
222 0.1875 40
222 0.25 34
222 0.3125 25
222 0.375 31
222 0.4375 22
222 0.5 22
222 0.5625 15
222 0.625 21
222 0.6875 45
222 0.75 60
222 0.8125 98
222 0.875 95
222 0.9375 107
223 0 83
223 0.0625 65
223 0.125 43
223 0.1875 31
223 0.25 33
223 0.3125 25
223 0.375 29
223 0.4375 19
223 0.5 25
223 0.5625 27
223 0.625 31
223 0.6875 46
223 0.75 55
223 0.8125 77
223 0.875 87
223 0.9375 86
224 0 94
224 0.0625 71
224 0.125 42
224 0.1875 25
224 0.25 31
224 0.3125 18
224 0.375 21
224 0.4375 25
224 0.5 9
224 0.5625 16
224 0.625 28
224 0.6875 37
224 0.75 56
224 0.8125 99
224 0.875 95
224 0.9375 95
225 0 90
225 0.0625 70
225 0.125 59
225 0.1875 30
225 0.25 31
225 0.3125 23
225 0.375 22
225 0.4375 27
225 0.5 15
225 0.5625 20
225 0.625 21
225 0.6875 38
225 0.75 59
225 0.8125 93
225 0.875 89
225 0.9375 92
226 0 67
226 0.0625 65
226 0.125 46
226 0.1875 36
226 0.25 29
226 0.3125 19
226 0.375 25
226 0.4375 19
226 0.5 22
226 0.5625 28
226 0.625 30
226 0.6875 35
226 0.75 53
226 0.8125 74
226 0.875 85
226 0.9375 108
227 0 89
227 0.0625 55
227 0.125 52
227 0.1875 36
227 0.25 32
227 0.3125 26
227 0.375 34
227 0.4375 24
227 0.5 27
227 0.5625 26
227 0.625 24
227 0.6875 45
227 0.75 54
227 0.8125 77
227 0.875 96
227 0.9375 98
228 0 65
228 0.0625 63
228 0.125 41
228 0.1875 32
228 0.25 34
228 0.3125 27
228 0.375 33
228 0.4375 26
228 0.5 21
228 0.5625 17
228 0.625 18
228 0.6875 37
228 0.75 60
228 0.8125 81
228 0.875 105
228 0.9375 86
229 0 67
229 0.0625 65
229 0.125 39
229 0.1875 44
229 0.25 31
229 0.3125 19
229 0.375 18
229 0.4375 22
229 0.5 25
229 0.5625 17
229 0.625 34
229 0.6875 36
229 0.75 70
229 0.8125 89
229 0.875 78
229 0.9375 81
230 0 94
230 0.0625 76
230 0.125 28
230 0.1875 40
230 0.25 26
230 0.3125 20
230 0.375 19
230 0.4375 32
230 0.5 23
230 0.5625 21
230 0.625 31
230 0.6875 31
230 0.75 52
230 0.8125 64
230 0.875 94
230 0.9375 78
231 0 82
231 0.0625 69
231 0.125 42
231 0.1875 33
231 0.25 26
231 0.3125 27
231 0.375 14
231 0.4375 14
231 0.5 10
231 0.5625 10
231 0.625 16
231 0.6875 39
231 0.75 62
231 0.8125 70
231 0.875 105
231 0.9375 95
232 0 71
232 0.0625 55
232 0.125 41
232 0.1875 38
232 0.25 28
232 0.3125 20
232 0.375 17
232 0.4375 22
232 0.5 16
232 0.5625 24
232 0.625 26
232 0.6875 40
232 0.75 66
232 0.8125 78
232 0.875 89
232 0.9375 73
233 0 86
233 0.0625 46
233 0.125 47
233 0.1875 29
233 0.25 32
233 0.3125 19
233 0.375 13
233 0.4375 16
233 0.5 26
233 0.5625 19
233 0.625 23
233 0.6875 36
233 0.75 59
233 0.8125 73
233 0.875 86
233 0.9375 90
234 0 86
234 0.0625 63
234 0.125 57
234 0.1875 38
234 0.25 37
234 0.3125 19
234 0.375 20
234 0.4375 28
234 0.5 20
234 0.5625 10
234 0.625 21
234 0.6875 41
234 0.75 59
234 0.8125 76
234 0.875 109
234 0.9375 69
235 0 76
235 0.0625 67
235 0.125 38
235 0.1875 40
235 0.25 21
235 0.3125 20
235 0.375 22
235 0.4375 12
235 0.5 25
235 0.5625 24
235 0.625 27
235 0.6875 43
235 0.75 51
235 0.8125 71
235 0.875 95
235 0.9375 88
236 0 81
236 0.0625 52
236 0.125 52
236 0.1875 31
236 0.25 25
236 0.3125 24
236 0.375 18
236 0.4375 13
236 0.5 14
236 0.5625 13
236 0.625 35
236 0.6875 43
236 0.75 60
236 0.8125 79
236 0.875 87
236 0.9375 78
237 0 72
237 0.0625 60
237 0.125 56
237 0.1875 34
237 0.25 30
237 0.3125 23
237 0.375 16
237 0.4375 16
237 0.5 18
237 0.5625 18
237 0.625 25
237 0.6875 33
237 0.75 54
237 0.8125 88
237 0.875 82
237 0.9375 84
238 0 66
238 0.0625 57
238 0.125 30
238 0.1875 46
238 0.25 22
238 0.3125 22
238 0.375 20
238 0.4375 18
238 0.5 18
238 0.5625 23
238 0.625 23
238 0.6875 35
238 0.75 50
238 0.8125 72
238 0.875 83
238 0.9375 93
239 0 80
239 0.0625 47
239 0.125 48
239 0.1875 38
239 0.25 30
239 0.3125 27
239 0.375 18
239 0.4375 18
239 0.5 23
239 0.5625 28
239 0.625 31
239 0.6875 34
239 0.75 39
239 0.8125 79
239 0.875 78
239 0.9375 87
240 0 66
240 0.0625 70
240 0.125 42
240 0.1875 23
240 0.25 22
240 0.3125 23
240 0.375 28
240 0.4375 25
240 0.5 20
240 0.5625 22
240 0.625 20
240 0.6875 33
240 0.75 54
240 0.8125 53
240 0.875 90
240 0.9375 83
241 0 69
241 0.0625 54
241 0.125 39
241 0.1875 28
241 0.25 26
241 0.3125 25
241 0.375 24
241 0.4375 16
241 0.5 17
241 0.5625 18
241 0.625 21
241 0.6875 32
241 0.75 55
241 0.8125 77
241 0.875 74
241 0.9375 73
242 0 80
242 0.0625 72
242 0.125 50
242 0.1875 31
242 0.25 22
242 0.3125 21
242 0.375 22
242 0.4375 23
242 0.5 28
242 0.5625 15
242 0.625 25
242 0.6875 31
242 0.75 55
242 0.8125 61
242 0.875 71
242 0.9375 80
243 0 77
243 0.0625 59
243 0.125 44
243 0.1875 28
243 0.25 30
243 0.3125 21
243 0.375 29
243 0.4375 26
243 0.5 19
243 0.5625 22
243 0.625 27
243 0.6875 30
243 0.75 54
243 0.8125 58
243 0.875 71
243 0.9375 75
244 0 60
244 0.0625 52
244 0.125 39
244 0.1875 32
244 0.25 23
244 0.3125 23
244 0.375 26
244 0.4375 21
244 0.5 14
244 0.5625 17
244 0.625 28
244 0.6875 35
244 0.75 72
244 0.8125 62
244 0.875 69
244 0.9375 85
245 0 70
245 0.0625 46
245 0.125 39
245 0.1875 27
245 0.25 29
245 0.3125 21
245 0.375 17
245 0.4375 18
245 0.5 16
245 0.5625 28
245 0.625 18
245 0.6875 36
245 0.75 39
245 0.8125 81
245 0.875 70
245 0.9375 82
246 0 66
246 0.0625 58
246 0.125 43
246 0.1875 31
246 0.25 30
246 0.3125 25
246 0.375 22
246 0.4375 21
246 0.5 15
246 0.5625 28
246 0.625 31
246 0.6875 26
246 0.75 54
246 0.8125 55
246 0.875 78
246 0.9375 79
247 0 61
247 0.0625 63
247 0.125 32
247 0.1875 33
247 0.25 23
247 0.3125 14
247 0.375 13
247 0.4375 26
247 0.5 21
247 0.5625 10
247 0.625 20
247 0.6875 35
247 0.75 49
247 0.8125 61
247 0.875 84
247 0.9375 68
248 0 74
248 0.0625 53
248 0.125 39
248 0.1875 40
248 0.25 25
248 0.3125 21
248 0.375 17
248 0.4375 19
248 0.5 24
248 0.5625 27
248 0.625 21
248 0.6875 36
248 0.75 49
248 0.8125 48
248 0.875 63
248 0.9375 66
249 0 83
249 0.0625 48
249 0.125 43
249 0.1875 29
249 0.25 27
249 0.3125 13
249 0.375 20
249 0.4375 21
249 0.5 22
249 0.5625 15
249 0.625 21
249 0.6875 34
249 0.75 61
249 0.8125 71
249 0.875 69
249 0.9375 69
250 0 69
250 0.0625 51
250 0.125 36
250 0.1875 40
250 0.25 16
250 0.3125 23
250 0.375 21
250 0.4375 16
250 0.5 13
250 0.5625 17
250 0.625 18
250 0.6875 37
250 0.75 45
250 0.8125 55
250 0.875 72
250 0.9375 72
251 0 67
251 0.0625 54
251 0.125 42
251 0.1875 26
251 0.25 19
251 0.3125 19
251 0.375 13
251 0.4375 12
251 0.5 20
251 0.5625 15
251 0.625 25
251 0.6875 25
251 0.75 46
251 0.8125 78
251 0.875 88
251 0.9375 69
252 0 77
252 0.0625 42
252 0.125 32
252 0.1875 38
252 0.25 26
252 0.3125 23
252 0.375 16
252 0.4375 16
252 0.5 15
252 0.5625 28
252 0.625 17
252 0.6875 29
252 0.75 53
252 0.8125 56
252 0.875 74
252 0.9375 70
253 0 50
253 0.0625 47
253 0.125 40
253 0.1875 33
253 0.25 29
253 0.3125 17
253 0.375 17
253 0.4375 16
253 0.5 16
253 0.5625 15
253 0.625 35
253 0.6875 37
253 0.75 45
253 0.8125 64
253 0.875 87
253 0.9375 71
254 0 67
254 0.0625 56
254 0.125 34
254 0.1875 26
254 0.25 21
254 0.3125 27
254 0.375 15
254 0.4375 15
254 0.5 11
254 0.5625 19
254 0.625 15
254 0.6875 27
254 0.75 54
254 0.8125 67
254 0.875 68
254 0.9375 63
255 0 58
255 0.0625 39
255 0.125 47
255 0.1875 31
255 0.25 19
255 0.3125 31
255 0.375 28
255 0.4375 17
255 0.5 21
255 0.5625 29
255 0.625 25
255 0.6875 28
255 0.75 41
255 0.8125 54
255 0.875 68
255 0.9375 88
256 0 65
256 0.0625 53
256 0.125 36
256 0.1875 34
256 0.25 23
256 0.3125 21
256 0.375 21
256 0.4375 12
256 0.5 21
256 0.5625 31
256 0.625 31
256 0.6875 30
256 0.75 47
256 0.8125 55
256 0.875 68
256 0.9375 60
257 0 56
257 0.0625 33
257 0.125 21
257 0.1875 25
257 0.25 22
257 0.3125 21
257 0.375 25
257 0.4375 17
257 0.5 17
257 0.5625 19
257 0.625 20
257 0.6875 42
257 0.75 42
257 0.8125 51
257 0.875 69
257 0.9375 70
258 0 63
258 0.0625 60
258 0.125 33
258 0.1875 21
258 0.25 22
258 0.3125 19
258 0.375 17
258 0.4375 15
258 0.5 13
258 0.5625 20
258 0.625 19
258 0.6875 28
258 0.75 49
258 0.8125 73
258 0.875 58
258 0.9375 69
259 0 60
259 0.0625 44
259 0.125 26
259 0.1875 25
259 0.25 21
259 0.3125 16
259 0.375 23
259 0.4375 19
259 0.5 22
259 0.5625 19
259 0.625 21
259 0.6875 21
259 0.75 38
259 0.8125 58
259 0.875 46
259 0.9375 63
260 0 60
260 0.0625 31
260 0.125 34
260 0.1875 24
260 0.25 23
260 0.3125 21
260 0.375 16
260 0.4375 15
260 0.5 12
260 0.5625 12
260 0.625 25
260 0.6875 31
260 0.75 44
260 0.8125 60
260 0.875 73
260 0.9375 80
261 0 58
261 0.0625 49
261 0.125 26
261 0.1875 31
261 0.25 17
261 0.3125 21
261 0.375 17
261 0.4375 25
261 0.5 20
261 0.5625 16
261 0.625 26
261 0.6875 29
261 0.75 44
261 0.8125 43
261 0.875 57
261 0.9375 53
262 0 50
262 0.0625 45
262 0.125 32
262 0.1875 22
262 0.25 22
262 0.3125 18
262 0.375 17
262 0.4375 13
262 0.5 23
262 0.5625 16
262 0.625 23
262 0.6875 31
262 0.75 47
262 0.8125 55
262 0.875 59
262 0.9375 64
263 0 64
263 0.0625 39
263 0.125 28
263 0.1875 27
263 0.25 27
263 0.3125 17
263 0.375 22
263 0.4375 18
263 0.5 18
263 0.5625 17
263 0.625 22
263 0.6875 33
263 0.75 41
263 0.8125 65
263 0.875 62
263 0.9375 56
264 0 57
264 0.0625 39
264 0.125 27
264 0.1875 18
264 0.25 27
264 0.3125 18
264 0.375 18
264 0.4375 16
264 0.5 18
264 0.5625 14
264 0.625 16
264 0.6875 26
264 0.75 40
264 0.8125 43
264 0.875 49
264 0.9375 48
265 0 51
265 0.0625 34
265 0.125 40
265 0.1875 22
265 0.25 18
265 0.3125 20
265 0.375 15
265 0.4375 12
265 0.5 12
265 0.5625 18
265 0.625 14
265 0.6875 19
265 0.75 39
265 0.8125 35
265 0.875 58
265 0.9375 54
266 0 44
266 0.0625 43
266 0.125 28
266 0.1875 25
266 0.25 20
266 0.3125 13
266 0.375 19
266 0.4375 19
266 0.5 13
266 0.5625 13
266 0.625 23
266 0.6875 23
266 0.75 34
266 0.8125 43
266 0.875 56
266 0.9375 68
267 0 51
267 0.0625 44
267 0.125 27
267 0.1875 33
267 0.25 20
267 0.3125 16
267 0.375 17
267 0.4375 15
267 0.5 19
267 0.5625 14
267 0.625 21
267 0.6875 31
267 0.75 39
267 0.8125 51
267 0.875 48
267 0.9375 55
268 0 43
268 0.0625 43
268 0.125 20
268 0.1875 27
268 0.25 20
268 0.3125 10
268 0.375 16
268 0.4375 13
268 0.5 22
268 0.5625 15
268 0.625 18
268 0.6875 39
268 0.75 45
268 0.8125 49
268 0.875 32
268 0.9375 59
269 0 56
269 0.0625 32
269 0.125 22
269 0.1875 26
269 0.25 13
269 0.3125 13
269 0.375 21
269 0.4375 16
269 0.5 19
269 0.5625 21
269 0.625 16
269 0.6875 33
269 0.75 40
269 0.8125 47
269 0.875 60
269 0.9375 56
270 0 45
270 0.0625 29
270 0.125 29
270 0.1875 17
270 0.25 19
270 0.3125 12
270 0.375 15
270 0.4375 14
270 0.5 17
270 0.5625 13
270 0.625 22
270 0.6875 35
270 0.75 39
270 0.8125 48
270 0.875 48
270 0.9375 60
271 0 41
271 0.0625 45
271 0.125 29
271 0.1875 19
271 0.25 21
271 0.3125 18
271 0.375 18
271 0.4375 12
271 0.5 16
271 0.5625 8
271 0.625 18
271 0.6875 28
271 0.75 37
271 0.8125 51
271 0.875 52
271 0.9375 56
272 0 47
272 0.0625 49
272 0.125 26
272 0.1875 28
272 0.25 20
272 0.3125 21
272 0.375 14
272 0.4375 13
272 0.5 11
272 0.5625 12
272 0.625 14
272 0.6875 20
272 0.75 40
272 0.8125 50
272 0.875 43
272 0.9375 52
273 0 38
273 0.0625 36
273 0.125 31
273 0.1875 22
273 0.25 19
273 0.3125 13
273 0.375 17
273 0.4375 8
273 0.5 21
273 0.5625 12
273 0.625 16
273 0.6875 31
273 0.75 30
273 0.8125 48
273 0.875 56
273 0.9375 47
274 0 43
274 0.0625 30
274 0.125 26
274 0.1875 28
274 0.25 18
274 0.3125 19
274 0.375 16
274 0.4375 7
274 0.5 14
274 0.5625 15
274 0.625 19
274 0.6875 27
274 0.75 28
274 0.8125 37
274 0.875 57
274 0.9375 48
275 0 44
275 0.0625 38
275 0.125 15
275 0.1875 28
275 0.25 19
275 0.3125 15
275 0.375 17
275 0.4375 11
275 0.5 18
275 0.5625 19
275 0.625 16
275 0.6875 38
275 0.75 32
275 0.8125 28
275 0.875 46
275 0.9375 49
276 0 42
276 0.0625 35
276 0.125 26
276 0.1875 19
276 0.25 19
276 0.3125 13
276 0.375 19
276 0.4375 9
276 0.5 21
276 0.5625 16
276 0.625 11
276 0.6875 30
276 0.75 47
276 0.8125 32
276 0.875 48
276 0.9375 47
277 0 37
277 0.0625 35
277 0.125 27
277 0.1875 20
277 0.25 9
277 0.3125 15
277 0.375 19
277 0.4375 13
277 0.5 13
277 0.5625 19
277 0.625 15
277 0.6875 35
277 0.75 41
277 0.8125 46
277 0.875 47
277 0.9375 50
278 0 40
278 0.0625 29
278 0.125 30
278 0.1875 21
278 0.25 14
278 0.3125 16
278 0.375 18
278 0.4375 8
278 0.5 10
278 0.5625 12
278 0.625 15
278 0.6875 28
278 0.75 35
278 0.8125 53
278 0.875 48
278 0.9375 50
279 0 44
279 0.0625 30
279 0.125 17
279 0.1875 25
279 0.25 21
279 0.3125 11
279 0.375 20
279 0.4375 12
279 0.5 8
279 0.5625 17
279 0.625 12
279 0.6875 28
279 0.75 40
279 0.8125 41
279 0.875 37
279 0.9375 53
280 0 33
280 0.0625 28
280 0.125 22
280 0.1875 24
280 0.25 16
280 0.3125 18
280 0.375 17
280 0.4375 11
280 0.5 17
280 0.5625 13
280 0.625 18
280 0.6875 19
280 0.75 30
280 0.8125 34
280 0.875 43
280 0.9375 49
281 0 42
281 0.0625 36
281 0.125 35
281 0.1875 27
281 0.25 12
281 0.3125 15
281 0.375 16
281 0.4375 12
281 0.5 12
281 0.5625 17
281 0.625 14
281 0.6875 22
281 0.75 32
281 0.8125 30
281 0.875 41
281 0.9375 49
282 0 35
282 0.0625 41
282 0.125 30
282 0.1875 21
282 0.25 20
282 0.3125 27
282 0.375 15
282 0.4375 13
282 0.5 21
282 0.5625 17
282 0.625 12
282 0.6875 25
282 0.75 35
282 0.8125 42
282 0.875 39
282 0.9375 41
283 0 34
283 0.0625 34
283 0.125 25
283 0.1875 17
283 0.25 30
283 0.3125 20
283 0.375 10
283 0.4375 17
283 0.5 9
283 0.5625 15
283 0.625 22
283 0.6875 17
283 0.75 32
283 0.8125 35
283 0.875 41
283 0.9375 39
284 0 41
284 0.0625 30
284 0.125 22
284 0.1875 20
284 0.25 17
284 0.3125 18
284 0.375 17
284 0.4375 12
284 0.5 14
284 0.5625 7
284 0.625 15
284 0.6875 33
284 0.75 42
284 0.8125 30
284 0.875 38
284 0.9375 36
285 0 48
285 0.0625 29
285 0.125 23
285 0.1875 16
285 0.25 17
285 0.3125 9
285 0.375 17
285 0.4375 10
285 0.5 16
285 0.5625 18
285 0.625 9
285 0.6875 26
285 0.75 35
285 0.8125 28
285 0.875 46
285 0.9375 42
286 0 41
286 0.0625 28
286 0.125 41
286 0.1875 24
286 0.25 22
286 0.3125 12
286 0.375 13
286 0.4375 7
286 0.5 14
286 0.5625 9
286 0.625 12
286 0.6875 18
286 0.75 25
286 0.8125 34
286 0.875 48
286 0.9375 42
287 0 26
287 0.0625 39
287 0.125 20
287 0.1875 18
287 0.25 13
287 0.3125 14
287 0.375 11
287 0.4375 17
287 0.5 15
287 0.5625 16
287 0.625 17
287 0.6875 13
287 0.75 31
287 0.8125 41
287 0.875 38
287 0.9375 34
288 0 25
288 0.0625 23
288 0.125 18
288 0.1875 14
288 0.25 15
288 0.3125 25
288 0.375 21
288 0.4375 6
288 0.5 12
288 0.5625 8
288 0.625 15
288 0.6875 22
288 0.75 29
288 0.8125 44
288 0.875 58
288 0.9375 47
289 0 38
289 0.0625 32
289 0.125 29
289 0.1875 16
289 0.25 18
289 0.3125 12
289 0.375 14
289 0.4375 14
289 0.5 8
289 0.5625 10
289 0.625 18
289 0.6875 20
289 0.75 34
289 0.8125 47
289 0.875 40
289 0.9375 44
290 0 33
290 0.0625 30
290 0.125 32
290 0.1875 29
290 0.25 14
290 0.3125 7
290 0.375 16
290 0.4375 10
290 0.5 14
290 0.5625 12
290 0.625 11
290 0.6875 21
290 0.75 29
290 0.8125 37
290 0.875 43
290 0.9375 52
291 0 32
291 0.0625 28
291 0.125 23
291 0.1875 24
291 0.25 13
291 0.3125 22
291 0.375 19
291 0.4375 4
291 0.5 13
291 0.5625 11
291 0.625 18
291 0.6875 24
291 0.75 32
291 0.8125 32
291 0.875 41
291 0.9375 44
292 0 33
292 0.0625 27
292 0.125 28
292 0.1875 20
292 0.25 10
292 0.3125 20
292 0.375 3
292 0.4375 10
292 0.5 12
292 0.5625 13
292 0.625 17
292 0.6875 21
292 0.75 28
292 0.8125 24
292 0.875 44
292 0.9375 45
293 0 40
293 0.0625 28
293 0.125 20
293 0.1875 22
293 0.25 17
293 0.3125 13
293 0.375 13
293 0.4375 12
293 0.5 9
293 0.5625 22
293 0.625 18
293 0.6875 21
293 0.75 34
293 0.8125 54
293 0.875 36
293 0.9375 30
294 0 31
294 0.0625 26
294 0.125 24
294 0.1875 17
294 0.25 23
294 0.3125 12
294 0.375 12
294 0.4375 14
294 0.5 14
294 0.5625 13
294 0.625 9
294 0.6875 20
294 0.75 27
294 0.8125 35
294 0.875 45
294 0.9375 33
295 0 39
295 0.0625 28
295 0.125 11
295 0.1875 21
295 0.25 12
295 0.3125 11
295 0.375 14
295 0.4375 18
295 0.5 13
295 0.5625 22
295 0.625 8
295 0.6875 26
295 0.75 24
295 0.8125 35
295 0.875 30
295 0.9375 37
296 0 31
296 0.0625 30
296 0.125 19
296 0.1875 16
296 0.25 9
296 0.3125 14
296 0.375 17
296 0.4375 12
296 0.5 16
296 0.5625 16
296 0.625 12
296 0.6875 18
296 0.75 31
296 0.8125 40
296 0.875 40
296 0.9375 47
297 0 33
297 0.0625 28
297 0.125 23
297 0.1875 12
297 0.25 10
297 0.3125 10
297 0.375 16
297 0.4375 14
297 0.5 7
297 0.5625 10
297 0.625 21
297 0.6875 20
297 0.75 23
297 0.8125 26
297 0.875 51
297 0.9375 33
298 0 26
298 0.0625 36
298 0.125 20
298 0.1875 14
298 0.25 13
298 0.3125 11
298 0.375 14
298 0.4375 16
298 0.5 15
298 0.5625 11
298 0.625 20
298 0.6875 21
298 0.75 28
298 0.8125 32
298 0.875 46
298 0.9375 33
299 0 30
299 0.0625 25
299 0.125 19
299 0.1875 17
299 0.25 16
299 0.3125 17
299 0.375 7
299 0.4375 15
299 0.5 10
299 0.5625 10
299 0.625 12
299 0.6875 14
299 0.75 32
299 0.8125 41
299 0.875 36
299 0.9375 36
300 0 44
300 0.0625 33
300 0.125 20
300 0.1875 14
300 0.25 12
300 0.3125 12
300 0.375 13
300 0.4375 13
300 0.5 17
300 0.5625 12
300 0.625 16
300 0.6875 18
300 0.75 29
300 0.8125 33
300 0.875 28
300 0.9375 39
