1 0 451
1 0.0625 500
1 0.125 511
1 0.1875 427
1 0.25 424
1 0.3125 400
1 0.375 460
1 0.4375 426
1 0.5 408
1 0.5625 427
1 0.625 442
1 0.6875 440
1 0.75 442
1 0.8125 454
1 0.875 443
1 0.9375 430
2 0 574
2 0.0625 525
2 0.125 553
2 0.1875 496
2 0.25 520
2 0.3125 536
2 0.375 474
2 0.4375 524
2 0.5 489
2 0.5625 527
2 0.625 529
2 0.6875 496
2 0.75 481
2 0.8125 521
2 0.875 512
2 0.9375 546
3 0 615
3 0.0625 600
3 0.125 589
3 0.1875 568
3 0.25 597
3 0.3125 544
3 0.375 559
3 0.4375 524
3 0.5 582
3 0.5625 533
3 0.625 544
3 0.6875 542
3 0.75 566
3 0.8125 593
3 0.875 551
3 0.9375 617
4 0 670
4 0.0625 651
4 0.125 587
4 0.1875 587
4 0.25 579
4 0.3125 581
4 0.375 596
4 0.4375 534
4 0.5 555
4 0.5625 580
4 0.625 559
4 0.6875 582
4 0.75 594
4 0.8125 680
4 0.875 640
4 0.9375 645
5 0 706
5 0.0625 695
5 0.125 644
5 0.1875 641
5 0.25 678
5 0.3125 622
5 0.375 640
5 0.4375 635
5 0.5 653
5 0.5625 613
5 0.625 652
5 0.6875 620
5 0.75 636
5 0.8125 621
5 0.875 733
5 0.9375 670
6 0 721
6 0.0625 704
6 0.125 682
6 0.1875 707
6 0.25 690
6 0.3125 639
6 0.375 669
6 0.4375 652
6 0.5 688
6 0.5625 678
6 0.625 704
6 0.6875 641
6 0.75 663
6 0.8125 743
6 0.875 703
6 0.9375 744
7 0 783
7 0.0625 777
7 0.125 736
7 0.1875 718
7 0.25 771
7 0.3125 758
7 0.375 645
7 0.4375 687
7 0.5 688
7 0.5625 729
7 0.625 658
7 0.6875 723
7 0.75 718
7 0.8125 775
7 0.875 789
7 0.9375 834
8 0 848
8 0.0625 850
8 0.125 834
8 0.1875 801
8 0.25 764
8 0.3125 722
8 0.375 713
8 0.4375 682
8 0.5 698
8 0.5625 724
8 0.625 802
8 0.6875 756
8 0.75 773
8 0.8125 840
8 0.875 816
8 0.9375 849
9 0 981
9 0.0625 910
9 0.125 923
9 0.1875 899
9 0.25 863
9 0.3125 847
9 0.375 810
9 0.4375 811
9 0.5 817
9 0.5625 796
9 0.625 794
9 0.6875 812
9 0.75 846
9 0.8125 892
9 0.875 927
9 0.9375 944
10 0 977
10 0.0625 1055
10 0.125 1033
10 0.1875 919
10 0.25 911
10 0.3125 870
10 0.375 873
10 0.4375 879
10 0.5 811
10 0.5625 826
10 0.625 778
10 0.6875 891
10 0.75 921
10 0.8125 974
10 0.875 1008
10 0.9375 1017
11 0 1090
11 0.0625 1095
11 0.125 1117
11 0.1875 1016
11 0.25 928
11 0.3125 930
11 0.375 849
11 0.4375 846
11 0.5 898
11 0.5625 877
11 0.625 881
11 0.6875 902
11 0.75 1001
11 0.8125 1113
11 0.875 1056
11 0.9375 1100
12 0 1199
12 0.0625 1111
12 0.125 1149
12 0.1875 1100
12 0.25 1059
12 0.3125 939
12 0.375 949
12 0.4375 970
12 0.5 977
12 0.5625 911
12 0.625 972
12 0.6875 965
12 0.75 1043
12 0.8125 1163
12 0.875 1190
12 0.9375 1216
13 0 1364
13 0.0625 1248
13 0.125 1166
13 0.1875 1161
13 0.25 1052
13 0.3125 1045
13 0.375 968
13 0.4375 1048
13 0.5 990
13 0.5625 972
13 0.625 1014
13 0.6875 1052
13 0.75 1133
13 0.8125 1256
13 0.875 1330
13 0.9375 1205
14 0 1337
14 0.0625 1362
14 0.125 1284
14 0.1875 1256
14 0.25 1120
14 0.3125 994
14 0.375 1061
14 0.4375 1103
14 0.5 989
14 0.5625 1017
14 0.625 1052
14 0.6875 1102
14 0.75 1179
14 0.8125 1230
14 0.875 1291
14 0.9375 1442
15 0 1447
15 0.0625 1335
15 0.125 1326
15 0.1875 1225
15 0.25 1099
15 0.3125 1111
15 0.375 1025
15 0.4375 1030
15 0.5 1036
15 0.5625 1000
15 0.625 1064
15 0.6875 1065
15 0.75 1194
15 0.8125 1380
15 0.875 1430
15 0.9375 1468
16 0 1490
16 0.0625 1457
16 0.125 1306
16 0.1875 1279
16 0.25 1183
16 0.3125 1154
16 0.375 1074
16 0.4375 1049
16 0.5 1019
16 0.5625 1014
16 0.625 1044
16 0.6875 1151
16 0.75 1271
16 0.8125 1319
16 0.875 1422
16 0.9375 1534
17 0 1471
17 0.0625 1364
17 0.125 1318
17 0.1875 1290
17 0.25 1142
17 0.3125 1143
17 0.375 1079
17 0.4375 990
17 0.5 1005
17 0.5625 970
17 0.625 1072
17 0.6875 1093
17 0.75 1242
17 0.8125 1357
17 0.875 1489
17 0.9375 1497
18 0 1471
18 0.0625 1379
18 0.125 1322
18 0.1875 1162
18 0.25 1135
18 0.3125 1056
18 0.375 1008
18 0.4375 1014
18 0.5 1009
18 0.5625 979
18 0.625 967
18 0.6875 1134
18 0.75 1225
18 0.8125 1330
18 0.875 1475
18 0.9375 1489
19 0 1464
19 0.0625 1374
19 0.125 1308
19 0.1875 1242
19 0.25 1100
19 0.3125 1043
19 0.375 929
19 0.4375 1010
19 0.5 998
19 0.5625 952
19 0.625 939
19 0.6875 1100
19 0.75 1143
19 0.8125 1301
19 0.875 1441
19 0.9375 1484
20 0 1444
20 0.0625 1411
20 0.125 1259
20 0.1875 1167
20 0.25 1103
20 0.3125 996
20 0.375 977
20 0.4375 938
20 0.5 923
20 0.5625 895
20 0.625 946
20 0.6875 1011
20 0.75 1205
20 0.8125 1343
20 0.875 1464
20 0.9375 1447
21 0 1504
21 0.0625 1394
21 0.125 1200
21 0.1875 1186
21 0.25 994
21 0.3125 943
21 0.375 882
21 0.4375 866
21 0.5 888
21 0.5625 871
21 0.625 943
21 0.6875 982
21 0.75 1164
21 0.8125 1280
21 0.875 1369
21 0.9375 1464
22 0 1382
22 0.0625 1317
22 0.125 1232
22 0.1875 1118
22 0.25 1005
22 0.3125 957
22 0.375 866
22 0.4375 852
22 0.5 841
22 0.5625 842
22 0.625 835
22 0.6875 1022
22 0.75 1072
22 0.8125 1220
22 0.875 1317
22 0.9375 1441
23 0 1444
23 0.0625 1360
23 0.125 1192
23 0.1875 1073
23 0.25 1027
23 0.3125 876
23 0.375 848
23 0.4375 841
23 0.5 840
23 0.5625 843
23 0.625 835
23 0.6875 958
23 0.75 1056
23 0.8125 1210
23 0.875 1331
23 0.9375 1460
24 0 1446
24 0.0625 1327
24 0.125 1258
24 0.1875 1112
24 0.25 1061
24 0.3125 936
24 0.375 901
24 0.4375 776
24 0.5 793
24 0.5625 800
24 0.625 863
24 0.6875 933
24 0.75 1062
24 0.8125 1272
24 0.875 1418
24 0.9375 1452
25 0 1328
25 0.0625 1325
25 0.125 1200
25 0.1875 1054
25 0.25 942
25 0.3125 846
25 0.375 816
25 0.4375 755
25 0.5 766
25 0.5625 804
25 0.625 835
25 0.6875 890
25 0.75 1111
25 0.8125 1257
25 0.875 1365
25 0.9375 1455
26 0 1443
26 0.0625 1404
26 0.125 1317
26 0.1875 1075
26 0.25 1006
26 0.3125 884
26 0.375 829
26 0.4375 849
26 0.5 787
26 0.5625 806
26 0.625 831
26 0.6875 895
26 0.75 1068
26 0.8125 1228
26 0.875 1480
26 0.9375 1496
27 0 1496
27 0.0625 1404
27 0.125 1260
27 0.1875 1136
27 0.25 1061
27 0.3125 863
27 0.375 796
27 0.4375 824
27 0.5 772
27 0.5625 781
27 0.625 803
27 0.6875 885
27 0.75 1086
27 0.8125 1292
27 0.875 1461
27 0.9375 1483
28 0 1533
28 0.0625 1372
28 0.125 1315
28 0.1875 1147
28 0.25 1004
28 0.3125 918
28 0.375 797
28 0.4375 756
28 0.5 770
28 0.5625 800
28 0.625 781
28 0.6875 929
28 0.75 1091
28 0.8125 1309
28 0.875 1442
28 0.9375 1567
29 0 1512
29 0.0625 1412
29 0.125 1303
29 0.1875 1078
29 0.25 938
29 0.3125 879
29 0.375 798
29 0.4375 738
29 0.5 773
29 0.5625 818
29 0.625 833
29 0.6875 887
29 0.75 1078
29 0.8125 1281
29 0.875 1432
29 0.9375 1565
30 0 1605
30 0.0625 1435
30 0.125 1322
30 0.1875 1112
30 0.25 952
30 0.3125 881
30 0.375 744
30 0.4375 784
30 0.5 747
30 0.5625 747
30 0.625 766
30 0.6875 894
30 0.75 1125
30 0.8125 1291
30 0.875 1412
30 0.9375 1603
31 0 1538
31 0.0625 1422
31 0.125 1209
31 0.1875 1037
31 0.25 979
31 0.3125 835
31 0.375 796
31 0.4375 712
31 0.5 717
31 0.5625 689
31 0.625 777
31 0.6875 920
31 0.75 1116
31 0.8125 1284
31 0.875 1439
31 0.9375 1560
32 0 1555
32 0.0625 1399
32 0.125 1251
32 0.1875 1101
32 0.25 967
32 0.3125 785
32 0.375 796
32 0.4375 691
32 0.5 689
32 0.5625 714
32 0.625 735
32 0.6875 912
32 0.75 1156
32 0.8125 1364
32 0.875 1545
32 0.9375 1536
33 0 1520
33 0.0625 1397
33 0.125 1246
33 0.1875 1045
33 0.25 923
33 0.3125 794
33 0.375 750
33 0.4375 702
33 0.5 678
33 0.5625 702
33 0.625 750
33 0.6875 912
33 0.75 1080
33 0.8125 1292
33 0.875 1477
33 0.9375 1504
34 0 1577
34 0.0625 1374
34 0.125 1246
34 0.1875 1042
34 0.25 951
34 0.3125 816
34 0.375 740
34 0.4375 660
34 0.5 671
34 0.5625 650
34 0.625 682
34 0.6875 829
34 0.75 1032
34 0.8125 1275
34 0.875 1458
34 0.9375 1620
35 0 1587
35 0.0625 1457
35 0.125 1216
35 0.1875 1026
35 0.25 900
35 0.3125 766
35 0.375 698
35 0.4375 653
35 0.5 646
35 0.5625 682
35 0.625 705
35 0.6875 872
35 0.75 1096
35 0.8125 1203
35 0.875 1507
35 0.9375 1564
36 0 1615
36 0.0625 1432
36 0.125 1279
36 0.1875 1059
36 0.25 886
36 0.3125 735
36 0.375 681
36 0.4375 662
36 0.5 692
36 0.5625 665
36 0.625 670
36 0.6875 853
36 0.75 1092
36 0.8125 1405
36 0.875 1521
36 0.9375 1620
37 0 1569
37 0.0625 1441
37 0.125 1239
37 0.1875 1000
37 0.25 866
37 0.3125 759
37 0.375 699
37 0.4375 663
37 0.5 637
37 0.5625 644
37 0.625 658
37 0.6875 852
37 0.75 1055
37 0.8125 1344
37 0.875 1621
37 0.9375 1683
38 0 1657
38 0.0625 1385
38 0.125 1245
38 0.1875 1062
38 0.25 888
38 0.3125 737
38 0.375 666
38 0.4375 692
38 0.5 596
38 0.5625 618
38 0.625 627
38 0.6875 818
38 0.75 984
38 0.8125 1322
38 0.875 1572
38 0.9375 1657
39 0 1667
39 0.0625 1483
39 0.125 1244
39 0.1875 1012
39 0.25 860
39 0.3125 726
39 0.375 620
39 0.4375 634
39 0.5 596
39 0.5625 582
39 0.625 637
39 0.6875 789
39 0.75 1021
39 0.8125 1353
39 0.875 1454
39 0.9375 1644
40 0 1620
40 0.0625 1480
40 0.125 1234
40 0.1875 1079
40 0.25 805
40 0.3125 764
40 0.375 644
40 0.4375 599
40 0.5 579
40 0.5625 578
40 0.625 638
40 0.6875 835
40 0.75 1084
40 0.8125 1267
40 0.875 1526
40 0.9375 1708
41 0 1593
41 0.0625 1510
41 0.125 1277
41 0.1875 1085
41 0.25 829
41 0.3125 705
41 0.375 621
41 0.4375 591
41 0.5 575
41 0.5625 602
41 0.625 606
41 0.6875 787
41 0.75 1066
41 0.8125 1376
41 0.875 1498
41 0.9375 1680
42 0 1680
42 0.0625 1538
42 0.125 1254
42 0.1875 1032
42 0.25 844
42 0.3125 663
42 0.375 634
42 0.4375 567
42 0.5 579
42 0.5625 567
42 0.625 616
42 0.6875 851
42 0.75 1053
42 0.8125 1303
42 0.875 1577
42 0.9375 1710
43 0 1663
43 0.0625 1454
43 0.125 1257
43 0.1875 909
43 0.25 852
43 0.3125 707
43 0.375 605
43 0.4375 583
43 0.5 504
43 0.5625 519
43 0.625 635
43 0.6875 794
43 0.75 1026
43 0.8125 1320
43 0.875 1544
43 0.9375 1709
44 0 1607
44 0.0625 1446
44 0.125 1193
44 0.1875 1029
44 0.25 796
44 0.3125 667
44 0.375 605
44 0.4375 529
44 0.5 573
44 0.5625 515
44 0.625 609
44 0.6875 802
44 0.75 1072
44 0.8125 1358
44 0.875 1572
44 0.9375 1677
45 0 1724
45 0.0625 1383
45 0.125 1185
45 0.1875 990
45 0.25 836
45 0.3125 650
45 0.375 585
45 0.4375 530
45 0.5 488
45 0.5625 542
45 0.625 590
45 0.6875 790
45 0.75 988
45 0.8125 1303
45 0.875 1533
45 0.9375 1728
46 0 1550
46 0.0625 1424
46 0.125 1201
46 0.1875 1002
46 0.25 770
46 0.3125 682
46 0.375 550
46 0.4375 512
46 0.5 538
46 0.5625 499
46 0.625 563
46 0.6875 759
46 0.75 1005
46 0.8125 1255
46 0.875 1570
46 0.9375 1732
47 0 1605
47 0.0625 1473
47 0.125 1209
47 0.1875 939
47 0.25 790
47 0.3125 613
47 0.375 545
47 0.4375 483
47 0.5 444
47 0.5625 507
47 0.625 529
47 0.6875 729
47 0.75 1030
47 0.8125 1221
47 0.875 1546
47 0.9375 1651
48 0 1600
48 0.0625 1353
48 0.125 1235
48 0.1875 930
48 0.25 719
48 0.3125 589
48 0.375 483
48 0.4375 501
48 0.5 483
48 0.5625 491
48 0.625 529
48 0.6875 747
48 0.75 975
48 0.8125 1276
48 0.875 1500
48 0.9375 1593
49 0 1578
49 0.0625 1381
49 0.125 1165
49 0.1875 990
49 0.25 709
49 0.3125 600
49 0.375 571
49 0.4375 488
49 0.5 456
49 0.5625 471
49 0.625 524
49 0.6875 690
49 0.75 934
49 0.8125 1198
49 0.875 1515
49 0.9375 1612
50 0 1522
50 0.0625 1374
50 0.125 1133
50 0.1875 975
50 0.25 695
50 0.3125 551
50 0.375 493
50 0.4375 480
50 0.5 418
50 0.5625 459
50 0.625 547
50 0.6875 693
50 0.75 989
50 0.8125 1251
50 0.875 1552
50 0.9375 1615
51 0 1528
51 0.0625 1389
51 0.125 1122
51 0.1875 972
51 0.25 697
51 0.3125 586
51 0.375 473
51 0.4375 453
51 0.5 437
51 0.5625 483
51 0.625 539
51 0.6875 644
51 0.75 963
51 0.8125 1246
51 0.875 1506
51 0.9375 1593
52 0 1637
52 0.0625 1364
52 0.125 1067
52 0.1875 944
52 0.25 721
52 0.3125 560
52 0.375 468
52 0.4375 443
52 0.5 453
52 0.5625 400
52 0.625 453
52 0.6875 642
52 0.75 933
52 0.8125 1244
52 0.875 1459
52 0.9375 1684
53 0 1547
53 0.0625 1365
53 0.125 1089
53 0.1875 878
53 0.25 676
53 0.3125 568
53 0.375 489
53 0.4375 454
53 0.5 430
53 0.5625 414
53 0.625 498
53 0.6875 720
53 0.75 886
53 0.8125 1308
53 0.875 1461
53 0.9375 1628
54 0 1578
54 0.0625 1379
54 0.125 1128
54 0.1875 864
54 0.25 674
54 0.3125 547
54 0.375 490
54 0.4375 383
54 0.5 449
54 0.5625 439
54 0.625 464
54 0.6875 586
54 0.75 978
54 0.8125 1287
54 0.875 1485
54 0.9375 1618
55 0 1596
55 0.0625 1359
55 0.125 1118
55 0.1875 866
55 0.25 706
55 0.3125 489
55 0.375 475
55 0.4375 445
55 0.5 422
55 0.5625 430
55 0.625 464
55 0.6875 628
55 0.75 966
55 0.8125 1270
55 0.875 1519
55 0.9375 1659
56 0 1601
56 0.0625 1360
56 0.125 1168
56 0.1875 870
56 0.25 641
56 0.3125 528
56 0.375 429
56 0.4375 419
56 0.5 399
56 0.5625 428
56 0.625 496
56 0.6875 683
56 0.75 988
56 0.8125 1205
56 0.875 1568
56 0.9375 1730
57 0 1566
57 0.0625 1278
57 0.125 1123
57 0.1875 902
57 0.25 703
57 0.3125 554
57 0.375 479
57 0.4375 400
57 0.5 413
57 0.5625 406
57 0.625 428
57 0.6875 671
57 0.75 952
57 0.8125 1234
57 0.875 1498
57 0.9375 1625
58 0 1532
58 0.0625 1401
58 0.125 1138
58 0.1875 844
58 0.25 643
58 0.3125 522
58 0.375 462
58 0.4375 445
58 0.5 390
58 0.5625 427
58 0.625 449
58 0.6875 661
58 0.75 939
58 0.8125 1236
58 0.875 1545
58 0.9375 1736
59 0 1578
59 0.0625 1427
59 0.125 1115
59 0.1875 888
59 0.25 705
59 0.3125 497
59 0.375 399
59 0.4375 384
59 0.5 343
59 0.5625 402
59 0.625 462
59 0.6875 640
59 0.75 911
59 0.8125 1214
59 0.875 1498
59 0.9375 1652
60 0 1577
60 0.0625 1350
60 0.125 1084
60 0.1875 869
60 0.25 655
60 0.3125 524
60 0.375 479
60 0.4375 424
60 0.5 362
60 0.5625 419
60 0.625 472
60 0.6875 661
60 0.75 979
60 0.8125 1238
60 0.875 1503
60 0.9375 1674
61 0 1496
61 0.0625 1336
61 0.125 1108
61 0.1875 835
61 0.25 614
61 0.3125 538
61 0.375 409
61 0.4375 384
61 0.5 351
61 0.5625 362
61 0.625 454
61 0.6875 606
61 0.75 963
61 0.8125 1259
61 0.875 1483
61 0.9375 1675
62 0 1474
62 0.0625 1386
62 0.125 1141
62 0.1875 863
62 0.25 648
62 0.3125 489
62 0.375 470
62 0.4375 356
62 0.5 390
62 0.5625 330
62 0.625 450
62 0.6875 625
62 0.75 943
62 0.8125 1269
62 0.875 1473
62 0.9375 1611
63 0 1548
63 0.0625 1438
63 0.125 1135
63 0.1875 855
63 0.25 654
63 0.3125 479
63 0.375 395
63 0.4375 370
63 0.5 356
63 0.5625 347
63 0.625 422
63 0.6875 612
63 0.75 868
63 0.8125 1238
63 0.875 1510
63 0.9375 1661
64 0 1604
64 0.0625 1422
64 0.125 1098
64 0.1875 812
64 0.25 629
64 0.3125 494
64 0.375 411
64 0.4375 329
64 0.5 363
64 0.5625 331
64 0.625 431
64 0.6875 622
64 0.75 864
64 0.8125 1193
64 0.875 1476
64 0.9375 1647
65 0 1579
65 0.0625 1368
65 0.125 1122
65 0.1875 839
65 0.25 598
65 0.3125 510
65 0.375 442
65 0.4375 362
65 0.5 348
65 0.5625 340
65 0.625 446
65 0.6875 617
65 0.75 947
65 0.8125 1253
65 0.875 1586
65 0.9375 1606
66 0 1594
66 0.0625 1271
66 0.125 1040
66 0.1875 810
66 0.25 623
66 0.3125 484
66 0.375 415
66 0.4375 334
66 0.5 365
66 0.5625 302
66 0.625 394
66 0.6875 610
66 0.75 948
66 0.8125 1262
66 0.875 1525
66 0.9375 1632
67 0 1527
67 0.0625 1316
67 0.125 1082
67 0.1875 790
67 0.25 609
67 0.3125 454
67 0.375 404
67 0.4375 375
67 0.5 339
67 0.5625 350
67 0.625 417
67 0.6875 625
67 0.75 894
67 0.8125 1203
67 0.875 1488
67 0.9375 1673
68 0 1546
68 0.0625 1343
68 0.125 1044
68 0.1875 799
68 0.25 580
68 0.3125 485
68 0.375 371
68 0.4375 338
68 0.5 344
68 0.5625 292
68 0.625 402
68 0.6875 548
68 0.75 876
68 0.8125 1242
68 0.875 1481
68 0.9375 1597
69 0 1542
69 0.0625 1333
69 0.125 975
69 0.1875 744
69 0.25 625
69 0.3125 483
69 0.375 379
69 0.4375 311
69 0.5 310
69 0.5625 335
69 0.625 400
69 0.6875 550
69 0.75 896
69 0.8125 1210
69 0.875 1455
69 0.9375 1711
70 0 1565
70 0.0625 1298
70 0.125 1066
70 0.1875 785
70 0.25 569
70 0.3125 445
70 0.375 343
70 0.4375 333
70 0.5 302
70 0.5625 338
70 0.625 419
70 0.6875 581
70 0.75 830
70 0.8125 1203
70 0.875 1439
70 0.9375 1707
71 0 1557
71 0.0625 1339
71 0.125 1017
71 0.1875 766
71 0.25 604
71 0.3125 456
71 0.375 378
71 0.4375 326
71 0.5 307
71 0.5625 283
71 0.625 392
71 0.6875 574
71 0.75 892
71 0.8125 1213
71 0.875 1505
71 0.9375 1530
72 0 1503
72 0.0625 1292
72 0.125 1040
72 0.1875 744
72 0.25 539
72 0.3125 427
72 0.375 380
72 0.4375 329
72 0.5 305
72 0.5625 303
72 0.625 386
72 0.6875 541
72 0.75 860
72 0.8125 1143
72 0.875 1420
72 0.9375 1606
73 0 1469
73 0.0625 1312
73 0.125 987
73 0.1875 699
73 0.25 527
73 0.3125 407
73 0.375 368
73 0.4375 346
73 0.5 300
73 0.5625 292
73 0.625 366
73 0.6875 556
73 0.75 862
73 0.8125 1178
73 0.875 1445
73 0.9375 1467
74 0 1464
74 0.0625 1311
74 0.125 1010
74 0.1875 786
74 0.25 581
74 0.3125 424
74 0.375 383
74 0.4375 323
74 0.5 287
74 0.5625 297
74 0.625 325
74 0.6875 555
74 0.75 830
74 0.8125 1229
74 0.875 1487
74 0.9375 1574
75 0 1457
75 0.0625 1314
75 0.125 1025
75 0.1875 744
75 0.25 559
75 0.3125 406
75 0.375 325
75 0.4375 321
75 0.5 328
75 0.5625 303
75 0.625 401
75 0.6875 584
75 0.75 893
75 0.8125 1163
75 0.875 1425
75 0.9375 1585
76 0 1505
76 0.0625 1202
76 0.125 1013
76 0.1875 751
76 0.25 518
76 0.3125 438
76 0.375 342
76 0.4375 301
76 0.5 248
76 0.5625 268
76 0.625 365
76 0.6875 576
76 0.75 844
76 0.8125 1170
76 0.875 1390
76 0.9375 1597
77 0 1501
77 0.0625 1324
77 0.125 936
77 0.1875 700
77 0.25 556
77 0.3125 407
77 0.375 338
77 0.4375 270
77 0.5 312
77 0.5625 284
77 0.625 329
77 0.6875 530
77 0.75 795
77 0.8125 1084
77 0.875 1455
77 0.9375 1543
78 0 1427
78 0.0625 1211
78 0.125 923
78 0.1875 729
78 0.25 502
78 0.3125 405
78 0.375 335
78 0.4375 294
78 0.5 278
78 0.5625 276
78 0.625 364
78 0.6875 564
78 0.75 780
78 0.8125 1138
78 0.875 1390
78 0.9375 1566
79 0 1475
79 0.0625 1223
79 0.125 998
79 0.1875 717
79 0.25 487
79 0.3125 413
79 0.375 327
79 0.4375 287
79 0.5 254
79 0.5625 275
79 0.625 343
79 0.6875 526
79 0.75 816
79 0.8125 1132
79 0.875 1381
79 0.9375 1540
80 0 1403
80 0.0625 1309
80 0.125 932
80 0.1875 722
80 0.25 540
80 0.3125 371
80 0.375 336
80 0.4375 264
80 0.5 302
80 0.5625 273
80 0.625 334
80 0.6875 523
80 0.75 822
80 0.8125 1149
80 0.875 1438
80 0.9375 1512
81 0 1459
81 0.0625 1228
81 0.125 907
81 0.1875 695
81 0.25 524
81 0.3125 375
81 0.375 330
81 0.4375 265
81 0.5 266
81 0.5625 266
81 0.625 334
81 0.6875 531
81 0.75 811
81 0.8125 1146
81 0.875 1405
81 0.9375 1476
82 0 1435
82 0.0625 1244
82 0.125 938
82 0.1875 692
82 0.25 516
82 0.3125 385
82 0.375 295
82 0.4375 250
82 0.5 284
82 0.5625 293
82 0.625 339
82 0.6875 504
82 0.75 824
82 0.8125 1128
82 0.875 1476
82 0.9375 1526
83 0 1442
83 0.0625 1204
83 0.125 910
83 0.1875 623
83 0.25 509
83 0.3125 427
83 0.375 295
83 0.4375 246
83 0.5 259
83 0.5625 282
83 0.625 319
83 0.6875 486
83 0.75 828
83 0.8125 1123
83 0.875 1339
83 0.9375 1508
84 0 1320
84 0.0625 1138
84 0.125 940
84 0.1875 648
84 0.25 525
84 0.3125 363
84 0.375 301
84 0.4375 285
84 0.5 252
84 0.5625 283
84 0.625 321
84 0.6875 494
84 0.75 818
84 0.8125 1082
84 0.875 1296
84 0.9375 1441
85 0 1409
85 0.0625 1185
85 0.125 907
85 0.1875 640
85 0.25 484
85 0.3125 375
85 0.375 260
85 0.4375 265
85 0.5 228
85 0.5625 253
85 0.625 293
85 0.6875 497
85 0.75 764
85 0.8125 1098
85 0.875 1366
85 0.9375 1516
86 0 1402
86 0.0625 1180
86 0.125 878
86 0.1875 620
86 0.25 525
86 0.3125 373
86 0.375 299
86 0.4375 260
86 0.5 228
86 0.5625 233
86 0.625 325
86 0.6875 495
86 0.75 780
86 0.8125 1087
86 0.875 1338
86 0.9375 1441
87 0 1324
87 0.0625 1125
87 0.125 936
87 0.1875 601
87 0.25 494
87 0.3125 351
87 0.375 268
87 0.4375 220
87 0.5 238
87 0.5625 256
87 0.625 272
87 0.6875 487
87 0.75 764
87 0.8125 1141
87 0.875 1330
87 0.9375 1381
88 0 1323
88 0.0625 1155
88 0.125 815
88 0.1875 588
88 0.25 424
88 0.3125 379
88 0.375 288
88 0.4375 261
88 0.5 237
88 0.5625 242
88 0.625 280
88 0.6875 440
88 0.75 767
88 0.8125 1052
88 0.875 1310
88 0.9375 1436
89 0 1349
89 0.0625 1092
89 0.125 860
89 0.1875 606
89 0.25 470
89 0.3125 338
89 0.375 322
89 0.4375 239
89 0.5 226
89 0.5625 219
89 0.625 287
89 0.6875 461
89 0.75 747
89 0.8125 1024
89 0.875 1317
89 0.9375 1382
90 0 1303
90 0.0625 1063
90 0.125 838
90 0.1875 615
90 0.25 491
90 0.3125 303
90 0.375 286
90 0.4375 251
90 0.5 225
90 0.5625 218
90 0.625 287
90 0.6875 460
90 0.75 721
90 0.8125 994
90 0.875 1326
90 0.9375 1329
91 0 1337
91 0.0625 1083
91 0.125 832
91 0.1875 594
91 0.25 439
91 0.3125 314
91 0.375 293
91 0.4375 224
91 0.5 218
91 0.5625 224
91 0.625 300
91 0.6875 481
91 0.75 794
91 0.8125 1054
91 0.875 1322
91 0.9375 1344
92 0 1292
92 0.0625 1033
92 0.125 799
92 0.1875 618
92 0.25 423
92 0.3125 323
92 0.375 283
92 0.4375 222
92 0.5 204
92 0.5625 212
92 0.625 250
92 0.6875 429
92 0.75 715
92 0.8125 1034
92 0.875 1361
92 0.9375 1338
93 0 1319
93 0.0625 1018
93 0.125 853
93 0.1875 590
93 0.25 430
93 0.3125 319
93 0.375 241
93 0.4375 220
93 0.5 201
93 0.5625 222
93 0.625 270
93 0.6875 402
93 0.75 712
93 0.8125 1077
93 0.875 1223
93 0.9375 1323
94 0 1226
94 0.0625 1002
94 0.125 806
94 0.1875 598
94 0.25 426
94 0.3125 297
94 0.375 268
94 0.4375 208
94 0.5 214
94 0.5625 236
94 0.625 292
94 0.6875 466
94 0.75 698
94 0.8125 1020
94 0.875 1221
94 0.9375 1385
95 0 1244
95 0.0625 1047
95 0.125 779
95 0.1875 586
95 0.25 421
95 0.3125 317
95 0.375 221
95 0.4375 229
95 0.5 214
95 0.5625 203
95 0.625 266
95 0.6875 449
95 0.75 700
95 0.8125 1001
95 0.875 1218
95 0.9375 1363
96 0 1188
96 0.0625 984
96 0.125 788
96 0.1875 638
96 0.25 385
96 0.3125 297
96 0.375 219
96 0.4375 231
96 0.5 207
96 0.5625 231
96 0.625 257
96 0.6875 384
96 0.75 719
96 0.8125 990
96 0.875 1182
96 0.9375 1309
97 0 1173
97 0.0625 1032
97 0.125 747
97 0.1875 572
97 0.25 387
97 0.3125 318
97 0.375 243
97 0.4375 207
97 0.5 209
97 0.5625 213
97 0.625 291
97 0.6875 414
97 0.75 706
97 0.8125 1010
97 0.875 1220
97 0.9375 1336
98 0 1226
98 0.0625 984
98 0.125 789
98 0.1875 587
98 0.25 386
98 0.3125 277
98 0.375 225
98 0.4375 224
98 0.5 196
98 0.5625 181
98 0.625 236
98 0.6875 415
98 0.75 704
98 0.8125 959
98 0.875 1193
98 0.9375 1276
99 0 1198
99 0.0625 968
99 0.125 751
99 0.1875 545
99 0.25 405
99 0.3125 296
99 0.375 219
99 0.4375 231
99 0.5 200
99 0.5625 208
99 0.625 267
99 0.6875 437
99 0.75 671
99 0.8125 974
99 0.875 1193
99 0.9375 1322
100 0 1169
100 0.0625 1030
100 0.125 736
100 0.1875 560
100 0.25 393
100 0.3125 301
100 0.375 222
100 0.4375 212
100 0.5 162
100 0.5625 194
100 0.625 251
100 0.6875 427
100 0.75 677
100 0.8125 921
100 0.875 1176
100 0.9375 1295
101 0 1185
101 0.0625 936
101 0.125 761
101 0.1875 502
101 0.25 359
101 0.3125 241
101 0.375 247
101 0.4375 210
101 0.5 200
101 0.5625 202
101 0.625 256
101 0.6875 415
101 0.75 663
101 0.8125 947
101 0.875 1158
101 0.9375 1281
102 0 1133
102 0.0625 946
102 0.125 763
102 0.1875 529
102 0.25 358
102 0.3125 274
102 0.375 219
102 0.4375 197
102 0.5 184
102 0.5625 210
102 0.625 253
102 0.6875 416
102 0.75 647
102 0.8125 932
102 0.875 1154
102 0.9375 1207
103 0 1115
103 0.0625 995
103 0.125 766
103 0.1875 500
103 0.25 401
103 0.3125 288
103 0.375 236
103 0.4375 199
103 0.5 186
103 0.5625 205
103 0.625 245
103 0.6875 422
103 0.75 664
103 0.8125 896
103 0.875 1187
103 0.9375 1296
104 0 1176
104 0.0625 921
104 0.125 671
104 0.1875 491
104 0.25 341
104 0.3125 282
104 0.375 235
104 0.4375 191
104 0.5 174
104 0.5625 188
104 0.625 244
104 0.6875 402
104 0.75 707
104 0.8125 857
104 0.875 1089
104 0.9375 1111
105 0 1098
105 0.0625 957
105 0.125 720
105 0.1875 550
105 0.25 374
105 0.3125 232
105 0.375 224
105 0.4375 209
105 0.5 198
105 0.5625 168
105 0.625 223
105 0.6875 382
105 0.75 665
105 0.8125 924
105 0.875 1133
105 0.9375 1224
106 0 1114
106 0.0625 891
106 0.125 681
106 0.1875 461
106 0.25 355
106 0.3125 273
106 0.375 223
106 0.4375 188
106 0.5 191
106 0.5625 189
106 0.625 232
106 0.6875 364
106 0.75 635
106 0.8125 860
106 0.875 1113
106 0.9375 1159
107 0 1065
107 0.0625 874
107 0.125 685
107 0.1875 501
107 0.25 354
107 0.3125 253
107 0.375 209
107 0.4375 199
107 0.5 172
107 0.5625 170
107 0.625 227
107 0.6875 350
107 0.75 662
107 0.8125 887
107 0.875 1081
107 0.9375 1164
108 0 1102
108 0.0625 873
108 0.125 664
108 0.1875 484
108 0.25 344
108 0.3125 226
108 0.375 210
108 0.4375 178
108 0.5 185
108 0.5625 165
108 0.625 225
108 0.6875 381
108 0.75 622
108 0.8125 850
108 0.875 1093
108 0.9375 1136
109 0 1086
109 0.0625 918
109 0.125 619
109 0.1875 467
109 0.25 319
109 0.3125 241
109 0.375 204
109 0.4375 194
109 0.5 188
109 0.5625 167
109 0.625 239
109 0.6875 366
109 0.75 615
109 0.8125 861
109 0.875 1096
109 0.9375 1188
110 0 1068
110 0.0625 854
110 0.125 683
110 0.1875 469
110 0.25 363
110 0.3125 241
110 0.375 218
110 0.4375 172
110 0.5 141
110 0.5625 164
110 0.625 220
110 0.6875 380
110 0.75 629
110 0.8125 834
110 0.875 1058
110 0.9375 1163
111 0 1038
111 0.0625 832
111 0.125 667
111 0.1875 490
111 0.25 322
111 0.3125 245
111 0.375 208
111 0.4375 166
111 0.5 170
111 0.5625 189
111 0.625 203
111 0.6875 358
111 0.75 614
111 0.8125 800
111 0.875 1063
111 0.9375 1106
112 0 1030
112 0.0625 856
112 0.125 610
112 0.1875 461
112 0.25 349
112 0.3125 252
112 0.375 196
112 0.4375 175
112 0.5 168
112 0.5625 160
112 0.625 204
112 0.6875 360
112 0.75 586
112 0.8125 799
112 0.875 1032
112 0.9375 1080
113 0 1013
113 0.0625 826
113 0.125 628
113 0.1875 451
113 0.25 317
113 0.3125 215
113 0.375 205
113 0.4375 181
113 0.5 154
113 0.5625 158
113 0.625 219
113 0.6875 380
113 0.75 619
113 0.8125 856
113 0.875 955
113 0.9375 1109
114 0 1010
114 0.0625 819
114 0.125 612
114 0.1875 424
114 0.25 307
114 0.3125 236
114 0.375 212
114 0.4375 158
114 0.5 144
114 0.5625 156
114 0.625 220
114 0.6875 357
114 0.75 559
114 0.8125 775
114 0.875 959
114 0.9375 1088
115 0 1052
115 0.0625 780
115 0.125 627
115 0.1875 422
115 0.25 289
115 0.3125 218
115 0.375 195
115 0.4375 153
115 0.5 153
115 0.5625 169
115 0.625 211
115 0.6875 348
115 0.75 558
115 0.8125 812
115 0.875 969
115 0.9375 1028
116 0 954
116 0.0625 790
116 0.125 616
116 0.1875 442
116 0.25 299
116 0.3125 211
116 0.375 191
116 0.4375 167
116 0.5 155
116 0.5625 168
116 0.625 207
116 0.6875 341
116 0.75 549
116 0.8125 771
116 0.875 993
116 0.9375 1050
117 0 923
117 0.0625 776
117 0.125 589
117 0.1875 399
117 0.25 301
117 0.3125 223
117 0.375 163
117 0.4375 159
117 0.5 135
117 0.5625 158
117 0.625 201
117 0.6875 341
117 0.75 582
117 0.8125 783
117 0.875 996
117 0.9375 1027
118 0 960
118 0.0625 801
118 0.125 556
118 0.1875 398
118 0.25 304
118 0.3125 236
118 0.375 183
118 0.4375 152
118 0.5 172
118 0.5625 179
118 0.625 205
118 0.6875 316
118 0.75 600
118 0.8125 807
118 0.875 908
118 0.9375 1029
119 0 990
119 0.0625 730
119 0.125 572
119 0.1875 385
119 0.25 272
119 0.3125 210
119 0.375 166
119 0.4375 145
119 0.5 153
119 0.5625 153
119 0.625 197
119 0.6875 312
119 0.75 532
119 0.8125 713
119 0.875 978
119 0.9375 1035
120 0 939
120 0.0625 757
120 0.125 565
120 0.1875 378
120 0.25 288
120 0.3125 216
120 0.375 138
120 0.4375 160
120 0.5 160
120 0.5625 164
120 0.625 186
120 0.6875 348
120 0.75 512
120 0.8125 752
120 0.875 924
120 0.9375 1005
121 0 884
121 0.0625 742
121 0.125 552
121 0.1875 398
121 0.25 297
121 0.3125 193
121 0.375 180
121 0.4375 159
121 0.5 130
121 0.5625 155
121 0.625 190
121 0.6875 332
121 0.75 503
121 0.8125 775
121 0.875 891
121 0.9375 995
122 0 894
122 0.0625 730
122 0.125 516
122 0.1875 399
122 0.25 270
122 0.3125 218
122 0.375 179
122 0.4375 152
122 0.5 151
122 0.5625 130
122 0.625 178
122 0.6875 340
122 0.75 508
122 0.8125 769
122 0.875 884
122 0.9375 925
123 0 931
123 0.0625 715
123 0.125 529
123 0.1875 374
123 0.25 277
123 0.3125 184
123 0.375 159
123 0.4375 160
123 0.5 138
123 0.5625 154
123 0.625 183
123 0.6875 304
123 0.75 451
123 0.8125 717
123 0.875 935
123 0.9375 988
124 0 876
124 0.0625 701
124 0.125 496
124 0.1875 383
124 0.25 283
124 0.3125 213
124 0.375 157
124 0.4375 158
124 0.5 148
124 0.5625 147
124 0.625 218
124 0.6875 314
124 0.75 540
124 0.8125 694
124 0.875 913
124 0.9375 921
125 0 856
125 0.0625 679
125 0.125 545
125 0.1875 377
125 0.25 249
125 0.3125 200
125 0.375 136
125 0.4375 159
125 0.5 131
125 0.5625 137
125 0.625 178
125 0.6875 301
125 0.75 467
125 0.8125 744
125 0.875 893
125 0.9375 918
126 0 889
126 0.0625 682
126 0.125 510
126 0.1875 382
126 0.25 266
126 0.3125 181
126 0.375 172
126 0.4375 146
126 0.5 138
126 0.5625 115
126 0.625 176
126 0.6875 302
126 0.75 484
126 0.8125 724
126 0.875 880
126 0.9375 917
127 0 834
127 0.0625 660
127 0.125 507
127 0.1875 359
127 0.25 259
127 0.3125 198
127 0.375 173
127 0.4375 132
127 0.5 163
127 0.5625 121
127 0.625 167
127 0.6875 287
127 0.75 455
127 0.8125 676
127 0.875 867
127 0.9375 882
128 0 809
128 0.0625 658
128 0.125 480
128 0.1875 368
128 0.25 254
128 0.3125 211
128 0.375 158
128 0.4375 129
128 0.5 120
128 0.5625 120
128 0.625 164
128 0.6875 294
128 0.75 440
128 0.8125 703
128 0.875 789
128 0.9375 874
129 0 838
129 0.0625 663
129 0.125 497
129 0.1875 339
129 0.25 254
129 0.3125 188
129 0.375 153
129 0.4375 134
129 0.5 120
129 0.5625 141
129 0.625 161
129 0.6875 308
129 0.75 466
129 0.8125 699
129 0.875 881
129 0.9375 858
130 0 785
130 0.0625 680
130 0.125 479
130 0.1875 347
130 0.25 207
130 0.3125 195
130 0.375 136
130 0.4375 102
130 0.5 138
130 0.5625 146
130 0.625 146
130 0.6875 261
130 0.75 520
130 0.8125 684
130 0.875 809
130 0.9375 845
131 0 815
131 0.0625 641
131 0.125 504
131 0.1875 322
131 0.25 259
131 0.3125 172
131 0.375 159
131 0.4375 129
131 0.5 121
131 0.5625 107
131 0.625 155
131 0.6875 292
131 0.75 489
131 0.8125 635
131 0.875 757
131 0.9375 887
132 0 858
132 0.0625 647
132 0.125 463
132 0.1875 317
132 0.25 238
132 0.3125 181
132 0.375 160
132 0.4375 148
132 0.5 130
132 0.5625 132
132 0.625 165
132 0.6875 299
132 0.75 445
132 0.8125 658
132 0.875 748
132 0.9375 878
133 0 767
133 0.0625 599
133 0.125 429
133 0.1875 354
133 0.25 224
133 0.3125 199
133 0.375 136
133 0.4375 117
133 0.5 137
133 0.5625 102
133 0.625 145
133 0.6875 285
133 0.75 456
133 0.8125 639
133 0.875 734
133 0.9375 884
134 0 746
134 0.0625 645
134 0.125 497
134 0.1875 309
134 0.25 231
134 0.3125 194
134 0.375 124
134 0.4375 136
134 0.5 120
134 0.5625 135
134 0.625 152
134 0.6875 273
134 0.75 445
134 0.8125 615
134 0.875 834
134 0.9375 806
135 0 784
135 0.0625 587
135 0.125 478
135 0.1875 333
135 0.25 218
135 0.3125 161
135 0.375 142
135 0.4375 126
135 0.5 118
135 0.5625 110
135 0.625 170
135 0.6875 249
135 0.75 409
135 0.8125 627
135 0.875 789
135 0.9375 878
136 0 761
136 0.0625 576
136 0.125 437
136 0.1875 332
136 0.25 230
136 0.3125 162
136 0.375 132
136 0.4375 125
136 0.5 118
136 0.5625 145
136 0.625 153
136 0.6875 250
136 0.75 422
136 0.8125 613
136 0.875 708
136 0.9375 829
137 0 779
137 0.0625 580
137 0.125 452
137 0.1875 292
137 0.25 213
137 0.3125 175
137 0.375 145
137 0.4375 122
137 0.5 117
137 0.5625 122
137 0.625 160
137 0.6875 263
137 0.75 428
137 0.8125 617
137 0.875 794
137 0.9375 851
138 0 748
138 0.0625 549
138 0.125 438
138 0.1875 310
138 0.25 227
138 0.3125 176
138 0.375 124
138 0.4375 116
138 0.5 97
138 0.5625 114
138 0.625 160
138 0.6875 256
138 0.75 413
138 0.8125 612
138 0.875 723
138 0.9375 764
139 0 697
139 0.0625 589
139 0.125 450
139 0.1875 285
139 0.25 197
139 0.3125 185
139 0.375 131
139 0.4375 116
139 0.5 108
139 0.5625 114
139 0.625 130
139 0.6875 257
139 0.75 464
139 0.8125 590
139 0.875 721
139 0.9375 800
140 0 680
140 0.0625 605
140 0.125 414
140 0.1875 324
140 0.25 206
140 0.3125 151
140 0.375 162
140 0.4375 105
140 0.5 110
140 0.5625 104
140 0.625 120
140 0.6875 257
140 0.75 409
140 0.8125 592
140 0.875 700
140 0.9375 718
141 0 698
141 0.0625 543
141 0.125 421
141 0.1875 275
141 0.25 219
141 0.3125 158
141 0.375 133
141 0.4375 122
141 0.5 98
141 0.5625 109
141 0.625 125
141 0.6875 255
141 0.75 419
141 0.8125 576
141 0.875 693
141 0.9375 741
142 0 696
142 0.0625 527
142 0.125 397
142 0.1875 310
142 0.25 190
142 0.3125 153
142 0.375 127
142 0.4375 111
142 0.5 115
142 0.5625 118
142 0.625 126
142 0.6875 244
142 0.75 407
142 0.8125 581
142 0.875 754
142 0.9375 731
143 0 656
143 0.0625 506
143 0.125 417
143 0.1875 290
143 0.25 224
143 0.3125 170
143 0.375 128
143 0.4375 111
143 0.5 115
143 0.5625 92
143 0.625 147
143 0.6875 247
143 0.75 404
143 0.8125 547
143 0.875 633
143 0.9375 751
144 0 661
144 0.0625 520
144 0.125 374
144 0.1875 265
144 0.25 210
144 0.3125 141
144 0.375 107
144 0.4375 133
144 0.5 115
144 0.5625 124
144 0.625 135
144 0.6875 229
144 0.75 391
144 0.8125 570
144 0.875 687
144 0.9375 725
145 0 611
145 0.0625 501
145 0.125 375
145 0.1875 254
145 0.25 185
145 0.3125 145
145 0.375 127
145 0.4375 107
145 0.5 105
145 0.5625 85
145 0.625 131
145 0.6875 261
145 0.75 349
145 0.8125 601
145 0.875 704
145 0.9375 682
146 0 648
146 0.0625 526
146 0.125 392
146 0.1875 243
146 0.25 194
146 0.3125 155
146 0.375 99
146 0.4375 107
146 0.5 98
146 0.5625 117
146 0.625 125
146 0.6875 200
146 0.75 384
146 0.8125 510
146 0.875 642
146 0.9375 731
147 0 617
147 0.0625 482
147 0.125 353
147 0.1875 256
147 0.25 205
147 0.3125 138
147 0.375 107
147 0.4375 126
147 0.5 100
147 0.5625 100
147 0.625 124
147 0.6875 211
147 0.75 363
147 0.8125 519
147 0.875 642
147 0.9375 718
148 0 612
148 0.0625 461
148 0.125 374
148 0.1875 249
148 0.25 196
148 0.3125 140
148 0.375 104
148 0.4375 101
148 0.5 97
148 0.5625 108
148 0.625 120
148 0.6875 219
148 0.75 388
148 0.8125 506
148 0.875 629
148 0.9375 678
149 0 624
149 0.0625 479
149 0.125 343
149 0.1875 286
149 0.25 175
149 0.3125 155
149 0.375 146
149 0.4375 112
149 0.5 91
149 0.5625 97
149 0.625 136
149 0.6875 186
149 0.75 388
149 0.8125 519
149 0.875 603
149 0.9375 623
150 0 642
150 0.0625 443
150 0.125 312
150 0.1875 226
150 0.25 167
150 0.3125 113
150 0.375 130
150 0.4375 107
150 0.5 110
150 0.5625 90
150 0.625 130
150 0.6875 219
150 0.75 370
150 0.8125 475
150 0.875 567
150 0.9375 666
151 0 569
151 0.0625 463
151 0.125 337
151 0.1875 247
151 0.25 177
151 0.3125 132
151 0.375 117
151 0.4375 96
151 0.5 108
151 0.5625 86
151 0.625 124
151 0.6875 220
151 0.75 350
151 0.8125 520
151 0.875 624
151 0.9375 619
152 0 547
152 0.0625 438
152 0.125 361
152 0.1875 258
152 0.25 172
152 0.3125 108
152 0.375 120
152 0.4375 105
152 0.5 79
152 0.5625 97
152 0.625 125
152 0.6875 231
152 0.75 331
152 0.8125 511
152 0.875 622
152 0.9375 678
153 0 532
153 0.0625 432
153 0.125 368
153 0.1875 230
153 0.25 194
153 0.3125 122
153 0.375 116
153 0.4375 98
153 0.5 97
153 0.5625 73
153 0.625 108
153 0.6875 205
153 0.75 345
153 0.8125 467
153 0.875 577
153 0.9375 602
154 0 506
154 0.0625 415
154 0.125 306
154 0.1875 205
154 0.25 149
154 0.3125 123
154 0.375 97
154 0.4375 91
154 0.5 79
154 0.5625 87
154 0.625 122
154 0.6875 193
154 0.75 322
154 0.8125 486
154 0.875 601
154 0.9375 565
155 0 561
155 0.0625 415
155 0.125 342
155 0.1875 250
155 0.25 135
155 0.3125 125
155 0.375 122
155 0.4375 94
155 0.5 92
155 0.5625 75
155 0.625 112
155 0.6875 200
155 0.75 348
155 0.8125 464
155 0.875 590
155 0.9375 577
156 0 546
156 0.0625 394
156 0.125 320
156 0.1875 217
156 0.25 162
156 0.3125 129
156 0.375 101
156 0.4375 92
156 0.5 97
156 0.5625 92
156 0.625 133
156 0.6875 203
156 0.75 327
156 0.8125 483
156 0.875 589
156 0.9375 610
157 0 526
157 0.0625 425
157 0.125 319
157 0.1875 228
157 0.25 165
157 0.3125 107
157 0.375 121
157 0.4375 90
157 0.5 86
157 0.5625 100
157 0.625 123
157 0.6875 196
157 0.75 283
157 0.8125 461
157 0.875 560
157 0.9375 601
158 0 525
158 0.0625 402
158 0.125 332
158 0.1875 226
158 0.25 190
158 0.3125 115
158 0.375 96
158 0.4375 93
158 0.5 95
158 0.5625 95
158 0.625 122
158 0.6875 211
158 0.75 334
158 0.8125 454
158 0.875 545
158 0.9375 557
159 0 513
159 0.0625 375
159 0.125 292
159 0.1875 222
159 0.25 168
159 0.3125 118
159 0.375 95
159 0.4375 87
159 0.5 82
159 0.5625 71
159 0.625 110
159 0.6875 172
159 0.75 297
159 0.8125 415
159 0.875 512
159 0.9375 548
160 0 501
160 0.0625 408
160 0.125 291
160 0.1875 208
160 0.25 143
160 0.3125 111
160 0.375 109
160 0.4375 101
160 0.5 92
160 0.5625 86
160 0.625 94
160 0.6875 182
160 0.75 269
160 0.8125 436
160 0.875 514
160 0.9375 536
161 0 472
161 0.0625 368
161 0.125 273
161 0.1875 198
161 0.25 132
161 0.3125 93
161 0.375 108
161 0.4375 72
161 0.5 70
161 0.5625 83
161 0.625 119
161 0.6875 199
161 0.75 304
161 0.8125 434
161 0.875 550
161 0.9375 542
162 0 460
162 0.0625 368
162 0.125 296
162 0.1875 190
162 0.25 136
162 0.3125 136
162 0.375 105
162 0.4375 90
162 0.5 76
162 0.5625 86
162 0.625 112
162 0.6875 178
162 0.75 281
162 0.8125 400
162 0.875 508
162 0.9375 486
163 0 443
163 0.0625 406
163 0.125 280
163 0.1875 184
163 0.25 152
163 0.3125 90
163 0.375 89
163 0.4375 80
163 0.5 73
163 0.5625 98
163 0.625 110
163 0.6875 175
163 0.75 291
163 0.8125 425
163 0.875 473
163 0.9375 530
164 0 501
164 0.0625 378
164 0.125 293
164 0.1875 177
164 0.25 143
164 0.3125 103
164 0.375 93
164 0.4375 86
164 0.5 88
164 0.5625 82
164 0.625 104
164 0.6875 197
164 0.75 283
164 0.8125 358
164 0.875 496
164 0.9375 528
165 0 486
165 0.0625 376
165 0.125 278
165 0.1875 189
165 0.25 128
165 0.3125 116
165 0.375 87
165 0.4375 86
165 0.5 73
165 0.5625 86
165 0.625 102
165 0.6875 165
165 0.75 263
165 0.8125 399
165 0.875 496
165 0.9375 457
166 0 458
166 0.0625 351
166 0.125 254
166 0.1875 221
166 0.25 119
166 0.3125 116
166 0.375 95
166 0.4375 100
166 0.5 77
166 0.5625 69
166 0.625 107
166 0.6875 178
166 0.75 274
166 0.8125 415
166 0.875 495
166 0.9375 512
167 0 437
167 0.0625 350
167 0.125 268
167 0.1875 189
167 0.25 140
167 0.3125 101
167 0.375 76
167 0.4375 70
167 0.5 86
167 0.5625 77
167 0.625 106
167 0.6875 181
167 0.75 284
167 0.8125 411
167 0.875 491
167 0.9375 481
168 0 440
168 0.0625 386
168 0.125 277
168 0.1875 198
168 0.25 141
168 0.3125 113
168 0.375 79
168 0.4375 93
168 0.5 87
168 0.5625 56
168 0.625 109
168 0.6875 159
168 0.75 262
168 0.8125 366
168 0.875 489
168 0.9375 509
169 0 451
169 0.0625 318
169 0.125 243
169 0.1875 167
169 0.25 120
169 0.3125 111
169 0.375 102
169 0.4375 87
169 0.5 79
169 0.5625 76
169 0.625 94
169 0.6875 165
169 0.75 280
169 0.8125 383
169 0.875 464
169 0.9375 478
170 0 408
170 0.0625 303
170 0.125 270
170 0.1875 174
170 0.25 133
170 0.3125 113
170 0.375 89
170 0.4375 84
170 0.5 71
170 0.5625 66
170 0.625 107
170 0.6875 147
170 0.75 273
170 0.8125 375
170 0.875 448
170 0.9375 454
171 0 438
171 0.0625 323
171 0.125 227
171 0.1875 177
171 0.25 138
171 0.3125 105
171 0.375 80
171 0.4375 72
171 0.5 66
171 0.5625 69
171 0.625 95
171 0.6875 178
171 0.75 264
171 0.8125 370
171 0.875 437
171 0.9375 439
172 0 413
172 0.0625 318
172 0.125 247
172 0.1875 179
172 0.25 138
172 0.3125 115
172 0.375 95
172 0.4375 75
172 0.5 69
172 0.5625 68
172 0.625 79
172 0.6875 157
172 0.75 237
172 0.8125 378
172 0.875 461
172 0.9375 441
173 0 413
173 0.0625 315
173 0.125 216
173 0.1875 183
173 0.25 140
173 0.3125 78
173 0.375 77
173 0.4375 60
173 0.5 60
173 0.5625 69
173 0.625 98
173 0.6875 164
173 0.75 269
173 0.8125 369
173 0.875 434
173 0.9375 452
174 0 415
174 0.0625 336
174 0.125 239
174 0.1875 167
174 0.25 136
174 0.3125 101
174 0.375 83
174 0.4375 63
174 0.5 58
174 0.5625 68
174 0.625 89
174 0.6875 172
174 0.75 247
174 0.8125 361
174 0.875 408
174 0.9375 437
175 0 399
175 0.0625 276
175 0.125 234
175 0.1875 157
175 0.25 112
175 0.3125 98
175 0.375 72
175 0.4375 80
175 0.5 79
175 0.5625 68
175 0.625 83
175 0.6875 143
175 0.75 232
175 0.8125 348
175 0.875 402
175 0.9375 403
176 0 385
176 0.0625 299
176 0.125 181
176 0.1875 145
176 0.25 93
176 0.3125 70
176 0.375 97
176 0.4375 69
176 0.5 64
176 0.5625 68
176 0.625 88
176 0.6875 142
176 0.75 243
176 0.8125 332
176 0.875 432
176 0.9375 423
177 0 353
177 0.0625 301
177 0.125 223
177 0.1875 149
177 0.25 108
177 0.3125 83
177 0.375 60
177 0.4375 83
177 0.5 73
177 0.5625 70
177 0.625 95
177 0.6875 160
177 0.75 206
177 0.8125 297
177 0.875 402
177 0.9375 417
178 0 355
178 0.0625 282
178 0.125 195
178 0.1875 146
178 0.25 111
178 0.3125 90
178 0.375 80
178 0.4375 67
178 0.5 65
178 0.5625 65
178 0.625 107
178 0.6875 152
178 0.75 241
178 0.8125 296
178 0.875 366
178 0.9375 419
179 0 347
179 0.0625 263
179 0.125 194
179 0.1875 140
179 0.25 107
179 0.3125 99
179 0.375 75
179 0.4375 60
179 0.5 67
179 0.5625 72
179 0.625 95
179 0.6875 148
179 0.75 248
179 0.8125 279
179 0.875 353
179 0.9375 397
180 0 342
180 0.0625 276
180 0.125 207
180 0.1875 158
180 0.25 100
180 0.3125 86
180 0.375 79
180 0.4375 65
180 0.5 62
180 0.5625 59
180 0.625 78
180 0.6875 130
180 0.75 233
180 0.8125 301
180 0.875 370
180 0.9375 397
181 0 341
181 0.0625 263
181 0.125 180
181 0.1875 143
181 0.25 108
181 0.3125 91
181 0.375 73
181 0.4375 66
181 0.5 62
181 0.5625 64
181 0.625 83
181 0.6875 157
181 0.75 217
181 0.8125 288
181 0.875 358
181 0.9375 354
182 0 332
182 0.0625 276
182 0.125 173
182 0.1875 123
182 0.25 92
182 0.3125 91
182 0.375 68
182 0.4375 55
182 0.5 66
182 0.5625 60
182 0.625 99
182 0.6875 134
182 0.75 206
182 0.8125 282
182 0.875 340
182 0.9375 336
183 0 320
183 0.0625 234
183 0.125 177
183 0.1875 113
183 0.25 82
183 0.3125 82
183 0.375 75
183 0.4375 67
183 0.5 56
183 0.5625 58
183 0.625 78
183 0.6875 153
183 0.75 216
183 0.8125 290
183 0.875 323
183 0.9375 337
184 0 317
184 0.0625 224
184 0.125 184
184 0.1875 121
184 0.25 100
184 0.3125 72
184 0.375 58
184 0.4375 66
184 0.5 56
184 0.5625 51
184 0.625 79
184 0.6875 135
184 0.75 204
184 0.8125 285
184 0.875 342
184 0.9375 341
185 0 307
185 0.0625 267
185 0.125 191
185 0.1875 109
185 0.25 106
185 0.3125 75
185 0.375 67
185 0.4375 69
185 0.5 68
185 0.5625 57
185 0.625 83
185 0.6875 125
185 0.75 192
185 0.8125 281
185 0.875 332
185 0.9375 349
186 0 291
186 0.0625 247
186 0.125 185
186 0.1875 154
186 0.25 78
186 0.3125 82
186 0.375 73
186 0.4375 66
186 0.5 64
186 0.5625 57
186 0.625 79
186 0.6875 127
186 0.75 197
186 0.8125 286
186 0.875 318
186 0.9375 344
187 0 271
187 0.0625 248
187 0.125 152
187 0.1875 133
187 0.25 93
187 0.3125 77
187 0.375 65
187 0.4375 44
187 0.5 59
187 0.5625 48
187 0.625 67
187 0.6875 129
187 0.75 198
187 0.8125 269
187 0.875 314
187 0.9375 365
188 0 300
188 0.0625 257
188 0.125 142
188 0.1875 111
188 0.25 103
188 0.3125 65
188 0.375 61
188 0.4375 62
188 0.5 50
188 0.5625 59
188 0.625 76
188 0.6875 141
188 0.75 179
188 0.8125 267
188 0.875 293
188 0.9375 347
189 0 301
189 0.0625 233
189 0.125 166
189 0.1875 114
189 0.25 87
189 0.3125 93
189 0.375 67
189 0.4375 57
189 0.5 49
189 0.5625 46
189 0.625 85
189 0.6875 118
189 0.75 159
189 0.8125 285
189 0.875 314
189 0.9375 325
190 0 278
190 0.0625 208
190 0.125 157
190 0.1875 125
190 0.25 87
190 0.3125 66
190 0.375 60
190 0.4375 52
190 0.5 59
190 0.5625 54
190 0.625 85
190 0.6875 110
190 0.75 178
190 0.8125 259
190 0.875 278
190 0.9375 311
191 0 224
191 0.0625 199
191 0.125 154
191 0.1875 114
191 0.25 85
191 0.3125 68
191 0.375 57
191 0.4375 60
191 0.5 55
191 0.5625 48
191 0.625 76
191 0.6875 121
191 0.75 177
191 0.8125 234
191 0.875 316
191 0.9375 342
192 0 279
192 0.0625 204
192 0.125 145
192 0.1875 99
192 0.25 94
192 0.3125 67
192 0.375 53
192 0.4375 48
192 0.5 44
192 0.5625 65
192 0.625 74
192 0.6875 125
192 0.75 186
192 0.8125 232
192 0.875 294
192 0.9375 295
193 0 242
193 0.0625 211
193 0.125 175
193 0.1875 102
193 0.25 83
193 0.3125 81
193 0.375 61
193 0.4375 65
193 0.5 63
193 0.5625 58
193 0.625 90
193 0.6875 103
193 0.75 178
193 0.8125 265
193 0.875 257
193 0.9375 298
194 0 271
194 0.0625 209
194 0.125 172
194 0.1875 99
194 0.25 76
194 0.3125 55
194 0.375 57
194 0.4375 62
194 0.5 52
194 0.5625 58
194 0.625 61
194 0.6875 108
194 0.75 156
194 0.8125 243
194 0.875 301
194 0.9375 288
195 0 282
195 0.0625 199
195 0.125 147
195 0.1875 121
195 0.25 83
195 0.3125 78
195 0.375 52
195 0.4375 63
195 0.5 56
195 0.5625 49
195 0.625 70
195 0.6875 97
195 0.75 184
195 0.8125 240
195 0.875 282
195 0.9375 286
196 0 265
196 0.0625 206
196 0.125 147
196 0.1875 96
196 0.25 85
196 0.3125 66
196 0.375 53
196 0.4375 51
196 0.5 47
196 0.5625 53
196 0.625 63
196 0.6875 112
196 0.75 158
196 0.8125 209
196 0.875 236
196 0.9375 274
197 0 249
197 0.0625 169
197 0.125 144
197 0.1875 111
197 0.25 78
197 0.3125 75
197 0.375 54
197 0.4375 54
197 0.5 58
197 0.5625 66
197 0.625 66
197 0.6875 106
197 0.75 194
197 0.8125 257
197 0.875 244
197 0.9375 270
198 0 236
198 0.0625 182
198 0.125 128
198 0.1875 95
198 0.25 77
198 0.3125 68
198 0.375 62
198 0.4375 60
198 0.5 41
198 0.5625 49
198 0.625 54
198 0.6875 112
198 0.75 160
198 0.8125 187
198 0.875 271
198 0.9375 259
199 0 251
199 0.0625 176
199 0.125 134
199 0.1875 120
199 0.25 78
199 0.3125 54
199 0.375 52
199 0.4375 48
199 0.5 53
199 0.5625 46
199 0.625 76
199 0.6875 106
199 0.75 165
199 0.8125 234
199 0.875 294
199 0.9375 286
200 0 242
200 0.0625 186
200 0.125 140
200 0.1875 102
200 0.25 73
200 0.3125 61
200 0.375 61
200 0.4375 50
200 0.5 47
200 0.5625 43
200 0.625 65
200 0.6875 104
200 0.75 165
200 0.8125 204
200 0.875 235
200 0.9375 268
201 0 229
201 0.0625 190
201 0.125 146
201 0.1875 106
201 0.25 67
201 0.3125 69
201 0.375 55
201 0.4375 42
201 0.5 39
201 0.5625 40
201 0.625 53
201 0.6875 93
201 0.75 145
201 0.8125 216
201 0.875 260
201 0.9375 241
202 0 243
202 0.0625 170
202 0.125 133
202 0.1875 100
202 0.25 66
202 0.3125 60
202 0.375 58
202 0.4375 48
202 0.5 55
202 0.5625 46
202 0.625 68
202 0.6875 95
202 0.75 158
202 0.8125 216
202 0.875 238
202 0.9375 251
203 0 222
203 0.0625 164
203 0.125 135
203 0.1875 91
203 0.25 81
203 0.3125 45
203 0.375 44
203 0.4375 44
203 0.5 35
203 0.5625 55
203 0.625 54
203 0.6875 107
203 0.75 160
203 0.8125 215
203 0.875 248
203 0.9375 219
204 0 218
204 0.0625 180
204 0.125 117
204 0.1875 92
204 0.25 68
204 0.3125 51
204 0.375 50
204 0.4375 48
204 0.5 56
204 0.5625 47
204 0.625 64
204 0.6875 97
204 0.75 145
204 0.8125 171
204 0.875 209
204 0.9375 247
205 0 165
205 0.0625 179
205 0.125 106
205 0.1875 93
205 0.25 72
205 0.3125 50
205 0.375 38
205 0.4375 54
205 0.5 43
205 0.5625 55
205 0.625 69
205 0.6875 101
205 0.75 129
205 0.8125 202
205 0.875 214
205 0.9375 233
206 0 218
206 0.0625 158
206 0.125 137
206 0.1875 75
206 0.25 75
206 0.3125 68
206 0.375 50
206 0.4375 35
206 0.5 44
206 0.5625 38
206 0.625 73
206 0.6875 82
206 0.75 134
206 0.8125 205
206 0.875 204
206 0.9375 204
207 0 169
207 0.0625 163
207 0.125 107
207 0.1875 79
207 0.25 69
207 0.3125 55
207 0.375 50
207 0.4375 44
207 0.5 45
207 0.5625 38
207 0.625 63
207 0.6875 82
207 0.75 145
207 0.8125 195
207 0.875 201
207 0.9375 207
208 0 176
208 0.0625 137
208 0.125 125
208 0.1875 86
208 0.25 66
208 0.3125 43
208 0.375 43
208 0.4375 35
208 0.5 26
208 0.5625 45
208 0.625 54
208 0.6875 101
208 0.75 138
208 0.8125 164
208 0.875 211
208 0.9375 204
209 0 184
209 0.0625 124
209 0.125 89
209 0.1875 63
209 0.25 61
209 0.3125 47
209 0.375 37
209 0.4375 49
209 0.5 34
209 0.5625 37
209 0.625 50
209 0.6875 89
209 0.75 117
209 0.8125 135
209 0.875 220
209 0.9375 199
210 0 173
210 0.0625 148
210 0.125 105
210 0.1875 89
210 0.25 62
210 0.3125 45
210 0.375 51
210 0.4375 39
210 0.5 38
210 0.5625 31
210 0.625 49
210 0.6875 76
210 0.75 124
210 0.8125 136
210 0.875 195
210 0.9375 193
211 0 182
211 0.0625 132
211 0.125 90
211 0.1875 64
211 0.25 47
211 0.3125 50
211 0.375 34
211 0.4375 34
211 0.5 37
211 0.5625 46
211 0.625 54
211 0.6875 78
211 0.75 140
211 0.8125 144
211 0.875 199
211 0.9375 193
212 0 157
212 0.0625 112
212 0.125 90
212 0.1875 83
212 0.25 66
212 0.3125 48
212 0.375 33
212 0.4375 24
212 0.5 27
212 0.5625 39
212 0.625 50
212 0.6875 75
212 0.75 121
212 0.8125 133
212 0.875 185
212 0.9375 173
213 0 156
213 0.0625 115
213 0.125 99
213 0.1875 56
213 0.25 46
213 0.3125 37
213 0.375 30
213 0.4375 37
213 0.5 35
213 0.5625 41
213 0.625 49
213 0.6875 57
213 0.75 110
213 0.8125 138
213 0.875 156
213 0.9375 163
214 0 135
214 0.0625 98
214 0.125 91
214 0.1875 44
214 0.25 41
214 0.3125 38
214 0.375 38
214 0.4375 26
214 0.5 31
214 0.5625 37
214 0.625 48
214 0.6875 57
214 0.75 92
214 0.8125 131
214 0.875 133
214 0.9375 157
215 0 133
215 0.0625 89
215 0.125 90
215 0.1875 42
215 0.25 41
215 0.3125 32
215 0.375 34
215 0.4375 31
215 0.5 34
215 0.5625 30
215 0.625 33
215 0.6875 61
215 0.75 90
215 0.8125 125
215 0.875 153
215 0.9375 151
216 0 124
216 0.0625 86
216 0.125 66
216 0.1875 49
216 0.25 32
216 0.3125 34
216 0.375 40
216 0.4375 23
216 0.5 26
216 0.5625 35
216 0.625 38
216 0.6875 49
216 0.75 83
216 0.8125 124
216 0.875 135
216 0.9375 150
217 0 119
217 0.0625 91
217 0.125 77
217 0.1875 48
217 0.25 27
217 0.3125 35
217 0.375 26
217 0.4375 25
217 0.5 22
217 0.5625 25
217 0.625 33
217 0.6875 44
217 0.75 83
217 0.8125 105
217 0.875 121
217 0.9375 120
218 0 115
218 0.0625 85
218 0.125 80
218 0.1875 38
218 0.25 31
218 0.3125 26
218 0.375 25
218 0.4375 21
218 0.5 24
218 0.5625 26
218 0.625 31
218 0.6875 59
218 0.75 78
218 0.8125 103
218 0.875 127
218 0.9375 127
219 0 99
219 0.0625 86
219 0.125 46
219 0.1875 42
219 0.25 36
219 0.3125 27
219 0.375 22
219 0.4375 37
219 0.5 28
219 0.5625 21
219 0.625 36
219 0.6875 53
219 0.75 64
219 0.8125 92
219 0.875 106
219 0.9375 128
220 0 109
220 0.0625 78
220 0.125 69
220 0.1875 41
220 0.25 42
220 0.3125 26
220 0.375 31
220 0.4375 35
220 0.5 28
220 0.5625 18
220 0.625 23
220 0.6875 44
220 0.75 75
220 0.8125 95
220 0.875 99
220 0.9375 111
221 0 103
221 0.0625 75
221 0.125 67
221 0.1875 42
221 0.25 37
221 0.3125 19
221 0.375 24
221 0.4375 19
221 0.5 12
221 0.5625 27
221 0.625 25
221 0.6875 48
221 0.75 57
221 0.8125 89
221 0.875 118
221 0.9375 107
222 0 112
222 0.0625 65
222 0.125 37
222 0.1875 55
222 0.25 25
222 0.3125 29
222 0.375 23
222 0.4375 22
222 0.5 22
222 0.5625 25
222 0.625 22
222 0.6875 33
222 0.75 69
222 0.8125 82
222 0.875 108
222 0.9375 118
223 0 82
223 0.0625 78
223 0.125 42
223 0.1875 34
223 0.25 29
223 0.3125 36
223 0.375 24
223 0.4375 22
223 0.5 29
223 0.5625 14
223 0.625 25
223 0.6875 41
223 0.75 57
223 0.8125 76
223 0.875 107
223 0.9375 86
224 0 102
224 0.0625 60
224 0.125 49
224 0.1875 43
224 0.25 28
224 0.3125 29
224 0.375 29
224 0.4375 25
224 0.5 27
224 0.5625 17
224 0.625 32
224 0.6875 48
224 0.75 65
224 0.8125 74
224 0.875 94
224 0.9375 80
225 0 90
225 0.0625 60
225 0.125 46
225 0.1875 35
225 0.25 38
225 0.3125 25
225 0.375 17
225 0.4375 23
225 0.5 18
225 0.5625 16
225 0.625 27
225 0.6875 30
225 0.75 59
225 0.8125 79
225 0.875 78
225 0.9375 89
226 0 78
226 0.0625 54
226 0.125 51
226 0.1875 37
226 0.25 31
226 0.3125 22
226 0.375 19
226 0.4375 14
226 0.5 17
226 0.5625 20
226 0.625 26
226 0.6875 56
226 0.75 60
226 0.8125 92
226 0.875 81
226 0.9375 92
227 0 84
227 0.0625 60
227 0.125 38
227 0.1875 34
227 0.25 35
227 0.3125 25
227 0.375 24
227 0.4375 18
227 0.5 21
227 0.5625 24
227 0.625 23
227 0.6875 38
227 0.75 52
227 0.8125 72
227 0.875 90
227 0.9375 87
228 0 76
228 0.0625 77
228 0.125 50
228 0.1875 33
228 0.25 33
228 0.3125 27
228 0.375 18
228 0.4375 28
228 0.5 16
228 0.5625 22
228 0.625 19
228 0.6875 35
228 0.75 45
228 0.8125 67
228 0.875 77
228 0.9375 102
229 0 86
229 0.0625 61
229 0.125 42
229 0.1875 27
229 0.25 25
229 0.3125 16
229 0.375 20
229 0.4375 16
229 0.5 23
229 0.5625 19
229 0.625 25
229 0.6875 39
229 0.75 36
229 0.8125 67
229 0.875 92
229 0.9375 78
230 0 78
230 0.0625 69
230 0.125 45
230 0.1875 37
230 0.25 23
230 0.3125 21
230 0.375 27
230 0.4375 25
230 0.5 20
230 0.5625 17
230 0.625 18
230 0.6875 41
230 0.75 73
230 0.8125 81
230 0.875 95
230 0.9375 80
231 0 72
231 0.0625 51
231 0.125 44
231 0.1875 23
231 0.25 31
231 0.3125 27
231 0.375 21
231 0.4375 17
231 0.5 15
231 0.5625 28
231 0.625 24
231 0.6875 35
231 0.75 72
231 0.8125 73
231 0.875 89
231 0.9375 73
232 0 64
232 0.0625 77
232 0.125 57
232 0.1875 30
232 0.25 24
232 0.3125 22
232 0.375 20
232 0.4375 15
232 0.5 21
232 0.5625 18
232 0.625 21
232 0.6875 54
232 0.75 59
232 0.8125 79
232 0.875 87
232 0.9375 99
233 0 66
233 0.0625 72
233 0.125 38
233 0.1875 33
233 0.25 25
233 0.3125 18
233 0.375 12
233 0.4375 14
233 0.5 20
233 0.5625 24
233 0.625 26
233 0.6875 35
233 0.75 70
233 0.8125 73
233 0.875 90
233 0.9375 81
234 0 71
234 0.0625 45
234 0.125 56
234 0.1875 36
234 0.25 42
234 0.3125 29
234 0.375 15
234 0.4375 22
234 0.5 27
234 0.5625 16
234 0.625 21
234 0.6875 37
234 0.75 56
234 0.8125 62
234 0.875 81
234 0.9375 85
235 0 67
235 0.0625 51
235 0.125 43
235 0.1875 26
235 0.25 34
235 0.3125 20
235 0.375 25
235 0.4375 21
235 0.5 21
235 0.5625 19
235 0.625 22
235 0.6875 25
235 0.75 50
235 0.8125 82
235 0.875 74
235 0.9375 88
236 0 74
236 0.0625 74
236 0.125 38
236 0.1875 45
236 0.25 24
236 0.3125 26
236 0.375 17
236 0.4375 18
236 0.5 20
236 0.5625 15
236 0.625 24
236 0.6875 39
236 0.75 50
236 0.8125 76
236 0.875 82
236 0.9375 96
237 0 73
237 0.0625 60
237 0.125 57
237 0.1875 17
237 0.25 32
237 0.3125 25
237 0.375 14
237 0.4375 27
237 0.5 16
237 0.5625 16
237 0.625 22
237 0.6875 41
237 0.75 45
237 0.8125 73
237 0.875 81
237 0.9375 80
238 0 90
238 0.0625 59
238 0.125 44
238 0.1875 28
238 0.25 22
238 0.3125 28
238 0.375 21
238 0.4375 19
238 0.5 23
238 0.5625 13
238 0.625 24
238 0.6875 36
238 0.75 56
238 0.8125 82
238 0.875 84
238 0.9375 81
239 0 80
239 0.0625 62
239 0.125 33
239 0.1875 39
239 0.25 27
239 0.3125 32
239 0.375 21
239 0.4375 22
239 0.5 18
239 0.5625 15
239 0.625 16
239 0.6875 33
239 0.75 58
239 0.8125 53
239 0.875 106
239 0.9375 90
240 0 75
240 0.0625 63
240 0.125 35
240 0.1875 27
240 0.25 28
240 0.3125 24
240 0.375 13
240 0.4375 29
240 0.5 14
240 0.5625 23
240 0.625 26
240 0.6875 37
240 0.75 52
240 0.8125 71
240 0.875 95
240 0.9375 75
241 0 69
241 0.0625 51
241 0.125 37
241 0.1875 32
241 0.25 27
241 0.3125 27
241 0.375 20
241 0.4375 22
241 0.5 20
241 0.5625 22
241 0.625 16
241 0.6875 32
241 0.75 54
241 0.8125 76
241 0.875 86
241 0.9375 70
242 0 70
242 0.0625 49
242 0.125 46
242 0.1875 35
242 0.25 25
242 0.3125 20
242 0.375 19
242 0.4375 12
242 0.5 22
242 0.5625 11
242 0.625 18
242 0.6875 33
242 0.75 45
242 0.8125 74
242 0.875 80
242 0.9375 79
243 0 68
243 0.0625 49
243 0.125 39
243 0.1875 36
243 0.25 34
243 0.3125 28
243 0.375 18
243 0.4375 25
243 0.5 20
243 0.5625 23
243 0.625 28
243 0.6875 33
243 0.75 57
243 0.8125 62
243 0.875 84
243 0.9375 73
244 0 73
244 0.0625 73
244 0.125 43
244 0.1875 35
244 0.25 28
244 0.3125 25
244 0.375 21
244 0.4375 22
244 0.5 26
244 0.5625 19
244 0.625 24
244 0.6875 41
244 0.75 53
244 0.8125 66
244 0.875 71
244 0.9375 75
245 0 61
245 0.0625 58
245 0.125 38
245 0.1875 28
245 0.25 24
245 0.3125 26
245 0.375 19
245 0.4375 20
245 0.5 18
245 0.5625 23
245 0.625 26
245 0.6875 30
245 0.75 51
245 0.8125 57
245 0.875 65
245 0.9375 75
246 0 52
246 0.0625 64
246 0.125 40
246 0.1875 29
246 0.25 20
246 0.3125 18
246 0.375 16
246 0.4375 28
246 0.5 18
246 0.5625 20
246 0.625 28
246 0.6875 36
246 0.75 41
246 0.8125 83
246 0.875 74
246 0.9375 73
247 0 77
247 0.0625 53
247 0.125 33
247 0.1875 29
247 0.25 30
247 0.3125 24
247 0.375 19
247 0.4375 17
247 0.5 17
247 0.5625 18
247 0.625 25
247 0.6875 31
247 0.75 42
247 0.8125 58
247 0.875 76
247 0.9375 62
248 0 59
248 0.0625 65
248 0.125 32
248 0.1875 27
248 0.25 36
248 0.3125 26
248 0.375 17
248 0.4375 19
248 0.5 22
248 0.5625 20
248 0.625 24
248 0.6875 28
248 0.75 50
248 0.8125 55
248 0.875 75
248 0.9375 81
249 0 69
249 0.0625 55
249 0.125 37
249 0.1875 23
249 0.25 26
249 0.3125 23
249 0.375 32
249 0.4375 12
249 0.5 21
249 0.5625 20
249 0.625 23
249 0.6875 47
249 0.75 57
249 0.8125 62
249 0.875 74
249 0.9375 68
250 0 59
250 0.0625 43
250 0.125 28
250 0.1875 34
250 0.25 23
250 0.3125 16
250 0.375 17
250 0.4375 26
250 0.5 20
250 0.5625 20
250 0.625 17
250 0.6875 43
250 0.75 55
250 0.8125 69
250 0.875 63
250 0.9375 75
251 0 59
251 0.0625 55
251 0.125 34
251 0.1875 25
251 0.25 25
251 0.3125 23
251 0.375 26
251 0.4375 14
251 0.5 19
251 0.5625 19
251 0.625 28
251 0.6875 37
251 0.75 46
251 0.8125 78
251 0.875 75
251 0.9375 71
252 0 57
252 0.0625 42
252 0.125 52
252 0.1875 29
252 0.25 17
252 0.3125 16
252 0.375 21
252 0.4375 22
252 0.5 29
252 0.5625 18
252 0.625 16
252 0.6875 28
252 0.75 46
252 0.8125 65
252 0.875 70
252 0.9375 77
253 0 78
253 0.0625 48
253 0.125 43
253 0.1875 31
253 0.25 17
253 0.3125 19
253 0.375 28
253 0.4375 19
253 0.5 9
253 0.5625 26
253 0.625 26
253 0.6875 37
253 0.75 35
253 0.8125 54
253 0.875 67
253 0.9375 77
254 0 55
254 0.0625 58
254 0.125 31
254 0.1875 35
254 0.25 18
254 0.3125 19
254 0.375 17
254 0.4375 18
254 0.5 24
254 0.5625 15
254 0.625 18
254 0.6875 35
254 0.75 56
254 0.8125 59
254 0.875 61
254 0.9375 63
255 0 63
255 0.0625 42
255 0.125 44
255 0.1875 28
255 0.25 32
255 0.3125 13
255 0.375 23
255 0.4375 22
255 0.5 16
255 0.5625 24
255 0.625 12
255 0.6875 23
255 0.75 43
255 0.8125 58
255 0.875 65
255 0.9375 62
256 0 49
256 0.0625 58
256 0.125 32
256 0.1875 22
256 0.25 21
256 0.3125 23
256 0.375 16
256 0.4375 16
256 0.5 26
256 0.5625 13
256 0.625 24
256 0.6875 41
256 0.75 54
256 0.8125 47
256 0.875 64
256 0.9375 63
257 0 49
257 0.0625 37
257 0.125 37
257 0.1875 31
257 0.25 22
257 0.3125 16
257 0.375 27
257 0.4375 16
257 0.5 20
257 0.5625 18
257 0.625 30
257 0.6875 32
257 0.75 47
257 0.8125 56
257 0.875 68
257 0.9375 71
258 0 61
258 0.0625 42
258 0.125 42
258 0.1875 28
258 0.25 18
258 0.3125 20
258 0.375 17
258 0.4375 16
258 0.5 22
258 0.5625 17
258 0.625 16
258 0.6875 35
258 0.75 38
258 0.8125 53
258 0.875 74
258 0.9375 69
259 0 55
259 0.0625 40
259 0.125 28
259 0.1875 27
259 0.25 17
259 0.3125 18
259 0.375 19
259 0.4375 20
259 0.5 26
259 0.5625 16
259 0.625 21
259 0.6875 24
259 0.75 32
259 0.8125 60
259 0.875 78
259 0.9375 61
260 0 63
260 0.0625 37
260 0.125 38
260 0.1875 27
260 0.25 25
260 0.3125 22
260 0.375 18
260 0.4375 9
260 0.5 17
260 0.5625 18
260 0.625 18
260 0.6875 28
260 0.75 38
260 0.8125 61
260 0.875 58
260 0.9375 68
261 0 48
261 0.0625 32
261 0.125 45
261 0.1875 24
261 0.25 25
261 0.3125 16
261 0.375 20
261 0.4375 18
261 0.5 18
261 0.5625 16
261 0.625 19
261 0.6875 26
261 0.75 36
261 0.8125 54
261 0.875 73
261 0.9375 52
262 0 53
262 0.0625 37
262 0.125 30
262 0.1875 19
262 0.25 22
262 0.3125 14
262 0.375 17
262 0.4375 18
262 0.5 16
262 0.5625 17
262 0.625 29
262 0.6875 25
262 0.75 44
262 0.8125 51
262 0.875 71
262 0.9375 58
263 0 39
263 0.0625 48
263 0.125 36
263 0.1875 27
263 0.25 15
263 0.3125 17
263 0.375 18
263 0.4375 21
263 0.5 11
263 0.5625 15
263 0.625 19
263 0.6875 28
263 0.75 36
263 0.8125 42
263 0.875 64
263 0.9375 57
264 0 39
264 0.0625 44
264 0.125 32
264 0.1875 16
264 0.25 17
264 0.3125 23
264 0.375 14
264 0.4375 13
264 0.5 15
264 0.5625 18
264 0.625 18
264 0.6875 31
264 0.75 38
264 0.8125 54
264 0.875 56
264 0.9375 54
265 0 49
265 0.0625 38
265 0.125 36
265 0.1875 26
265 0.25 24
265 0.3125 14
265 0.375 10
265 0.4375 19
265 0.5 16
265 0.5625 12
265 0.625 14
265 0.6875 30
265 0.75 35
265 0.8125 56
265 0.875 49
265 0.9375 47
266 0 46
266 0.0625 44
266 0.125 25
266 0.1875 18
266 0.25 14
266 0.3125 26
266 0.375 11
266 0.4375 15
266 0.5 17
266 0.5625 22
266 0.625 22
266 0.6875 23
266 0.75 39
266 0.8125 57
266 0.875 55
266 0.9375 63
267 0 53
267 0.0625 36
267 0.125 31
267 0.1875 26
267 0.25 16
267 0.3125 10
267 0.375 20
267 0.4375 19
267 0.5 16
267 0.5625 18
267 0.625 18
267 0.6875 22
267 0.75 50
267 0.8125 45
267 0.875 46
267 0.9375 46
268 0 37
268 0.0625 32
268 0.125 28
268 0.1875 23
268 0.25 30
268 0.3125 13
268 0.375 14
268 0.4375 12
268 0.5 16
268 0.5625 26
268 0.625 23
268 0.6875 25
268 0.75 26
268 0.8125 55
268 0.875 52
268 0.9375 56
269 0 54
269 0.0625 31
269 0.125 34
269 0.1875 30
269 0.25 18
269 0.3125 21
269 0.375 18
269 0.4375 17
269 0.5 11
269 0.5625 15
269 0.625 27
269 0.6875 25
269 0.75 39
269 0.8125 38
269 0.875 54
269 0.9375 51
270 0 44
270 0.0625 44
270 0.125 30
270 0.1875 24
270 0.25 17
270 0.3125 19
270 0.375 12
270 0.4375 15
270 0.5 17
270 0.5625 12
270 0.625 16
270 0.6875 33
270 0.75 42
270 0.8125 40
270 0.875 44
270 0.9375 58
271 0 42
271 0.0625 34
271 0.125 39
271 0.1875 20
271 0.25 27
271 0.3125 24
271 0.375 15
271 0.4375 19
271 0.5 23
271 0.5625 13
271 0.625 10
271 0.6875 26
271 0.75 36
271 0.8125 43
271 0.875 57
271 0.9375 59
272 0 52
272 0.0625 39
272 0.125 24
272 0.1875 18
272 0.25 22
272 0.3125 18
272 0.375 10
272 0.4375 9
272 0.5 18
272 0.5625 20
272 0.625 19
272 0.6875 24
272 0.75 38
272 0.8125 53
272 0.875 45
272 0.9375 66
273 0 43
273 0.0625 27
273 0.125 29
273 0.1875 21
273 0.25 24
273 0.3125 21
273 0.375 19
273 0.4375 20
273 0.5 12
273 0.5625 16
273 0.625 16
273 0.6875 23
273 0.75 44
273 0.8125 45
273 0.875 58
273 0.9375 64
274 0 38
274 0.0625 37
274 0.125 19
274 0.1875 22
274 0.25 15
274 0.3125 20
274 0.375 17
274 0.4375 18
274 0.5 14
274 0.5625 13
274 0.625 19
274 0.6875 29
274 0.75 37
274 0.8125 36
274 0.875 50
274 0.9375 47
275 0 39
275 0.0625 20
275 0.125 31
275 0.1875 18
275 0.25 15
275 0.3125 19
275 0.375 9
275 0.4375 12
275 0.5 15
275 0.5625 15
275 0.625 16
275 0.6875 27
275 0.75 41
275 0.8125 48
275 0.875 47
275 0.9375 58
276 0 57
276 0.0625 26
276 0.125 25
276 0.1875 26
276 0.25 26
276 0.3125 15
276 0.375 10
276 0.4375 10
276 0.5 17
276 0.5625 19
276 0.625 9
276 0.6875 30
276 0.75 44
276 0.8125 49
276 0.875 33
276 0.9375 51
277 0 40
277 0.0625 30
277 0.125 28
277 0.1875 11
277 0.25 12
277 0.3125 15
277 0.375 12
277 0.4375 20
277 0.5 21
277 0.5625 13
277 0.625 22
277 0.6875 22
277 0.75 31
277 0.8125 42
277 0.875 55
277 0.9375 50
278 0 38
278 0.0625 32
278 0.125 27
278 0.1875 25
278 0.25 16
278 0.3125 18
278 0.375 18
278 0.4375 20
278 0.5 18
278 0.5625 18
278 0.625 17
278 0.6875 23
278 0.75 43
278 0.8125 52
278 0.875 52
278 0.9375 49
279 0 38
279 0.0625 43
279 0.125 31
279 0.1875 26
279 0.25 21
279 0.3125 19
279 0.375 12
279 0.4375 16
279 0.5 18
279 0.5625 12
279 0.625 16
279 0.6875 30
279 0.75 25
279 0.8125 48
279 0.875 38
279 0.9375 55
280 0 41
280 0.0625 36
280 0.125 23
280 0.1875 22
280 0.25 22
280 0.3125 14
280 0.375 19
280 0.4375 4
280 0.5 16
280 0.5625 11
280 0.625 20
280 0.6875 23
280 0.75 22
280 0.8125 40
280 0.875 56
280 0.9375 48
281 0 38
281 0.0625 31
281 0.125 25
281 0.1875 21
281 0.25 20
281 0.3125 12
281 0.375 17
281 0.4375 14
281 0.5 21
281 0.5625 5
281 0.625 14
281 0.6875 26
281 0.75 32
281 0.8125 48
281 0.875 48
281 0.9375 51
282 0 41
282 0.0625 41
282 0.125 31
282 0.1875 23
282 0.25 22
282 0.3125 12
282 0.375 17
282 0.4375 7
282 0.5 13
282 0.5625 8
282 0.625 13
282 0.6875 28
282 0.75 42
282 0.8125 45
282 0.875 41
282 0.9375 55
283 0 41
283 0.0625 36
283 0.125 27
283 0.1875 14
283 0.25 18
283 0.3125 17
283 0.375 7
283 0.4375 15
283 0.5 9
283 0.5625 12
283 0.625 24
283 0.6875 22
283 0.75 30
283 0.8125 36
283 0.875 46
283 0.9375 60
284 0 38
284 0.0625 29
284 0.125 25
284 0.1875 22
284 0.25 8
284 0.3125 12
284 0.375 18
284 0.4375 16
284 0.5 9
284 0.5625 18
284 0.625 14
284 0.6875 21
284 0.75 28
284 0.8125 39
284 0.875 49
284 0.9375 44
285 0 28
285 0.0625 25
285 0.125 19
285 0.1875 29
285 0.25 21
285 0.3125 15
285 0.375 11
285 0.4375 14
285 0.5 19
285 0.5625 14
285 0.625 15
285 0.6875 24
285 0.75 43
285 0.8125 41
285 0.875 38
285 0.9375 56
286 0 38
286 0.0625 30
286 0.125 27
286 0.1875 25
286 0.25 17
286 0.3125 14
286 0.375 20
286 0.4375 13
286 0.5 15
286 0.5625 15
286 0.625 17
286 0.6875 30
286 0.75 35
286 0.8125 31
286 0.875 39
286 0.9375 42
287 0 41
287 0.0625 38
287 0.125 28
287 0.1875 10
287 0.25 20
287 0.3125 19
287 0.375 15
287 0.4375 15
287 0.5 10
287 0.5625 18
287 0.625 14
287 0.6875 14
287 0.75 22
287 0.8125 30
287 0.875 38
287 0.9375 45
288 0 30
288 0.0625 20
288 0.125 20
288 0.1875 21
288 0.25 19
288 0.3125 14
288 0.375 12
288 0.4375 27
288 0.5 14
288 0.5625 12
288 0.625 16
288 0.6875 21
288 0.75 22
288 0.8125 38
288 0.875 44
288 0.9375 52
289 0 39
289 0.0625 28
289 0.125 25
289 0.1875 20
289 0.25 18
289 0.3125 13
289 0.375 11
289 0.4375 23
289 0.5 9
289 0.5625 10
289 0.625 16
289 0.6875 25
289 0.75 26
289 0.8125 35
289 0.875 42
289 0.9375 45
290 0 32
290 0.0625 24
290 0.125 18
290 0.1875 21
290 0.25 19
290 0.3125 19
290 0.375 13
290 0.4375 9
290 0.5 8
290 0.5625 11
290 0.625 15
290 0.6875 18
290 0.75 33
290 0.8125 23
290 0.875 32
290 0.9375 36
291 0 38
291 0.0625 22
291 0.125 19
291 0.1875 14
291 0.25 16
291 0.3125 14
291 0.375 12
291 0.4375 10
291 0.5 14
291 0.5625 12
291 0.625 16
291 0.6875 18
291 0.75 26
291 0.8125 29
291 0.875 38
291 0.9375 45
292 0 43
292 0.0625 32
292 0.125 19
292 0.1875 9
292 0.25 9
292 0.3125 15
292 0.375 12
292 0.4375 16
292 0.5 11
292 0.5625 12
292 0.625 17
292 0.6875 22
292 0.75 32
292 0.8125 42
292 0.875 43
292 0.9375 27
293 0 36
293 0.0625 32
293 0.125 16
293 0.1875 11
293 0.25 20
293 0.3125 21
293 0.375 15
293 0.4375 9
293 0.5 15
293 0.5625 12
293 0.625 14
293 0.6875 20
293 0.75 24
293 0.8125 31
293 0.875 42
293 0.9375 52
294 0 38
294 0.0625 28
294 0.125 18
294 0.1875 22
294 0.25 9
294 0.3125 22
294 0.375 16
294 0.4375 13
294 0.5 9
294 0.5625 14
294 0.625 18
294 0.6875 19
294 0.75 30
294 0.8125 24
294 0.875 37
294 0.9375 32
295 0 30
295 0.0625 23
295 0.125 25
295 0.1875 13
295 0.25 24
295 0.3125 15
295 0.375 13
295 0.4375 15
295 0.5 10
295 0.5625 12
295 0.625 19
295 0.6875 19
295 0.75 21
295 0.8125 37
295 0.875 30
295 0.9375 37
296 0 30
296 0.0625 25
296 0.125 30
296 0.1875 13
296 0.25 16
296 0.3125 9
296 0.375 9
296 0.4375 8
296 0.5 7
296 0.5625 5
296 0.625 15
296 0.6875 29
296 0.75 35
296 0.8125 29
296 0.875 35
296 0.9375 37
297 0 29
297 0.0625 23
297 0.125 26
297 0.1875 13
297 0.25 20
297 0.3125 5
297 0.375 15
297 0.4375 9
297 0.5 12
297 0.5625 10
297 0.625 13
297 0.6875 26
297 0.75 23
297 0.8125 29
297 0.875 33
297 0.9375 42
298 0 29
298 0.0625 26
298 0.125 18
298 0.1875 21
298 0.25 29
298 0.3125 12
298 0.375 14
298 0.4375 10
298 0.5 17
298 0.5625 12
298 0.625 17
298 0.6875 19
298 0.75 28
298 0.8125 25
298 0.875 37
298 0.9375 24
299 0 41
299 0.0625 23
299 0.125 20
299 0.1875 20
299 0.25 17
299 0.3125 22
299 0.375 13
299 0.4375 10
299 0.5 9
299 0.5625 12
299 0.625 15
299 0.6875 24
299 0.75 24
299 0.8125 29
299 0.875 37
299 0.9375 34
300 0 53
300 0.0625 27
300 0.125 18
300 0.1875 17
300 0.25 19
300 0.3125 10
300 0.375 16
300 0.4375 9
300 0.5 10
300 0.5625 13
300 0.625 23
300 0.6875 18
300 0.75 29
300 0.8125 29
300 0.875 24
300 0.9375 39
