1 0 464
1 0.0625 468
1 0.125 428
1 0.1875 445
1 0.25 467
1 0.3125 437
1 0.375 453
1 0.4375 395
1 0.5 424
1 0.5625 418
1 0.625 446
1 0.6875 441
1 0.75 454
1 0.8125 432
1 0.875 435
1 0.9375 457
2 0 529
2 0.0625 523
2 0.125 537
2 0.1875 554
2 0.25 494
2 0.3125 480
2 0.375 500
2 0.4375 510
2 0.5 524
2 0.5625 483
2 0.625 506
2 0.6875 500
2 0.75 515
2 0.8125 521
2 0.875 523
2 0.9375 501
3 0 565
3 0.0625 571
3 0.125 560
3 0.1875 566
3 0.25 555
3 0.3125 552
3 0.375 544
3 0.4375 550
3 0.5 547
3 0.5625 574
3 0.625 555
3 0.6875 563
3 0.75 594
3 0.8125 609
3 0.875 595
3 0.9375 591
4 0 628
4 0.0625 629
4 0.125 665
4 0.1875 630
4 0.25 597
4 0.3125 608
4 0.375 576
4 0.4375 601
4 0.5 573
4 0.5625 604
4 0.625 596
4 0.6875 596
4 0.75 624
4 0.8125 627
4 0.875 626
4 0.9375 643
5 0 728
5 0.0625 634
5 0.125 621
5 0.1875 587
5 0.25 658
5 0.3125 621
5 0.375 667
5 0.4375 605
5 0.5 631
5 0.5625 570
5 0.625 627
5 0.6875 643
5 0.75 640
5 0.8125 648
5 0.875 697
5 0.9375 702
6 0 789
6 0.0625 700
6 0.125 711
6 0.1875 670
6 0.25 728
6 0.3125 665
6 0.375 674
6 0.4375 675
6 0.5 624
6 0.5625 645
6 0.625 637
6 0.6875 702
6 0.75 685
6 0.8125 698
6 0.875 775
6 0.9375 735
7 0 775
7 0.0625 766
7 0.125 773
7 0.1875 727
7 0.25 706
7 0.3125 649
7 0.375 715
7 0.4375 687
7 0.5 691
7 0.5625 693
7 0.625 695
7 0.6875 681
7 0.75 713
7 0.8125 744
7 0.875 807
7 0.9375 808
8 0 885
8 0.0625 882
8 0.125 848
8 0.1875 830
8 0.25 752
8 0.3125 758
8 0.375 750
8 0.4375 716
8 0.5 735
8 0.5625 749
8 0.625 712
8 0.6875 758
8 0.75 795
8 0.8125 833
8 0.875 851
8 0.9375 881
9 0 945
9 0.0625 964
9 0.125 868
9 0.1875 848
9 0.25 840
9 0.3125 808
9 0.375 791
9 0.4375 729
9 0.5 759
9 0.5625 839
9 0.625 818
9 0.6875 805
9 0.75 858
9 0.8125 918
9 0.875 925
9 0.9375 953
10 0 1068
10 0.0625 1015
10 0.125 975
10 0.1875 896
10 0.25 872
10 0.3125 884
10 0.375 807
10 0.4375 929
10 0.5 860
10 0.5625 861
10 0.625 861
10 0.6875 865
10 0.75 936
10 0.8125 986
10 0.875 1014
10 0.9375 1091
11 0 1110
11 0.0625 1099
11 0.125 1022
11 0.1875 965
11 0.25 981
11 0.3125 893
11 0.375 889
11 0.4375 892
11 0.5 895
11 0.5625 880
11 0.625 927
11 0.6875 945
11 0.75 1002
11 0.8125 1052
11 0.875 1081
11 0.9375 1158
12 0 1250
12 0.0625 1153
12 0.125 1193
12 0.1875 1052
12 0.25 964
12 0.3125 1024
12 0.375 959
12 0.4375 960
12 0.5 979
12 0.5625 958
12 0.625 975
12 0.6875 996
12 0.75 1023
12 0.8125 1089
12 0.875 1132
12 0.9375 1186
13 0 1321
13 0.0625 1314
13 0.125 1144
13 0.1875 1140
13 0.25 1075
13 0.3125 1008
13 0.375 962
13 0.4375 1011
13 0.5 934
13 0.5625 955
13 0.625 1087
13 0.6875 1082
13 0.75 1121
13 0.8125 1220
13 0.875 1296
13 0.9375 1308
14 0 1397
14 0.0625 1361
14 0.125 1253
14 0.1875 1200
14 0.25 1169
14 0.3125 1051
14 0.375 1073
14 0.4375 1024
14 0.5 1024
14 0.5625 1010
14 0.625 964
14 0.6875 1046
14 0.75 1158
14 0.8125 1251
14 0.875 1326
14 0.9375 1373
15 0 1434
15 0.0625 1401
15 0.125 1290
15 0.1875 1215
15 0.25 1222
15 0.3125 1025
15 0.375 1070
15 0.4375 1044
15 0.5 1071
15 0.5625 1050
15 0.625 1081
15 0.6875 1139
15 0.75 1274
15 0.8125 1320
15 0.875 1430
15 0.9375 1454
16 0 1423
16 0.0625 1445
16 0.125 1298
16 0.1875 1188
16 0.25 1188
16 0.3125 1150
16 0.375 1060
16 0.4375 985
16 0.5 1061
16 0.5625 1018
16 0.625 1083
16 0.6875 1110
16 0.75 1206
16 0.8125 1345
16 0.875 1395
16 0.9375 1572
17 0 1452
17 0.0625 1403
17 0.125 1359
17 0.1875 1227
17 0.25 1172
17 0.3125 1090
17 0.375 1041
17 0.4375 1136
17 0.5 1074
17 0.5625 1062
17 0.625 1111
17 0.6875 1072
17 0.75 1217
17 0.8125 1381
17 0.875 1415
17 0.9375 1515
18 0 1492
18 0.0625 1431
18 0.125 1357
18 0.1875 1265
18 0.25 1130
18 0.3125 1105
18 0.375 1034
18 0.4375 1013
18 0.5 982
18 0.5625 1009
18 0.625 1047
18 0.6875 1075
18 0.75 1251
18 0.8125 1343
18 0.875 1410
18 0.9375 1489
19 0 1451
19 0.0625 1398
19 0.125 1340
19 0.1875 1189
19 0.25 1110
19 0.3125 1032
19 0.375 993
19 0.4375 953
19 0.5 995
19 0.5625 973
19 0.625 1059
19 0.6875 1075
19 0.75 1140
19 0.8125 1346
19 0.875 1438
19 0.9375 1507
20 0 1452
20 0.0625 1372
20 0.125 1248
20 0.1875 1103
20 0.25 1080
20 0.3125 1033
20 0.375 987
20 0.4375 944
20 0.5 930
20 0.5625 917
20 0.625 951
20 0.6875 1077
20 0.75 1193
20 0.8125 1251
20 0.875 1390
20 0.9375 1395
21 0 1437
21 0.0625 1326
21 0.125 1175
21 0.1875 1161
21 0.25 1000
21 0.3125 965
21 0.375 883
21 0.4375 896
21 0.5 872
21 0.5625 883
21 0.625 881
21 0.6875 961
21 0.75 1105
21 0.8125 1202
21 0.875 1435
21 0.9375 1510
22 0 1478
22 0.0625 1342
22 0.125 1231
22 0.1875 1108
22 0.25 1028
22 0.3125 937
22 0.375 897
22 0.4375 884
22 0.5 851
22 0.5625 793
22 0.625 883
22 0.6875 882
22 0.75 1155
22 0.8125 1243
22 0.875 1423
22 0.9375 1454
23 0 1365
23 0.0625 1341
23 0.125 1217
23 0.1875 1098
23 0.25 981
23 0.3125 903
23 0.375 912
23 0.4375 876
23 0.5 814
23 0.5625 792
23 0.625 900
23 0.6875 929
23 0.75 1042
23 0.8125 1281
23 0.875 1350
23 0.9375 1383
24 0 1408
24 0.0625 1332
24 0.125 1225
24 0.1875 1131
24 0.25 968
24 0.3125 913
24 0.375 856
24 0.4375 753
24 0.5 767
24 0.5625 784
24 0.625 788
24 0.6875 916
24 0.75 1101
24 0.8125 1266
24 0.875 1355
24 0.9375 1496
25 0 1372
25 0.0625 1369
25 0.125 1251
25 0.1875 1121
25 0.25 900
25 0.3125 912
25 0.375 784
25 0.4375 878
25 0.5 770
25 0.5625 805
25 0.625 822
25 0.6875 961
25 0.75 1089
25 0.8125 1293
25 0.875 1457
25 0.9375 1459
26 0 1501
26 0.0625 1346
26 0.125 1207
26 0.1875 1072
26 0.25 891
26 0.3125 892
26 0.375 813
26 0.4375 781
26 0.5 769
26 0.5625 806
26 0.625 758
26 0.6875 931
26 0.75 1063
26 0.8125 1247
26 0.875 1442
26 0.9375 1493
27 0 1551
27 0.0625 1431
27 0.125 1198
27 0.1875 1140
27 0.25 965
27 0.3125 880
27 0.375 865
27 0.4375 783
27 0.5 761
27 0.5625 689
27 0.625 805
27 0.6875 919
27 0.75 1104
27 0.8125 1241
27 0.875 1416
27 0.9375 1623
28 0 1467
28 0.0625 1382
28 0.125 1235
28 0.1875 1057
28 0.25 1011
28 0.3125 881
28 0.375 848
28 0.4375 710
28 0.5 754
28 0.5625 769
28 0.625 778
28 0.6875 903
28 0.75 1100
28 0.8125 1327
28 0.875 1421
28 0.9375 1563
29 0 1564
29 0.0625 1465
29 0.125 1232
29 0.1875 1119
29 0.25 943
29 0.3125 844
29 0.375 758
29 0.4375 807
29 0.5 712
29 0.5625 691
29 0.625 802
29 0.6875 908
29 0.75 1105
29 0.8125 1372
29 0.875 1464
29 0.9375 1600
30 0 1554
30 0.0625 1435
30 0.125 1238
30 0.1875 1123
30 0.25 975
30 0.3125 889
30 0.375 768
30 0.4375 720
30 0.5 772
30 0.5625 694
30 0.625 820
30 0.6875 899
30 0.75 1062
30 0.8125 1344
30 0.875 1442
30 0.9375 1685
31 0 1582
31 0.0625 1484
31 0.125 1272
31 0.1875 1071
31 0.25 929
31 0.3125 879
31 0.375 766
31 0.4375 712
31 0.5 699
31 0.5625 689
31 0.625 723
31 0.6875 920
31 0.75 1097
31 0.8125 1319
31 0.875 1489
31 0.9375 1596
32 0 1534
32 0.0625 1458
32 0.125 1356
32 0.1875 1085
32 0.25 951
32 0.3125 766
32 0.375 815
32 0.4375 689
32 0.5 665
32 0.5625 719
32 0.625 716
32 0.6875 870
32 0.75 1072
32 0.8125 1347
32 0.875 1511
32 0.9375 1570
33 0 1577
33 0.0625 1341
33 0.125 1185
33 0.1875 1043
33 0.25 856
33 0.3125 775
33 0.375 732
33 0.4375 693
33 0.5 689
33 0.5625 698
33 0.625 737
33 0.6875 862
33 0.75 1092
33 0.8125 1270
33 0.875 1513
33 0.9375 1615
34 0 1636
34 0.0625 1425
34 0.125 1168
34 0.1875 1057
34 0.25 923
34 0.3125 787
34 0.375 710
34 0.4375 669
34 0.5 662
34 0.5625 685
34 0.625 723
34 0.6875 850
34 0.75 1077
34 0.8125 1361
34 0.875 1503
34 0.9375 1553
35 0 1511
35 0.0625 1366
35 0.125 1205
35 0.1875 1033
35 0.25 836
35 0.3125 733
35 0.375 701
35 0.4375 690
35 0.5 626
35 0.5625 642
35 0.625 732
35 0.6875 861
35 0.75 1074
35 0.8125 1331
35 0.875 1532
35 0.9375 1599
36 0 1565
36 0.0625 1435
36 0.125 1223
36 0.1875 1043
36 0.25 845
36 0.3125 744
36 0.375 627
36 0.4375 637
36 0.5 597
36 0.5625 666
36 0.625 724
36 0.6875 821
36 0.75 1055
36 0.8125 1305
36 0.875 1540
36 0.9375 1673
37 0 1585
37 0.0625 1406
37 0.125 1269
37 0.1875 1040
37 0.25 889
37 0.3125 754
37 0.375 662
37 0.4375 621
37 0.5 610
37 0.5625 604
37 0.625 699
37 0.6875 874
37 0.75 1041
37 0.8125 1265
37 0.875 1538
37 0.9375 1610
38 0 1670
38 0.0625 1433
38 0.125 1247
38 0.1875 988
38 0.25 839
38 0.3125 742
38 0.375 641
38 0.4375 636
38 0.5 611
38 0.5625 632
38 0.625 683
38 0.6875 821
38 0.75 1014
38 0.8125 1360
38 0.875 1593
38 0.9375 1584
39 0 1710
39 0.0625 1412
39 0.125 1295
39 0.1875 1050
39 0.25 836
39 0.3125 736
39 0.375 651
39 0.4375 623
39 0.5 627
39 0.5625 579
39 0.625 664
39 0.6875 858
39 0.75 1126
39 0.8125 1381
39 0.875 1532
39 0.9375 1684
40 0 1652
40 0.0625 1472
40 0.125 1279
40 0.1875 993
40 0.25 880
40 0.3125 703
40 0.375 695
40 0.4375 601
40 0.5 610
40 0.5625 596
40 0.625 600
40 0.6875 853
40 0.75 1028
40 0.8125 1315
40 0.875 1607
40 0.9375 1647
41 0 1713
41 0.0625 1537
41 0.125 1303
41 0.1875 1021
41 0.25 875
41 0.3125 716
41 0.375 683
41 0.4375 586
41 0.5 605
41 0.5625 615
41 0.625 682
41 0.6875 860
41 0.75 1064
41 0.8125 1321
41 0.875 1568
41 0.9375 1669
42 0 1672
42 0.0625 1463
42 0.125 1240
42 0.1875 1017
42 0.25 839
42 0.3125 692
42 0.375 583
42 0.4375 584
42 0.5 578
42 0.5625 570
42 0.625 634
42 0.6875 824
42 0.75 1029
42 0.8125 1324
42 0.875 1532
42 0.9375 1607
43 0 1664
43 0.0625 1405
43 0.125 1188
43 0.1875 1015
43 0.25 837
43 0.3125 671
43 0.375 628
43 0.4375 555
43 0.5 573
43 0.5625 545
43 0.625 613
43 0.6875 804
43 0.75 1006
43 0.8125 1304
43 0.875 1621
43 0.9375 1689
44 0 1713
44 0.0625 1416
44 0.125 1227
44 0.1875 1002
44 0.25 850
44 0.3125 701
44 0.375 616
44 0.4375 538
44 0.5 554
44 0.5625 519
44 0.625 599
44 0.6875 804
44 0.75 1017
44 0.8125 1258
44 0.875 1547
44 0.9375 1757
45 0 1598
45 0.0625 1428
45 0.125 1234
45 0.1875 982
45 0.25 812
45 0.3125 688
45 0.375 614
45 0.4375 561
45 0.5 525
45 0.5625 481
45 0.625 578
45 0.6875 777
45 0.75 927
45 0.8125 1318
45 0.875 1503
45 0.9375 1654
46 0 1629
46 0.0625 1433
46 0.125 1269
46 0.1875 960
46 0.25 771
46 0.3125 613
46 0.375 602
46 0.4375 516
46 0.5 537
46 0.5625 535
46 0.625 564
46 0.6875 761
46 0.75 969
46 0.8125 1325
46 0.875 1521
46 0.9375 1668
47 0 1536
47 0.0625 1444
47 0.125 1160
47 0.1875 990
47 0.25 713
47 0.3125 636
47 0.375 573
47 0.4375 517
47 0.5 517
47 0.5625 516
47 0.625 590
47 0.6875 687
47 0.75 1057
47 0.8125 1287
47 0.875 1485
47 0.9375 1720
48 0 1564
48 0.0625 1423
48 0.125 1171
48 0.1875 987
48 0.25 748
48 0.3125 613
48 0.375 529
48 0.4375 499
48 0.5 454
48 0.5625 505
48 0.625 546
48 0.6875 701
48 0.75 1009
48 0.8125 1287
48 0.875 1511
48 0.9375 1668
49 0 1641
49 0.0625 1417
49 0.125 1141
49 0.1875 924
49 0.25 711
49 0.3125 606
49 0.375 487
49 0.4375 500
49 0.5 482
49 0.5625 459
49 0.625 538
49 0.6875 686
49 0.75 975
49 0.8125 1241
49 0.875 1550
49 0.9375 1665
50 0 1538
50 0.0625 1361
50 0.125 1152
50 0.1875 904
50 0.25 755
50 0.3125 622
50 0.375 552
50 0.4375 481
50 0.5 437
50 0.5625 447
50 0.625 535
50 0.6875 679
50 0.75 983
50 0.8125 1249
50 0.875 1482
50 0.9375 1621
51 0 1571
51 0.0625 1384
51 0.125 1159
51 0.1875 895
51 0.25 728
51 0.3125 635
51 0.375 486
51 0.4375 411
51 0.5 490
51 0.5625 471
51 0.625 521
51 0.6875 642
51 0.75 946
51 0.8125 1269
51 0.875 1532
51 0.9375 1615
52 0 1627
52 0.0625 1404
52 0.125 1167
52 0.1875 924
52 0.25 704
52 0.3125 566
52 0.375 496
52 0.4375 431
52 0.5 441
52 0.5625 426
52 0.625 512
52 0.6875 667
52 0.75 910
52 0.8125 1232
52 0.875 1494
52 0.9375 1632
53 0 1560
53 0.0625 1388
53 0.125 1156
53 0.1875 938
53 0.25 699
53 0.3125 543
53 0.375 480
53 0.4375 436
53 0.5 396
53 0.5625 438
53 0.625 491
53 0.6875 685
53 0.75 967
53 0.8125 1258
53 0.875 1484
53 0.9375 1674
54 0 1590
54 0.0625 1354
54 0.125 1183
54 0.1875 919
54 0.25 688
54 0.3125 616
54 0.375 471
54 0.4375 468
54 0.5 411
54 0.5625 468
54 0.625 491
54 0.6875 636
54 0.75 937
54 0.8125 1279
54 0.875 1463
54 0.9375 1655
55 0 1550
55 0.0625 1389
55 0.125 1105
55 0.1875 905
55 0.25 686
55 0.3125 559
55 0.375 477
55 0.4375 443
55 0.5 410
55 0.5625 422
55 0.625 488
55 0.6875 664
55 0.75 953
55 0.8125 1320
55 0.875 1571
55 0.9375 1589
56 0 1550
56 0.0625 1451
56 0.125 1120
56 0.1875 876
56 0.25 641
56 0.3125 550
56 0.375 437
56 0.4375 378
56 0.5 412
56 0.5625 413
56 0.625 511
56 0.6875 583
56 0.75 948
56 0.8125 1249
56 0.875 1503
56 0.9375 1686
57 0 1614
57 0.0625 1379
57 0.125 1115
57 0.1875 878
57 0.25 709
57 0.3125 556
57 0.375 446
57 0.4375 433
57 0.5 418
57 0.5625 383
57 0.625 452
57 0.6875 634
57 0.75 964
57 0.8125 1231
57 0.875 1555
57 0.9375 1595
58 0 1610
58 0.0625 1337
58 0.125 1065
58 0.1875 864
58 0.25 705
58 0.3125 545
58 0.375 467
58 0.4375 433
58 0.5 374
58 0.5625 406
58 0.625 446
58 0.6875 602
58 0.75 956
58 0.8125 1252
58 0.875 1515
58 0.9375 1642
59 0 1610
59 0.0625 1352
59 0.125 1150
59 0.1875 841
59 0.25 638
59 0.3125 503
59 0.375 445
59 0.4375 363
59 0.5 375
59 0.5625 444
59 0.625 434
59 0.6875 635
59 0.75 938
59 0.8125 1201
59 0.875 1594
59 0.9375 1685
60 0 1600
60 0.0625 1423
60 0.125 1139
60 0.1875 896
60 0.25 670
60 0.3125 528
60 0.375 435
60 0.4375 408
60 0.5 379
60 0.5625 390
60 0.625 465
60 0.6875 615
60 0.75 992
60 0.8125 1237
60 0.875 1557
60 0.9375 1597
61 0 1502
61 0.0625 1347
61 0.125 1054
61 0.1875 887
61 0.25 632
61 0.3125 537
61 0.375 379
61 0.4375 355
61 0.5 395
61 0.5625 340
61 0.625 450
61 0.6875 602
61 0.75 917
61 0.8125 1268
61 0.875 1578
61 0.9375 1571
62 0 1571
62 0.0625 1321
62 0.125 1188
62 0.1875 827
62 0.25 635
62 0.3125 519
62 0.375 433
62 0.4375 397
62 0.5 330
62 0.5625 345
62 0.625 441
62 0.6875 607
62 0.75 922
62 0.8125 1263
62 0.875 1525
62 0.9375 1588
63 0 1570
63 0.0625 1370
63 0.125 1057
63 0.1875 815
63 0.25 634
63 0.3125 465
63 0.375 395
63 0.4375 380
63 0.5 348
63 0.5625 377
63 0.625 453
63 0.6875 622
63 0.75 897
63 0.8125 1293
63 0.875 1482
63 0.9375 1640
64 0 1557
64 0.0625 1312
64 0.125 1076
64 0.1875 812
64 0.25 633
64 0.3125 506
64 0.375 409
64 0.4375 339
64 0.5 355
64 0.5625 346
64 0.625 397
64 0.6875 603
64 0.75 903
64 0.8125 1256
64 0.875 1520
64 0.9375 1667
65 0 1563
65 0.0625 1373
65 0.125 1050
65 0.1875 793
65 0.25 619
65 0.3125 509
65 0.375 416
65 0.4375 358
65 0.5 370
65 0.5625 369
65 0.625 427
65 0.6875 593
65 0.75 907
65 0.8125 1184
65 0.875 1505
65 0.9375 1661
66 0 1543
66 0.0625 1374
66 0.125 1094
66 0.1875 859
66 0.25 592
66 0.3125 474
66 0.375 426
66 0.4375 381
66 0.5 346
66 0.5625 349
66 0.625 403
66 0.6875 581
66 0.75 899
66 0.8125 1204
66 0.875 1462
66 0.9375 1650
67 0 1571
67 0.0625 1310
67 0.125 1062
67 0.1875 817
67 0.25 597
67 0.3125 482
67 0.375 394
67 0.4375 346
67 0.5 373
67 0.5625 338
67 0.625 447
67 0.6875 578
67 0.75 876
67 0.8125 1240
67 0.875 1506
67 0.9375 1684
68 0 1437
68 0.0625 1350
68 0.125 1033
68 0.1875 769
68 0.25 603
68 0.3125 458
68 0.375 390
68 0.4375 363
68 0.5 324
68 0.5625 334
68 0.625 431
68 0.6875 594
68 0.75 867
68 0.8125 1173
68 0.875 1478
68 0.9375 1599
69 0 1480
69 0.0625 1367
69 0.125 1019
69 0.1875 761
69 0.25 589
69 0.3125 461
69 0.375 424
69 0.4375 308
69 0.5 318
69 0.5625 314
69 0.625 386
69 0.6875 585
69 0.75 855
69 0.8125 1222
69 0.875 1511
69 0.9375 1653
70 0 1493
70 0.0625 1239
70 0.125 1071
70 0.1875 791
70 0.25 629
70 0.3125 463
70 0.375 407
70 0.4375 331
70 0.5 296
70 0.5625 293
70 0.625 402
70 0.6875 553
70 0.75 912
70 0.8125 1221
70 0.875 1465
70 0.9375 1549
71 0 1465
71 0.0625 1410
71 0.125 1050
71 0.1875 720
71 0.25 544
71 0.3125 432
71 0.375 365
71 0.4375 340
71 0.5 311
71 0.5625 318
71 0.625 360
71 0.6875 569
71 0.75 859
71 0.8125 1239
71 0.875 1462
71 0.9375 1641
72 0 1546
72 0.0625 1317
72 0.125 936
72 0.1875 794
72 0.25 574
72 0.3125 423
72 0.375 346
72 0.4375 311
72 0.5 321
72 0.5625 309
72 0.625 389
72 0.6875 563
72 0.75 797
72 0.8125 1253
72 0.875 1454
72 0.9375 1526
73 0 1488
73 0.0625 1254
73 0.125 989
73 0.1875 805
73 0.25 549
73 0.3125 453
73 0.375 337
73 0.4375 317
73 0.5 311
73 0.5625 289
73 0.625 355
73 0.6875 582
73 0.75 849
73 0.8125 1135
73 0.875 1413
73 0.9375 1613
74 0 1506
74 0.0625 1254
74 0.125 977
74 0.1875 708
74 0.25 564
74 0.3125 439
74 0.375 351
74 0.4375 333
74 0.5 297
74 0.5625 262
74 0.625 343
74 0.6875 558
74 0.75 857
74 0.8125 1169
74 0.875 1471
74 0.9375 1542
75 0 1464
75 0.0625 1384
75 0.125 985
75 0.1875 737
75 0.25 562
75 0.3125 439
75 0.375 343
75 0.4375 285
75 0.5 290
75 0.5625 252
75 0.625 356
75 0.6875 516
75 0.75 832
75 0.8125 1164
75 0.875 1447
75 0.9375 1546
76 0 1490
76 0.0625 1199
76 0.125 926
76 0.1875 744
76 0.25 540
76 0.3125 419
76 0.375 357
76 0.4375 299
76 0.5 306
76 0.5625 249
76 0.625 310
76 0.6875 528
76 0.75 858
76 0.8125 1210
76 0.875 1438
76 0.9375 1527
77 0 1451
77 0.0625 1270
77 0.125 997
77 0.1875 702
77 0.25 533
77 0.3125 423
77 0.375 305
77 0.4375 320
77 0.5 293
77 0.5625 296
77 0.625 345
77 0.6875 521
77 0.75 830
77 0.8125 1108
77 0.875 1399
77 0.9375 1591
78 0 1428
78 0.0625 1277
78 0.125 1022
78 0.1875 675
78 0.25 486
78 0.3125 426
78 0.375 324
78 0.4375 317
78 0.5 301
78 0.5625 279
78 0.625 362
78 0.6875 564
78 0.75 822
78 0.8125 1141
78 0.875 1403
78 0.9375 1527
79 0 1482
79 0.0625 1241
79 0.125 943
79 0.1875 703
79 0.25 495
79 0.3125 372
79 0.375 332
79 0.4375 289
79 0.5 275
79 0.5625 273
79 0.625 338
79 0.6875 565
79 0.75 835
79 0.8125 1150
79 0.875 1432
79 0.9375 1559
80 0 1433
80 0.0625 1233
80 0.125 914
80 0.1875 749
80 0.25 512
80 0.3125 414
80 0.375 324
80 0.4375 261
80 0.5 252
80 0.5625 275
80 0.625 316
80 0.6875 538
80 0.75 840
80 0.8125 1127
80 0.875 1392
80 0.9375 1528
81 0 1391
81 0.0625 1169
81 0.125 968
81 0.1875 677
81 0.25 524
81 0.3125 414
81 0.375 312
81 0.4375 301
81 0.5 278
81 0.5625 258
81 0.625 331
81 0.6875 541
81 0.75 819
81 0.8125 1189
81 0.875 1340
81 0.9375 1482
82 0 1419
82 0.0625 1208
82 0.125 904
82 0.1875 672
82 0.25 488
82 0.3125 397
82 0.375 323
82 0.4375 304
82 0.5 270
82 0.5625 270
82 0.625 328
82 0.6875 471
82 0.75 843
82 0.8125 1145
82 0.875 1323
82 0.9375 1430
83 0 1406
83 0.0625 1176
83 0.125 907
83 0.1875 648
83 0.25 485
83 0.3125 336
83 0.375 265
83 0.4375 275
83 0.5 220
83 0.5625 257
83 0.625 293
83 0.6875 501
83 0.75 821
83 0.8125 1178
83 0.875 1368
83 0.9375 1507
84 0 1399
84 0.0625 1161
84 0.125 898
84 0.1875 694
84 0.25 483
84 0.3125 377
84 0.375 287
84 0.4375 246
84 0.5 245
84 0.5625 211
84 0.625 346
84 0.6875 504
84 0.75 791
84 0.8125 1103
84 0.875 1304
84 0.9375 1525
85 0 1394
85 0.0625 1125
85 0.125 946
85 0.1875 644
85 0.25 496
85 0.3125 344
85 0.375 292
85 0.4375 270
85 0.5 232
85 0.5625 265
85 0.625 294
85 0.6875 459
85 0.75 767
85 0.8125 1068
85 0.875 1315
85 0.9375 1414
86 0 1354
86 0.0625 1151
86 0.125 858
86 0.1875 675
86 0.25 468
86 0.3125 360
86 0.375 321
86 0.4375 261
86 0.5 243
86 0.5625 230
86 0.625 302
86 0.6875 460
86 0.75 785
86 0.8125 1078
86 0.875 1295
86 0.9375 1502
87 0 1322
87 0.0625 1152
87 0.125 841
87 0.1875 641
87 0.25 461
87 0.3125 345
87 0.375 298
87 0.4375 237
87 0.5 231
87 0.5625 239
87 0.625 292
87 0.6875 493
87 0.75 715
87 0.8125 1092
87 0.875 1347
87 0.9375 1418
88 0 1359
88 0.0625 1117
88 0.125 865
88 0.1875 637
88 0.25 485
88 0.3125 364
88 0.375 265
88 0.4375 201
88 0.5 228
88 0.5625 232
88 0.625 312
88 0.6875 479
88 0.75 732
88 0.8125 1077
88 0.875 1330
88 0.9375 1444
89 0 1330
89 0.0625 1103
89 0.125 873
89 0.1875 602
89 0.25 437
89 0.3125 379
89 0.375 275
89 0.4375 241
89 0.5 228
89 0.5625 204
89 0.625 296
89 0.6875 431
89 0.75 737
89 0.8125 1031
89 0.875 1327
89 0.9375 1432
90 0 1276
90 0.0625 1116
90 0.125 878
90 0.1875 646
90 0.25 471
90 0.3125 331
90 0.375 253
90 0.4375 248
90 0.5 229
90 0.5625 229
90 0.625 286
90 0.6875 444
90 0.75 719
90 0.8125 1069
90 0.875 1285
90 0.9375 1375
91 0 1317
91 0.0625 1110
91 0.125 854
91 0.1875 584
91 0.25 418
91 0.3125 321
91 0.375 271
91 0.4375 231
91 0.5 240
91 0.5625 219
91 0.625 276
91 0.6875 501
91 0.75 753
91 0.8125 1029
91 0.875 1236
91 0.9375 1390
92 0 1257
92 0.0625 1118
92 0.125 759
92 0.1875 596
92 0.25 430
92 0.3125 321
92 0.375 263
92 0.4375 236
92 0.5 236
92 0.5625 208
92 0.625 270
92 0.6875 456
92 0.75 710
92 0.8125 1015
92 0.875 1314
92 0.9375 1356
93 0 1346
93 0.0625 1048
93 0.125 845
93 0.1875 607
93 0.25 433
93 0.3125 312
93 0.375 249
93 0.4375 217
93 0.5 248
93 0.5625 232
93 0.625 277
93 0.6875 453
93 0.75 709
93 0.8125 1052
93 0.875 1199
93 0.9375 1303
94 0 1215
94 0.0625 1078
94 0.125 756
94 0.1875 563
94 0.25 451
94 0.3125 252
94 0.375 268
94 0.4375 251
94 0.5 224
94 0.5625 229
94 0.625 302
94 0.6875 449
94 0.75 669
94 0.8125 970
94 0.875 1300
94 0.9375 1366
95 0 1198
95 0.0625 1062
95 0.125 753
95 0.1875 565
95 0.25 407
95 0.3125 306
95 0.375 252
95 0.4375 226
95 0.5 219
95 0.5625 209
95 0.625 318
95 0.6875 427
95 0.75 727
95 0.8125 1064
95 0.875 1256
95 0.9375 1298
96 0 1233
96 0.0625 1067
96 0.125 756
96 0.1875 559
96 0.25 436
96 0.3125 302
96 0.375 254
96 0.4375 224
96 0.5 210
96 0.5625 200
96 0.625 255
96 0.6875 421
96 0.75 699
96 0.8125 902
96 0.875 1165
96 0.9375 1297
97 0 1218
97 0.0625 1023
97 0.125 748
97 0.1875 557
97 0.25 422
97 0.3125 286
97 0.375 249
97 0.4375 212
97 0.5 212
97 0.5625 211
97 0.625 268
97 0.6875 425
97 0.75 686
97 0.8125 931
97 0.875 1214
97 0.9375 1346
98 0 1227
98 0.0625 1027
98 0.125 796
98 0.1875 528
98 0.25 421
98 0.3125 297
98 0.375 266
98 0.4375 209
98 0.5 185
98 0.5625 212
98 0.625 227
98 0.6875 400
98 0.75 669
98 0.8125 981
98 0.875 1167
98 0.9375 1393
99 0 1209
99 0.0625 983
99 0.125 717
99 0.1875 509
99 0.25 404
99 0.3125 282
99 0.375 241
99 0.4375 248
99 0.5 205
99 0.5625 194
99 0.625 256
99 0.6875 448
99 0.75 661
99 0.8125 951
99 0.875 1205
99 0.9375 1293
100 0 1201
100 0.0625 1065
100 0.125 725
100 0.1875 525
100 0.25 376
100 0.3125 283
100 0.375 234
100 0.4375 178
100 0.5 199
100 0.5625 175
100 0.625 228
100 0.6875 441
100 0.75 658
100 0.8125 919
100 0.875 1156
100 0.9375 1316
101 0 1199
101 0.0625 985
101 0.125 753
101 0.1875 520
101 0.25 375
101 0.3125 266
101 0.375 224
101 0.4375 205
101 0.5 178
101 0.5625 193
101 0.625 238
101 0.6875 411
101 0.75 638
101 0.8125 948
101 0.875 1124
101 0.9375 1169
102 0 1174
102 0.0625 972
102 0.125 750
102 0.1875 533
102 0.25 422
102 0.3125 281
102 0.375 232
102 0.4375 188
102 0.5 199
102 0.5625 199
102 0.625 241
102 0.6875 397
102 0.75 687
102 0.8125 880
102 0.875 1147
102 0.9375 1292
103 0 1160
103 0.0625 966
103 0.125 654
103 0.1875 502
103 0.25 373
103 0.3125 262
103 0.375 227
103 0.4375 236
103 0.5 184
103 0.5625 178
103 0.625 232
103 0.6875 404
103 0.75 651
103 0.8125 964
103 0.875 1142
103 0.9375 1281
104 0 1094
104 0.0625 965
104 0.125 742
104 0.1875 507
104 0.25 387
104 0.3125 271
104 0.375 205
104 0.4375 196
104 0.5 177
104 0.5625 173
104 0.625 242
104 0.6875 385
104 0.75 629
104 0.8125 963
104 0.875 1132
104 0.9375 1186
105 0 1163
105 0.0625 943
105 0.125 680
105 0.1875 522
105 0.25 364
105 0.3125 263
105 0.375 202
105 0.4375 162
105 0.5 191
105 0.5625 190
105 0.625 231
105 0.6875 392
105 0.75 687
105 0.8125 848
105 0.875 1172
105 0.9375 1228
106 0 1127
106 0.0625 894
106 0.125 689
106 0.1875 475
106 0.25 355
106 0.3125 256
106 0.375 199
106 0.4375 176
106 0.5 188
106 0.5625 164
106 0.625 249
106 0.6875 354
106 0.75 669
106 0.8125 897
106 0.875 1127
106 0.9375 1227
107 0 1120
107 0.0625 885
107 0.125 665
107 0.1875 489
107 0.25 332
107 0.3125 276
107 0.375 204
107 0.4375 212
107 0.5 189
107 0.5625 174
107 0.625 209
107 0.6875 395
107 0.75 606
107 0.8125 893
107 0.875 1061
107 0.9375 1121
108 0 1091
108 0.0625 911
108 0.125 660
108 0.1875 459
108 0.25 353
108 0.3125 266
108 0.375 219
108 0.4375 165
108 0.5 209
108 0.5625 173
108 0.625 255
108 0.6875 386
108 0.75 569
108 0.8125 876
108 0.875 1102
108 0.9375 1180
109 0 1041
109 0.0625 872
109 0.125 658
109 0.1875 499
109 0.25 333
109 0.3125 248
109 0.375 211
109 0.4375 206
109 0.5 171
109 0.5625 170
109 0.625 221
109 0.6875 396
109 0.75 603
109 0.8125 862
109 0.875 1051
109 0.9375 1160
110 0 1059
110 0.0625 911
110 0.125 657
110 0.1875 432
110 0.25 362
110 0.3125 259
110 0.375 205
110 0.4375 176
110 0.5 147
110 0.5625 162
110 0.625 207
110 0.6875 371
110 0.75 610
110 0.8125 860
110 0.875 1051
110 0.9375 1129
111 0 1098
111 0.0625 846
111 0.125 599
111 0.1875 478
111 0.25 307
111 0.3125 239
111 0.375 198
111 0.4375 165
111 0.5 154
111 0.5625 148
111 0.625 208
111 0.6875 354
111 0.75 609
111 0.8125 830
111 0.875 1127
111 0.9375 1106
112 0 1018
112 0.0625 856
112 0.125 646
112 0.1875 467
112 0.25 327
112 0.3125 245
112 0.375 171
112 0.4375 162
112 0.5 142
112 0.5625 170
112 0.625 223
112 0.6875 321
112 0.75 604
112 0.8125 835
112 0.875 1024
112 0.9375 1061
113 0 1022
113 0.0625 891
113 0.125 593
113 0.1875 484
113 0.25 285
113 0.3125 245
113 0.375 192
113 0.4375 172
113 0.5 181
113 0.5625 157
113 0.625 196
113 0.6875 348
113 0.75 593
113 0.8125 846
113 0.875 1039
113 0.9375 1076
114 0 993
114 0.0625 825
114 0.125 560
114 0.1875 439
114 0.25 326
114 0.3125 216
114 0.375 197
114 0.4375 176
114 0.5 159
114 0.5625 140
114 0.625 186
114 0.6875 369
114 0.75 589
114 0.8125 845
114 0.875 1011
114 0.9375 1086
115 0 977
115 0.0625 831
115 0.125 598
115 0.1875 434
115 0.25 278
115 0.3125 212
115 0.375 183
115 0.4375 159
115 0.5 144
115 0.5625 150
115 0.625 210
115 0.6875 351
115 0.75 531
115 0.8125 818
115 0.875 996
115 0.9375 1072
116 0 981
116 0.0625 781
116 0.125 593
116 0.1875 419
116 0.25 309
116 0.3125 237
116 0.375 188
116 0.4375 154
116 0.5 159
116 0.5625 175
116 0.625 200
116 0.6875 321
116 0.75 608
116 0.8125 807
116 0.875 1011
116 0.9375 1078
117 0 896
117 0.0625 784
117 0.125 569
117 0.1875 443
117 0.25 323
117 0.3125 201
117 0.375 192
117 0.4375 164
117 0.5 144
117 0.5625 141
117 0.625 197
117 0.6875 333
117 0.75 547
117 0.8125 802
117 0.875 1010
117 0.9375 1002
118 0 987
118 0.0625 792
118 0.125 575
118 0.1875 421
118 0.25 279
118 0.3125 215
118 0.375 196
118 0.4375 184
118 0.5 161
118 0.5625 158
118 0.625 222
118 0.6875 301
118 0.75 575
118 0.8125 734
118 0.875 930
118 0.9375 1118
119 0 971
119 0.0625 777
119 0.125 565
119 0.1875 385
119 0.25 292
119 0.3125 215
119 0.375 180
119 0.4375 171
119 0.5 154
119 0.5625 130
119 0.625 217
119 0.6875 341
119 0.75 544
119 0.8125 760
119 0.875 946
119 0.9375 999
120 0 954
120 0.0625 766
120 0.125 547
120 0.1875 384
120 0.25 274
120 0.3125 224
120 0.375 183
120 0.4375 150
120 0.5 158
120 0.5625 171
120 0.625 188
120 0.6875 324
120 0.75 532
120 0.8125 767
120 0.875 909
120 0.9375 1017
121 0 878
121 0.0625 789
121 0.125 544
121 0.1875 410
121 0.25 295
121 0.3125 190
121 0.375 181
121 0.4375 136
121 0.5 151
121 0.5625 145
121 0.625 202
121 0.6875 306
121 0.75 559
121 0.8125 757
121 0.875 936
121 0.9375 978
122 0 897
122 0.0625 697
122 0.125 518
122 0.1875 390
122 0.25 268
122 0.3125 202
122 0.375 178
122 0.4375 146
122 0.5 150
122 0.5625 161
122 0.625 182
122 0.6875 290
122 0.75 512
122 0.8125 717
122 0.875 930
122 0.9375 980
123 0 895
123 0.0625 777
123 0.125 558
123 0.1875 427
123 0.25 244
123 0.3125 192
123 0.375 158
123 0.4375 160
123 0.5 139
123 0.5625 138
123 0.625 193
123 0.6875 297
123 0.75 488
123 0.8125 735
123 0.875 842
123 0.9375 964
124 0 913
124 0.0625 753
124 0.125 494
124 0.1875 384
124 0.25 275
124 0.3125 214
124 0.375 159
124 0.4375 148
124 0.5 146
124 0.5625 150
124 0.625 189
124 0.6875 298
124 0.75 531
124 0.8125 668
124 0.875 920
124 0.9375 952
125 0 851
125 0.0625 645
125 0.125 529
125 0.1875 358
125 0.25 267
125 0.3125 209
125 0.375 167
125 0.4375 124
125 0.5 114
125 0.5625 139
125 0.625 184
125 0.6875 258
125 0.75 514
125 0.8125 703
125 0.875 852
125 0.9375 937
126 0 885
126 0.0625 741
126 0.125 455
126 0.1875 373
126 0.25 293
126 0.3125 190
126 0.375 168
126 0.4375 145
126 0.5 133
126 0.5625 146
126 0.625 176
126 0.6875 290
126 0.75 529
126 0.8125 693
126 0.875 862
126 0.9375 937
127 0 840
127 0.0625 729
127 0.125 489
127 0.1875 420
127 0.25 243
127 0.3125 193
127 0.375 140
127 0.4375 136
127 0.5 124
127 0.5625 133
127 0.625 174
127 0.6875 313
127 0.75 484
127 0.8125 687
127 0.875 885
127 0.9375 923
128 0 884
128 0.0625 660
128 0.125 502
128 0.1875 342
128 0.25 262
128 0.3125 191
128 0.375 158
128 0.4375 157
128 0.5 146
128 0.5625 113
128 0.625 162
128 0.6875 299
128 0.75 453
128 0.8125 681
128 0.875 828
128 0.9375 900
129 0 838
129 0.0625 639
129 0.125 463
129 0.1875 318
129 0.25 245
129 0.3125 179
129 0.375 156
129 0.4375 114
129 0.5 158
129 0.5625 119
129 0.625 160
129 0.6875 295
129 0.75 433
129 0.8125 676
129 0.875 848
129 0.9375 872
130 0 775
130 0.0625 650
130 0.125 435
130 0.1875 335
130 0.25 235
130 0.3125 183
130 0.375 166
130 0.4375 128
130 0.5 139
130 0.5625 143
130 0.625 196
130 0.6875 285
130 0.75 478
130 0.8125 662
130 0.875 834
130 0.9375 869
131 0 818
131 0.0625 691
131 0.125 524
131 0.1875 357
131 0.25 266
131 0.3125 173
131 0.375 135
131 0.4375 111
131 0.5 122
131 0.5625 144
131 0.625 161
131 0.6875 282
131 0.75 452
131 0.8125 660
131 0.875 785
131 0.9375 873
132 0 802
132 0.0625 605
132 0.125 478
132 0.1875 339
132 0.25 224
132 0.3125 157
132 0.375 141
132 0.4375 131
132 0.5 113
132 0.5625 136
132 0.625 171
132 0.6875 290
132 0.75 433
132 0.8125 677
132 0.875 822
132 0.9375 838
133 0 778
133 0.0625 639
133 0.125 500
133 0.1875 320
133 0.25 238
133 0.3125 159
133 0.375 134
133 0.4375 142
133 0.5 120
133 0.5625 118
133 0.625 155
133 0.6875 286
133 0.75 436
133 0.8125 631
133 0.875 783
133 0.9375 838
134 0 780
134 0.0625 590
134 0.125 457
134 0.1875 307
134 0.25 243
134 0.3125 161
134 0.375 148
134 0.4375 121
134 0.5 116
134 0.5625 112
134 0.625 169
134 0.6875 260
134 0.75 458
134 0.8125 649
134 0.875 784
134 0.9375 877
135 0 741
135 0.0625 585
135 0.125 453
135 0.1875 337
135 0.25 255
135 0.3125 175
135 0.375 152
135 0.4375 107
135 0.5 105
135 0.5625 102
135 0.625 161
135 0.6875 257
135 0.75 491
135 0.8125 584
135 0.875 779
135 0.9375 832
136 0 752
136 0.0625 569
136 0.125 450
136 0.1875 299
136 0.25 210
136 0.3125 197
136 0.375 147
136 0.4375 126
136 0.5 113
136 0.5625 119
136 0.625 157
136 0.6875 262
136 0.75 408
136 0.8125 605
136 0.875 737
136 0.9375 825
137 0 763
137 0.0625 584
137 0.125 439
137 0.1875 307
137 0.25 222
137 0.3125 175
137 0.375 137
137 0.4375 150
137 0.5 114
137 0.5625 125
137 0.625 155
137 0.6875 265
137 0.75 451
137 0.8125 619
137 0.875 788
137 0.9375 777
138 0 709
138 0.0625 577
138 0.125 432
138 0.1875 319
138 0.25 190
138 0.3125 183
138 0.375 126
138 0.4375 125
138 0.5 113
138 0.5625 114
138 0.625 162
138 0.6875 250
138 0.75 473
138 0.8125 565
138 0.875 801
138 0.9375 817
139 0 719
139 0.0625 553
139 0.125 442
139 0.1875 280
139 0.25 197
139 0.3125 165
139 0.375 123
139 0.4375 140
139 0.5 109
139 0.5625 126
139 0.625 134
139 0.6875 266
139 0.75 416
139 0.8125 567
139 0.875 785
139 0.9375 763
140 0 708
140 0.0625 571
140 0.125 431
140 0.1875 301
140 0.25 237
140 0.3125 188
140 0.375 132
140 0.4375 122
140 0.5 114
140 0.5625 98
140 0.625 146
140 0.6875 249
140 0.75 432
140 0.8125 592
140 0.875 745
140 0.9375 758
141 0 700
141 0.0625 567
141 0.125 406
141 0.1875 273
141 0.25 212
141 0.3125 185
141 0.375 121
141 0.4375 117
141 0.5 103
141 0.5625 98
141 0.625 140
141 0.6875 271
141 0.75 406
141 0.8125 576
141 0.875 765
141 0.9375 762
142 0 677
142 0.0625 540
142 0.125 416
142 0.1875 265
142 0.25 210
142 0.3125 149
142 0.375 118
142 0.4375 101
142 0.5 104
142 0.5625 104
142 0.625 150
142 0.6875 273
142 0.75 440
142 0.8125 601
142 0.875 688
142 0.9375 697
143 0 653
143 0.0625 559
143 0.125 393
143 0.1875 280
143 0.25 208
143 0.3125 132
143 0.375 129
143 0.4375 113
143 0.5 97
143 0.5625 110
143 0.625 142
143 0.6875 231
143 0.75 417
143 0.8125 595
143 0.875 710
143 0.9375 713
144 0 639
144 0.0625 521
144 0.125 390
144 0.1875 299
144 0.25 198
144 0.3125 143
144 0.375 106
144 0.4375 101
144 0.5 103
144 0.5625 106
144 0.625 132
144 0.6875 249
144 0.75 416
144 0.8125 569
144 0.875 660
144 0.9375 747
145 0 640
145 0.0625 510
145 0.125 415
145 0.1875 278
145 0.25 221
145 0.3125 170
145 0.375 117
145 0.4375 112
145 0.5 96
145 0.5625 121
145 0.625 155
145 0.6875 241
145 0.75 386
145 0.8125 540
145 0.875 681
145 0.9375 707
146 0 596
146 0.0625 469
146 0.125 362
146 0.1875 264
146 0.25 175
146 0.3125 153
146 0.375 106
146 0.4375 119
146 0.5 94
146 0.5625 91
146 0.625 150
146 0.6875 217
146 0.75 390
146 0.8125 490
146 0.875 681
146 0.9375 720
147 0 615
147 0.0625 489
147 0.125 374
147 0.1875 249
147 0.25 176
147 0.3125 169
147 0.375 112
147 0.4375 101
147 0.5 112
147 0.5625 111
147 0.625 141
147 0.6875 220
147 0.75 365
147 0.8125 513
147 0.875 640
147 0.9375 686
148 0 558
148 0.0625 475
148 0.125 351
148 0.1875 214
148 0.25 187
148 0.3125 144
148 0.375 105
148 0.4375 95
148 0.5 90
148 0.5625 106
148 0.625 126
148 0.6875 219
148 0.75 370
148 0.8125 507
148 0.875 615
148 0.9375 655
149 0 610
149 0.0625 456
149 0.125 329
149 0.1875 216
149 0.25 145
149 0.3125 144
149 0.375 131
149 0.4375 97
149 0.5 109
149 0.5625 106
149 0.625 102
149 0.6875 211
149 0.75 345
149 0.8125 518
149 0.875 599
149 0.9375 675
150 0 595
150 0.0625 429
150 0.125 312
150 0.1875 232
150 0.25 194
150 0.3125 127
150 0.375 118
150 0.4375 83
150 0.5 101
150 0.5625 94
150 0.625 147
150 0.6875 218
150 0.75 355
150 0.8125 496
150 0.875 657
150 0.9375 663
151 0 609
151 0.0625 470
151 0.125 319
151 0.1875 228
151 0.25 181
151 0.3125 119
151 0.375 124
151 0.4375 112
151 0.5 115
151 0.5625 78
151 0.625 118
151 0.6875 227
151 0.75 345
151 0.8125 491
151 0.875 581
151 0.9375 599
152 0 599
152 0.0625 419
152 0.125 295
152 0.1875 233
152 0.25 166
152 0.3125 123
152 0.375 104
152 0.4375 96
152 0.5 89
152 0.5625 113
152 0.625 131
152 0.6875 210
152 0.75 343
152 0.8125 483
152 0.875 579
152 0.9375 611
153 0 551
153 0.0625 453
153 0.125 331
153 0.1875 240
153 0.25 182
153 0.3125 118
153 0.375 113
153 0.4375 98
153 0.5 100
153 0.5625 93
153 0.625 153
153 0.6875 226
153 0.75 358
153 0.8125 494
153 0.875 542
153 0.9375 548
154 0 500
154 0.0625 423
154 0.125 269
154 0.1875 240
154 0.25 164
154 0.3125 128
154 0.375 101
154 0.4375 97
154 0.5 95
154 0.5625 73
154 0.625 138
154 0.6875 201
154 0.75 324
154 0.8125 465
154 0.875 532
154 0.9375 609
155 0 514
155 0.0625 430
155 0.125 336
155 0.1875 217
155 0.25 149
155 0.3125 144
155 0.375 107
155 0.4375 100
155 0.5 68
155 0.5625 83
155 0.625 122
155 0.6875 236
155 0.75 321
155 0.8125 514
155 0.875 564
155 0.9375 597
156 0 525
156 0.0625 396
156 0.125 293
156 0.1875 185
156 0.25 156
156 0.3125 129
156 0.375 106
156 0.4375 78
156 0.5 77
156 0.5625 91
156 0.625 116
156 0.6875 189
156 0.75 315
156 0.8125 442
156 0.875 540
156 0.9375 567
157 0 511
157 0.0625 426
157 0.125 296
157 0.1875 207
157 0.25 173
157 0.3125 121
157 0.375 112
157 0.4375 83
157 0.5 87
157 0.5625 87
157 0.625 115
157 0.6875 203
157 0.75 298
157 0.8125 440
157 0.875 529
157 0.9375 564
158 0 476
158 0.0625 426
158 0.125 326
158 0.1875 208
158 0.25 180
158 0.3125 101
158 0.375 105
158 0.4375 87
158 0.5 101
158 0.5625 85
158 0.625 96
158 0.6875 195
158 0.75 285
158 0.8125 444
158 0.875 540
158 0.9375 572
159 0 534
159 0.0625 407
159 0.125 308
159 0.1875 222
159 0.25 154
159 0.3125 94
159 0.375 83
159 0.4375 91
159 0.5 78
159 0.5625 76
159 0.625 129
159 0.6875 194
159 0.75 318
159 0.8125 430
159 0.875 567
159 0.9375 618
160 0 503
160 0.0625 419
160 0.125 296
160 0.1875 216
160 0.25 132
160 0.3125 115
160 0.375 90
160 0.4375 95
160 0.5 75
160 0.5625 95
160 0.625 99
160 0.6875 203
160 0.75 318
160 0.8125 386
160 0.875 527
160 0.9375 580
161 0 473
161 0.0625 370
161 0.125 292
161 0.1875 202
161 0.25 178
161 0.3125 111
161 0.375 93
161 0.4375 96
161 0.5 61
161 0.5625 109
161 0.625 130
161 0.6875 203
161 0.75 314
161 0.8125 395
161 0.875 508
161 0.9375 546
162 0 495
162 0.0625 408
162 0.125 303
162 0.1875 201
162 0.25 152
162 0.3125 113
162 0.375 109
162 0.4375 82
162 0.5 81
162 0.5625 75
162 0.625 107
162 0.6875 191
162 0.75 294
162 0.8125 423
162 0.875 478
162 0.9375 544
163 0 457
163 0.0625 365
163 0.125 253
163 0.1875 215
163 0.25 142
163 0.3125 94
163 0.375 108
163 0.4375 87
163 0.5 106
163 0.5625 94
163 0.625 105
163 0.6875 213
163 0.75 290
163 0.8125 438
163 0.875 516
163 0.9375 539
164 0 481
164 0.0625 367
164 0.125 281
164 0.1875 184
164 0.25 144
164 0.3125 111
164 0.375 105
164 0.4375 81
164 0.5 85
164 0.5625 78
164 0.625 106
164 0.6875 182
164 0.75 318
164 0.8125 388
164 0.875 467
164 0.9375 511
165 0 462
165 0.0625 366
165 0.125 287
165 0.1875 185
165 0.25 129
165 0.3125 92
165 0.375 83
165 0.4375 89
165 0.5 77
165 0.5625 69
165 0.625 90
165 0.6875 176
165 0.75 277
165 0.8125 374
165 0.875 481
165 0.9375 514
166 0 435
166 0.0625 337
166 0.125 266
166 0.1875 193
166 0.25 143
166 0.3125 106
166 0.375 109
166 0.4375 75
166 0.5 80
166 0.5625 69
166 0.625 96
166 0.6875 188
166 0.75 284
166 0.8125 398
166 0.875 490
166 0.9375 501
167 0 412
167 0.0625 366
167 0.125 255
167 0.1875 172
167 0.25 122
167 0.3125 99
167 0.375 94
167 0.4375 82
167 0.5 72
167 0.5625 76
167 0.625 116
167 0.6875 174
167 0.75 261
167 0.8125 394
167 0.875 463
167 0.9375 469
168 0 436
168 0.0625 376
168 0.125 257
168 0.1875 208
168 0.25 134
168 0.3125 100
168 0.375 105
168 0.4375 87
168 0.5 76
168 0.5625 86
168 0.625 98
168 0.6875 152
168 0.75 281
168 0.8125 393
168 0.875 440
168 0.9375 461
169 0 442
169 0.0625 338
169 0.125 227
169 0.1875 177
169 0.25 133
169 0.3125 121
169 0.375 90
169 0.4375 93
169 0.5 85
169 0.5625 63
169 0.625 94
169 0.6875 201
169 0.75 256
169 0.8125 379
169 0.875 440
169 0.9375 483
170 0 440
170 0.0625 347
170 0.125 248
170 0.1875 180
170 0.25 127
170 0.3125 104
170 0.375 69
170 0.4375 73
170 0.5 63
170 0.5625 77
170 0.625 96
170 0.6875 159
170 0.75 262
170 0.8125 396
170 0.875 439
170 0.9375 497
171 0 443
171 0.0625 317
171 0.125 252
171 0.1875 182
171 0.25 130
171 0.3125 114
171 0.375 97
171 0.4375 74
171 0.5 63
171 0.5625 80
171 0.625 91
171 0.6875 155
171 0.75 259
171 0.8125 370
171 0.875 435
171 0.9375 421
172 0 391
172 0.0625 317
172 0.125 225
172 0.1875 185
172 0.25 130
172 0.3125 111
172 0.375 91
172 0.4375 77
172 0.5 78
172 0.5625 83
172 0.625 88
172 0.6875 171
172 0.75 262
172 0.8125 370
172 0.875 456
172 0.9375 436
173 0 373
173 0.0625 340
173 0.125 223
173 0.1875 179
173 0.25 122
173 0.3125 93
173 0.375 76
173 0.4375 77
173 0.5 68
173 0.5625 80
173 0.625 99
173 0.6875 160
173 0.75 256
173 0.8125 324
173 0.875 447
173 0.9375 448
174 0 359
174 0.0625 339
174 0.125 208
174 0.1875 162
174 0.25 130
174 0.3125 101
174 0.375 88
174 0.4375 86
174 0.5 60
174 0.5625 92
174 0.625 87
174 0.6875 143
174 0.75 242
174 0.8125 349
174 0.875 409
174 0.9375 453
175 0 378
175 0.0625 312
175 0.125 236
175 0.1875 163
175 0.25 114
175 0.3125 89
175 0.375 73
175 0.4375 71
175 0.5 75
175 0.5625 54
175 0.625 90
175 0.6875 150
175 0.75 267
175 0.8125 367
175 0.875 400
175 0.9375 418
176 0 407
176 0.0625 295
176 0.125 232
176 0.1875 153
176 0.25 138
176 0.3125 85
176 0.375 88
176 0.4375 51
176 0.5 74
176 0.5625 57
176 0.625 81
176 0.6875 147
176 0.75 213
176 0.8125 320
176 0.875 395
176 0.9375 390
177 0 388
177 0.0625 288
177 0.125 232
177 0.1875 130
177 0.25 111
177 0.3125 84
177 0.375 67
177 0.4375 85
177 0.5 81
177 0.5625 70
177 0.625 64
177 0.6875 120
177 0.75 229
177 0.8125 293
177 0.875 389
177 0.9375 372
178 0 377
178 0.0625 269
178 0.125 207
178 0.1875 122
178 0.25 108
178 0.3125 86
178 0.375 59
178 0.4375 66
178 0.5 64
178 0.5625 60
178 0.625 98
178 0.6875 151
178 0.75 234
178 0.8125 338
178 0.875 363
178 0.9375 363
179 0 322
179 0.0625 250
179 0.125 206
179 0.1875 165
179 0.25 111
179 0.3125 83
179 0.375 79
179 0.4375 73
179 0.5 60
179 0.5625 54
179 0.625 80
179 0.6875 124
179 0.75 220
179 0.8125 301
179 0.875 383
179 0.9375 391
180 0 340
180 0.0625 278
180 0.125 197
180 0.1875 131
180 0.25 116
180 0.3125 83
180 0.375 62
180 0.4375 80
180 0.5 69
180 0.5625 50
180 0.625 86
180 0.6875 155
180 0.75 205
180 0.8125 295
180 0.875 354
180 0.9375 407
181 0 331
181 0.0625 254
181 0.125 201
181 0.1875 106
181 0.25 91
181 0.3125 94
181 0.375 71
181 0.4375 71
181 0.5 65
181 0.5625 36
181 0.625 84
181 0.6875 123
181 0.75 210
181 0.8125 297
181 0.875 347
181 0.9375 367
182 0 317
182 0.0625 257
182 0.125 188
182 0.1875 139
182 0.25 111
182 0.3125 79
182 0.375 81
182 0.4375 58
182 0.5 57
182 0.5625 51
182 0.625 84
182 0.6875 146
182 0.75 185
182 0.8125 265
182 0.875 339
182 0.9375 347
183 0 341
183 0.0625 249
183 0.125 190
183 0.1875 151
183 0.25 107
183 0.3125 74
183 0.375 76
183 0.4375 54
183 0.5 49
183 0.5625 74
183 0.625 79
183 0.6875 121
183 0.75 187
183 0.8125 298
183 0.875 366
183 0.9375 329
184 0 296
184 0.0625 250
184 0.125 167
184 0.1875 129
184 0.25 82
184 0.3125 68
184 0.375 61
184 0.4375 51
184 0.5 62
184 0.5625 62
184 0.625 63
184 0.6875 125
184 0.75 200
184 0.8125 277
184 0.875 339
184 0.9375 351
185 0 311
185 0.0625 290
185 0.125 165
185 0.1875 143
185 0.25 99
185 0.3125 69
185 0.375 59
185 0.4375 44
185 0.5 69
185 0.5625 58
185 0.625 65
185 0.6875 101
185 0.75 170
185 0.8125 267
185 0.875 322
185 0.9375 344
186 0 355
186 0.0625 241
186 0.125 169
186 0.1875 116
186 0.25 93
186 0.3125 72
186 0.375 58
186 0.4375 49
186 0.5 54
186 0.5625 58
186 0.625 67
186 0.6875 104
186 0.75 176
186 0.8125 284
186 0.875 315
186 0.9375 392
187 0 260
187 0.0625 242
187 0.125 172
187 0.1875 116
187 0.25 105
187 0.3125 81
187 0.375 67
187 0.4375 64
187 0.5 52
187 0.5625 58
187 0.625 71
187 0.6875 94
187 0.75 195
187 0.8125 251
187 0.875 313
187 0.9375 314
188 0 301
188 0.0625 257
188 0.125 146
188 0.1875 138
188 0.25 80
188 0.3125 52
188 0.375 51
188 0.4375 53
188 0.5 64
188 0.5625 61
188 0.625 80
188 0.6875 121
188 0.75 173
188 0.8125 261
188 0.875 340
188 0.9375 327
189 0 268
189 0.0625 226
189 0.125 166
189 0.1875 139
189 0.25 82
189 0.3125 74
189 0.375 55
189 0.4375 49
189 0.5 64
189 0.5625 54
189 0.625 77
189 0.6875 113
189 0.75 201
189 0.8125 291
189 0.875 299
189 0.9375 300
190 0 276
190 0.0625 220
190 0.125 153
190 0.1875 108
190 0.25 85
190 0.3125 62
190 0.375 58
190 0.4375 62
190 0.5 68
190 0.5625 44
190 0.625 75
190 0.6875 116
190 0.75 199
190 0.8125 260
190 0.875 325
190 0.9375 340
191 0 290
191 0.0625 220
191 0.125 153
191 0.1875 110
191 0.25 72
191 0.3125 73
191 0.375 59
191 0.4375 52
191 0.5 52
191 0.5625 55
191 0.625 80
191 0.6875 116
191 0.75 199
191 0.8125 261
191 0.875 303
191 0.9375 309
192 0 265
192 0.0625 220
192 0.125 161
192 0.1875 114
192 0.25 84
192 0.3125 75
192 0.375 59
192 0.4375 53
192 0.5 49
192 0.5625 42
192 0.625 79
192 0.6875 133
192 0.75 182
192 0.8125 256
192 0.875 285
192 0.9375 298
193 0 263
193 0.0625 196
193 0.125 158
193 0.1875 99
193 0.25 93
193 0.3125 66
193 0.375 52
193 0.4375 62
193 0.5 61
193 0.5625 53
193 0.625 78
193 0.6875 112
193 0.75 147
193 0.8125 268
193 0.875 286
193 0.9375 316
194 0 290
194 0.0625 223
194 0.125 158
194 0.1875 105
194 0.25 86
194 0.3125 82
194 0.375 46
194 0.4375 61
194 0.5 60
194 0.5625 65
194 0.625 57
194 0.6875 123
194 0.75 174
194 0.8125 215
194 0.875 258
194 0.9375 293
195 0 241
195 0.0625 202
195 0.125 136
195 0.1875 94
195 0.25 82
195 0.3125 70
195 0.375 61
195 0.4375 52
195 0.5 52
195 0.5625 47
195 0.625 63
195 0.6875 101
195 0.75 170
195 0.8125 222
195 0.875 299
195 0.9375 279
196 0 273
196 0.0625 205
196 0.125 163
196 0.1875 94
196 0.25 82
196 0.3125 77
196 0.375 56
196 0.4375 42
196 0.5 40
196 0.5625 55
196 0.625 78
196 0.6875 104
196 0.75 187
196 0.8125 236
196 0.875 286
196 0.9375 270
197 0 247
197 0.0625 200
197 0.125 139
197 0.1875 87
197 0.25 88
197 0.3125 67
197 0.375 47
197 0.4375 52
197 0.5 48
197 0.5625 68
197 0.625 70
197 0.6875 113
197 0.75 165
197 0.8125 205
197 0.875 278
197 0.9375 277
198 0 245
198 0.0625 190
198 0.125 115
198 0.1875 104
198 0.25 74
198 0.3125 68
198 0.375 65
198 0.4375 66
198 0.5 41
198 0.5625 38
198 0.625 61
198 0.6875 83
198 0.75 155
198 0.8125 242
198 0.875 257
198 0.9375 266
199 0 208
199 0.0625 179
199 0.125 135
199 0.1875 126
199 0.25 66
199 0.3125 49
199 0.375 51
199 0.4375 66
199 0.5 53
199 0.5625 47
199 0.625 71
199 0.6875 91
199 0.75 167
199 0.8125 212
199 0.875 234
199 0.9375 278
200 0 210
200 0.0625 173
200 0.125 136
200 0.1875 103
200 0.25 85
200 0.3125 64
200 0.375 53
200 0.4375 53
200 0.5 50
200 0.5625 51
200 0.625 52
200 0.6875 104
200 0.75 151
200 0.8125 216
200 0.875 258
200 0.9375 253
201 0 206
201 0.0625 172
201 0.125 167
201 0.1875 96
201 0.25 74
201 0.3125 63
201 0.375 54
201 0.4375 50
201 0.5 55
201 0.5625 52
201 0.625 60
201 0.6875 99
201 0.75 163
201 0.8125 187
201 0.875 239
201 0.9375 280
202 0 237
202 0.0625 184
202 0.125 116
202 0.1875 102
202 0.25 61
202 0.3125 60
202 0.375 53
202 0.4375 44
202 0.5 48
202 0.5625 43
202 0.625 58
202 0.6875 105
202 0.75 150
202 0.8125 184
202 0.875 263
202 0.9375 263
203 0 211
203 0.0625 182
203 0.125 108
203 0.1875 90
203 0.25 48
203 0.3125 61
203 0.375 47
203 0.4375 44
203 0.5 45
203 0.5625 52
203 0.625 58
203 0.6875 88
203 0.75 132
203 0.8125 186
203 0.875 235
203 0.9375 258
204 0 201
204 0.0625 177
204 0.125 129
204 0.1875 95
204 0.25 67
204 0.3125 44
204 0.375 53
204 0.4375 45
204 0.5 42
204 0.5625 43
204 0.625 56
204 0.6875 90
204 0.75 146
204 0.8125 186
204 0.875 214
204 0.9375 235
205 0 221
205 0.0625 156
205 0.125 106
205 0.1875 97
205 0.25 74
205 0.3125 63
205 0.375 45
205 0.4375 41
205 0.5 49
205 0.5625 45
205 0.625 62
205 0.6875 89
205 0.75 142
205 0.8125 181
205 0.875 201
205 0.9375 232
206 0 226
206 0.0625 143
206 0.125 97
206 0.1875 74
206 0.25 66
206 0.3125 52
206 0.375 39
206 0.4375 46
206 0.5 49
206 0.5625 51
206 0.625 63
206 0.6875 76
206 0.75 121
206 0.8125 212
206 0.875 205
206 0.9375 224
207 0 179
207 0.0625 165
207 0.125 110
207 0.1875 81
207 0.25 60
207 0.3125 67
207 0.375 50
207 0.4375 46
207 0.5 38
207 0.5625 41
207 0.625 47
207 0.6875 89
207 0.75 137
207 0.8125 169
207 0.875 208
207 0.9375 214
208 0 181
208 0.0625 156
208 0.125 100
208 0.1875 79
208 0.25 65
208 0.3125 51
208 0.375 47
208 0.4375 43
208 0.5 40
208 0.5625 47
208 0.625 56
208 0.6875 90
208 0.75 117
208 0.8125 183
208 0.875 216
208 0.9375 232
209 0 159
209 0.0625 161
209 0.125 95
209 0.1875 85
209 0.25 54
209 0.3125 57
209 0.375 54
209 0.4375 39
209 0.5 45
209 0.5625 37
209 0.625 50
209 0.6875 84
209 0.75 123
209 0.8125 167
209 0.875 195
209 0.9375 199
210 0 195
210 0.0625 123
210 0.125 85
210 0.1875 77
210 0.25 49
210 0.3125 53
210 0.375 44
210 0.4375 29
210 0.5 35
210 0.5625 40
210 0.625 46
210 0.6875 100
210 0.75 115
210 0.8125 148
210 0.875 210
210 0.9375 183
211 0 147
211 0.0625 127
211 0.125 97
211 0.1875 61
211 0.25 64
211 0.3125 46
211 0.375 36
211 0.4375 30
211 0.5 40
211 0.5625 43
211 0.625 50
211 0.6875 72
211 0.75 102
211 0.8125 144
211 0.875 181
211 0.9375 202
212 0 143
212 0.0625 101
212 0.125 92
212 0.1875 49
212 0.25 60
212 0.3125 35
212 0.375 43
212 0.4375 37
212 0.5 37
212 0.5625 30
212 0.625 42
212 0.6875 80
212 0.75 116
212 0.8125 131
212 0.875 183
212 0.9375 181
213 0 132
213 0.0625 115
213 0.125 95
213 0.1875 63
213 0.25 48
213 0.3125 42
213 0.375 42
213 0.4375 50
213 0.5 32
213 0.5625 43
213 0.625 41
213 0.6875 63
213 0.75 94
213 0.8125 154
213 0.875 171
213 0.9375 154
214 0 124
214 0.0625 104
214 0.125 79
214 0.1875 54
214 0.25 51
214 0.3125 42
214 0.375 44
214 0.4375 29
214 0.5 31
214 0.5625 39
214 0.625 42
214 0.6875 70
214 0.75 103
214 0.8125 109
214 0.875 138
214 0.9375 154
215 0 119
215 0.0625 100
215 0.125 68
215 0.1875 51
215 0.25 27
215 0.3125 43
215 0.375 29
215 0.4375 29
215 0.5 29
215 0.5625 33
215 0.625 39
215 0.6875 61
215 0.75 88
215 0.8125 116
215 0.875 147
215 0.9375 155
216 0 122
216 0.0625 120
216 0.125 55
216 0.1875 51
216 0.25 48
216 0.3125 22
216 0.375 38
216 0.4375 24
216 0.5 23
216 0.5625 23
216 0.625 33
216 0.6875 55
216 0.75 88
216 0.8125 118
216 0.875 123
216 0.9375 132
217 0 112
217 0.0625 98
217 0.125 60
217 0.1875 64
217 0.25 42
217 0.3125 28
217 0.375 22
217 0.4375 29
217 0.5 33
217 0.5625 24
217 0.625 40
217 0.6875 51
217 0.75 65
217 0.8125 94
217 0.875 112
217 0.9375 133
218 0 97
218 0.0625 86
218 0.125 53
218 0.1875 46
218 0.25 23
218 0.3125 41
218 0.375 27
218 0.4375 31
218 0.5 28
218 0.5625 32
218 0.625 27
218 0.6875 46
218 0.75 79
218 0.8125 110
218 0.875 116
218 0.9375 114
219 0 86
219 0.0625 81
219 0.125 61
219 0.1875 48
219 0.25 31
219 0.3125 35
219 0.375 26
219 0.4375 16
219 0.5 22
219 0.5625 24
219 0.625 33
219 0.6875 47
219 0.75 81
219 0.8125 88
219 0.875 110
219 0.9375 124
220 0 95
220 0.0625 66
220 0.125 60
220 0.1875 36
220 0.25 21
220 0.3125 26
220 0.375 21
220 0.4375 24
220 0.5 19
220 0.5625 29
220 0.625 25
220 0.6875 45
220 0.75 64
220 0.8125 99
220 0.875 114
220 0.9375 124
221 0 96
221 0.0625 71
221 0.125 45
221 0.1875 40
221 0.25 39
221 0.3125 40
221 0.375 29
221 0.4375 29
221 0.5 26
221 0.5625 33
221 0.625 30
221 0.6875 39
221 0.75 75
221 0.8125 92
221 0.875 130
221 0.9375 117
222 0 104
222 0.0625 84
222 0.125 51
222 0.1875 43
222 0.25 27
222 0.3125 19
222 0.375 20
222 0.4375 22
222 0.5 21
222 0.5625 27
222 0.625 29
222 0.6875 34
222 0.75 69
222 0.8125 81
222 0.875 106
222 0.9375 90
223 0 83
223 0.0625 68
223 0.125 53
223 0.1875 34
223 0.25 38
223 0.3125 27
223 0.375 18
223 0.4375 18
223 0.5 21
223 0.5625 15
223 0.625 26
223 0.6875 39
223 0.75 60
223 0.8125 78
223 0.875 94
223 0.9375 114
224 0 77
224 0.0625 76
224 0.125 45
224 0.1875 39
224 0.25 30
224 0.3125 25
224 0.375 24
224 0.4375 19
224 0.5 20
224 0.5625 25
224 0.625 26
224 0.6875 49
224 0.75 58
224 0.8125 98
224 0.875 110
224 0.9375 102
225 0 95
225 0.0625 68
225 0.125 38
225 0.1875 39
225 0.25 33
225 0.3125 31
225 0.375 24
225 0.4375 20
225 0.5 25
225 0.5625 18
225 0.625 25
225 0.6875 41
225 0.75 54
225 0.8125 92
225 0.875 105
225 0.9375 99
226 0 79
226 0.0625 65
226 0.125 49
226 0.1875 33
226 0.25 32
226 0.3125 26
226 0.375 15
226 0.4375 25
226 0.5 17
226 0.5625 20
226 0.625 22
226 0.6875 37
226 0.75 58
226 0.8125 69
226 0.875 88
226 0.9375 100
227 0 74
227 0.0625 49
227 0.125 47
227 0.1875 32
227 0.25 33
227 0.3125 25
227 0.375 29
227 0.4375 22
227 0.5 19
227 0.5625 19
227 0.625 18
227 0.6875 41
227 0.75 61
227 0.8125 78
227 0.875 89
227 0.9375 79
228 0 80
228 0.0625 61
228 0.125 51
228 0.1875 43
228 0.25 30
228 0.3125 17
228 0.375 19
228 0.4375 18
228 0.5 20
228 0.5625 15
228 0.625 19
228 0.6875 35
228 0.75 50
228 0.8125 82
228 0.875 95
228 0.9375 86
229 0 86
229 0.0625 77
229 0.125 48
229 0.1875 33
229 0.25 38
229 0.3125 27
229 0.375 14
229 0.4375 21
229 0.5 17
229 0.5625 19
229 0.625 21
229 0.6875 37
229 0.75 60
229 0.8125 73
229 0.875 93
229 0.9375 102
230 0 89
230 0.0625 55
230 0.125 49
230 0.1875 30
230 0.25 35
230 0.3125 28
230 0.375 21
230 0.4375 20
230 0.5 20
230 0.5625 33
230 0.625 18
230 0.6875 44
230 0.75 59
230 0.8125 70
230 0.875 97
230 0.9375 80
231 0 76
231 0.0625 65
231 0.125 39
231 0.1875 28
231 0.25 27
231 0.3125 21
231 0.375 9
231 0.4375 22
231 0.5 23
231 0.5625 24
231 0.625 21
231 0.6875 40
231 0.75 63
231 0.8125 77
231 0.875 83
231 0.9375 99
232 0 68
232 0.0625 68
232 0.125 45
232 0.1875 30
232 0.25 29
232 0.3125 27
232 0.375 23
232 0.4375 15
232 0.5 15
232 0.5625 19
232 0.625 27
232 0.6875 43
232 0.75 53
232 0.8125 75
232 0.875 82
232 0.9375 86
233 0 59
233 0.0625 68
233 0.125 40
233 0.1875 27
233 0.25 29
233 0.3125 27
233 0.375 29
233 0.4375 13
233 0.5 20
233 0.5625 25
233 0.625 22
233 0.6875 37
233 0.75 60
233 0.8125 77
233 0.875 72
233 0.9375 91
234 0 80
234 0.0625 71
234 0.125 42
234 0.1875 30
234 0.25 30
234 0.3125 21
234 0.375 17
234 0.4375 20
234 0.5 33
234 0.5625 15
234 0.625 20
234 0.6875 44
234 0.75 46
234 0.8125 85
234 0.875 91
234 0.9375 83
235 0 68
235 0.0625 41
235 0.125 46
235 0.1875 50
235 0.25 19
235 0.3125 26
235 0.375 25
235 0.4375 15
235 0.5 20
235 0.5625 21
235 0.625 27
235 0.6875 25
235 0.75 51
235 0.8125 80
235 0.875 85
235 0.9375 85
236 0 85
236 0.0625 61
236 0.125 33
236 0.1875 37
236 0.25 19
236 0.3125 23
236 0.375 19
236 0.4375 19
236 0.5 22
236 0.5625 16
236 0.625 25
236 0.6875 37
236 0.75 47
236 0.8125 75
236 0.875 79
236 0.9375 77
237 0 83
237 0.0625 53
237 0.125 37
237 0.1875 33
237 0.25 26
237 0.3125 24
237 0.375 21
237 0.4375 15
237 0.5 14
237 0.5625 14
237 0.625 27
237 0.6875 38
237 0.75 53
237 0.8125 73
237 0.875 83
237 0.9375 82
238 0 83
238 0.0625 58
238 0.125 42
238 0.1875 30
238 0.25 26
238 0.3125 26
238 0.375 18
238 0.4375 20
238 0.5 17
238 0.5625 16
238 0.625 29
238 0.6875 34
238 0.75 46
238 0.8125 80
238 0.875 81
238 0.9375 85
239 0 75
239 0.0625 53
239 0.125 39
239 0.1875 37
239 0.25 21
239 0.3125 19
239 0.375 13
239 0.4375 23
239 0.5 19
239 0.5625 20
239 0.625 31
239 0.6875 33
239 0.75 55
239 0.8125 68
239 0.875 90
239 0.9375 75
240 0 75
240 0.0625 64
240 0.125 34
240 0.1875 34
240 0.25 23
240 0.3125 31
240 0.375 21
240 0.4375 27
240 0.5 24
240 0.5625 17
240 0.625 19
240 0.6875 41
240 0.75 52
240 0.8125 73
240 0.875 101
240 0.9375 64
241 0 79
241 0.0625 48
241 0.125 41
241 0.1875 40
241 0.25 25
241 0.3125 24
241 0.375 17
241 0.4375 19
241 0.5 11
241 0.5625 19
241 0.625 26
241 0.6875 32
241 0.75 48
241 0.8125 64
241 0.875 78
241 0.9375 82
242 0 73
242 0.0625 56
242 0.125 47
242 0.1875 36
242 0.25 21
242 0.3125 20
242 0.375 18
242 0.4375 15
242 0.5 13
242 0.5625 25
242 0.625 20
242 0.6875 28
242 0.75 51
242 0.8125 59
242 0.875 81
242 0.9375 81
243 0 66
243 0.0625 55
243 0.125 42
243 0.1875 30
243 0.25 25
243 0.3125 19
243 0.375 19
243 0.4375 24
243 0.5 20
243 0.5625 12
243 0.625 32
243 0.6875 48
243 0.75 55
243 0.8125 68
243 0.875 72
243 0.9375 72
244 0 78
244 0.0625 48
244 0.125 61
244 0.1875 23
244 0.25 20
244 0.3125 27
244 0.375 21
244 0.4375 20
244 0.5 18
244 0.5625 16
244 0.625 19
244 0.6875 42
244 0.75 47
244 0.8125 61
244 0.875 83
244 0.9375 80
245 0 60
245 0.0625 54
245 0.125 50
245 0.1875 34
245 0.25 22
245 0.3125 17
245 0.375 25
245 0.4375 18
245 0.5 16
245 0.5625 16
245 0.625 23
245 0.6875 33
245 0.75 52
245 0.8125 69
245 0.875 74
245 0.9375 73
246 0 72
246 0.0625 54
246 0.125 44
246 0.1875 35
246 0.25 27
246 0.3125 25
246 0.375 24
246 0.4375 23
246 0.5 20
246 0.5625 19
246 0.625 25
246 0.6875 45
246 0.75 60
246 0.8125 73
246 0.875 61
246 0.9375 82
247 0 65
247 0.0625 59
247 0.125 38
247 0.1875 24
247 0.25 22
247 0.3125 12
247 0.375 24
247 0.4375 19
247 0.5 19
247 0.5625 15
247 0.625 26
247 0.6875 43
247 0.75 46
247 0.8125 61
247 0.875 82
247 0.9375 77
248 0 67
248 0.0625 53
248 0.125 55
248 0.1875 41
248 0.25 28
248 0.3125 26
248 0.375 21
248 0.4375 19
248 0.5 16
248 0.5625 20
248 0.625 23
248 0.6875 31
248 0.75 52
248 0.8125 60
248 0.875 77
248 0.9375 65
249 0 61
249 0.0625 44
249 0.125 50
249 0.1875 30
249 0.25 25
249 0.3125 14
249 0.375 17
249 0.4375 20
249 0.5 16
249 0.5625 20
249 0.625 22
249 0.6875 37
249 0.75 59
249 0.8125 64
249 0.875 69
249 0.9375 64
250 0 59
250 0.0625 51
250 0.125 30
250 0.1875 37
250 0.25 19
250 0.3125 22
250 0.375 12
250 0.4375 26
250 0.5 17
250 0.5625 23
250 0.625 29
250 0.6875 40
250 0.75 56
250 0.8125 77
250 0.875 73
250 0.9375 68
251 0 63
251 0.0625 50
251 0.125 37
251 0.1875 28
251 0.25 22
251 0.3125 22
251 0.375 15
251 0.4375 26
251 0.5 23
251 0.5625 20
251 0.625 16
251 0.6875 36
251 0.75 46
251 0.8125 74
251 0.875 77
251 0.9375 76
252 0 50
252 0.0625 46
252 0.125 39
252 0.1875 27
252 0.25 21
252 0.3125 21
252 0.375 21
252 0.4375 20
252 0.5 19
252 0.5625 22
252 0.625 25
252 0.6875 33
252 0.75 46
252 0.8125 44
252 0.875 84
252 0.9375 69
253 0 64
253 0.0625 39
253 0.125 37
253 0.1875 25
253 0.25 23
253 0.3125 16
253 0.375 21
253 0.4375 20
253 0.5 21
253 0.5625 14
253 0.625 27
253 0.6875 29
253 0.75 48
253 0.8125 67
253 0.875 80
253 0.9375 63
254 0 48
254 0.0625 49
254 0.125 41
254 0.1875 29
254 0.25 36
254 0.3125 28
254 0.375 20
254 0.4375 12
254 0.5 21
254 0.5625 17
254 0.625 15
254 0.6875 33
254 0.75 47
254 0.8125 82
254 0.875 63
254 0.9375 77
255 0 58
255 0.0625 53
255 0.125 41
255 0.1875 25
255 0.25 25
255 0.3125 20
255 0.375 27
255 0.4375 18
255 0.5 25
255 0.5625 19
255 0.625 19
255 0.6875 30
255 0.75 43
255 0.8125 49
255 0.875 68
255 0.9375 70
256 0 42
256 0.0625 56
256 0.125 35
256 0.1875 24
256 0.25 20
256 0.3125 27
256 0.375 21
256 0.4375 23
256 0.5 19
256 0.5625 22
256 0.625 21
256 0.6875 25
256 0.75 50
256 0.8125 66
256 0.875 65
256 0.9375 78
257 0 61
257 0.0625 49
257 0.125 40
257 0.1875 32
257 0.25 28
257 0.3125 17
257 0.375 15
257 0.4375 27
257 0.5 15
257 0.5625 18
257 0.625 22
257 0.6875 30
257 0.75 37
257 0.8125 61
257 0.875 74
257 0.9375 72
258 0 56
258 0.0625 42
258 0.125 37
258 0.1875 26
258 0.25 27
258 0.3125 19
258 0.375 21
258 0.4375 11
258 0.5 20
258 0.5625 13
258 0.625 19
258 0.6875 34
258 0.75 32
258 0.8125 57
258 0.875 63
258 0.9375 61
259 0 64
259 0.0625 50
259 0.125 30
259 0.1875 28
259 0.25 26
259 0.3125 25
259 0.375 17
259 0.4375 23
259 0.5 13
259 0.5625 17
259 0.625 21
259 0.6875 34
259 0.75 52
259 0.8125 55
259 0.875 62
259 0.9375 59
260 0 50
260 0.0625 43
260 0.125 38
260 0.1875 32
260 0.25 26
260 0.3125 18
260 0.375 21
260 0.4375 13
260 0.5 21
260 0.5625 17
260 0.625 17
260 0.6875 26
260 0.75 28
260 0.8125 58
260 0.875 62
260 0.9375 39
261 0 45
261 0.0625 39
261 0.125 51
261 0.1875 22
261 0.25 20
261 0.3125 22
261 0.375 19
261 0.4375 13
261 0.5 14
261 0.5625 12
261 0.625 19
261 0.6875 27
261 0.75 38
261 0.8125 45
261 0.875 51
261 0.9375 51
262 0 51
262 0.0625 40
262 0.125 25
262 0.1875 23
262 0.25 16
262 0.3125 18
262 0.375 20
262 0.4375 14
262 0.5 14
262 0.5625 15
262 0.625 29
262 0.6875 30
262 0.75 38
262 0.8125 46
262 0.875 65
262 0.9375 63
263 0 44
263 0.0625 42
263 0.125 23
263 0.1875 30
263 0.25 25
263 0.3125 15
263 0.375 12
263 0.4375 17
263 0.5 13
263 0.5625 21
263 0.625 27
263 0.6875 33
263 0.75 39
263 0.8125 52
263 0.875 63
263 0.9375 58
264 0 43
264 0.0625 47
264 0.125 28
264 0.1875 22
264 0.25 19
264 0.3125 15
264 0.375 11
264 0.4375 13
264 0.5 18
264 0.5625 13
264 0.625 20
264 0.6875 32
264 0.75 41
264 0.8125 49
264 0.875 46
264 0.9375 44
265 0 45
265 0.0625 38
265 0.125 24
265 0.1875 23
265 0.25 26
265 0.3125 19
265 0.375 17
265 0.4375 18
265 0.5 15
265 0.5625 16
265 0.625 17
265 0.6875 27
265 0.75 42
265 0.8125 38
265 0.875 69
265 0.9375 72
266 0 40
266 0.0625 39
266 0.125 23
266 0.1875 23
266 0.25 15
266 0.3125 11
266 0.375 21
266 0.4375 16
266 0.5 16
266 0.5625 16
266 0.625 20
266 0.6875 29
266 0.75 37
266 0.8125 55
266 0.875 59
266 0.9375 46
267 0 53
267 0.0625 37
267 0.125 28
267 0.1875 27
267 0.25 14
267 0.3125 19
267 0.375 10
267 0.4375 15
267 0.5 18
267 0.5625 15
267 0.625 14
267 0.6875 26
267 0.75 36
267 0.8125 42
267 0.875 54
267 0.9375 48
268 0 45
268 0.0625 34
268 0.125 32
268 0.1875 32
268 0.25 24
268 0.3125 18
268 0.375 14
268 0.4375 13
268 0.5 8
268 0.5625 16
268 0.625 10
268 0.6875 32
268 0.75 39
268 0.8125 52
268 0.875 53
268 0.9375 54
269 0 50
269 0.0625 37
269 0.125 26
269 0.1875 22
269 0.25 16
269 0.3125 21
269 0.375 15
269 0.4375 4
269 0.5 17
269 0.5625 18
269 0.625 12
269 0.6875 33
269 0.75 43
269 0.8125 43
269 0.875 58
269 0.9375 55
270 0 55
270 0.0625 36
270 0.125 31
270 0.1875 24
270 0.25 25
270 0.3125 22
270 0.375 17
270 0.4375 13
270 0.5 20
270 0.5625 19
270 0.625 17
270 0.6875 18
270 0.75 39
270 0.8125 44
270 0.875 57
270 0.9375 50
271 0 48
271 0.0625 38
271 0.125 27
271 0.1875 23
271 0.25 20
271 0.3125 12
271 0.375 16
271 0.4375 16
271 0.5 10
271 0.5625 11
271 0.625 24
271 0.6875 27
271 0.75 34
271 0.8125 51
271 0.875 66
271 0.9375 61
272 0 38
272 0.0625 47
272 0.125 28
272 0.1875 19
272 0.25 16
272 0.3125 21
272 0.375 19
272 0.4375 15
272 0.5 12
272 0.5625 22
272 0.625 17
272 0.6875 29
272 0.75 40
272 0.8125 47
272 0.875 41
272 0.9375 50
273 0 53
273 0.0625 29
273 0.125 25
273 0.1875 24
273 0.25 16
273 0.3125 14
273 0.375 15
273 0.4375 14
273 0.5 14
273 0.5625 19
273 0.625 16
273 0.6875 21
273 0.75 34
273 0.8125 45
273 0.875 56
273 0.9375 57
274 0 36
274 0.0625 35
274 0.125 29
274 0.1875 20
274 0.25 17
274 0.3125 8
274 0.375 14
274 0.4375 18
274 0.5 15
274 0.5625 16
274 0.625 16
274 0.6875 17
274 0.75 37
274 0.8125 49
274 0.875 47
274 0.9375 52
275 0 41
275 0.0625 34
275 0.125 26
275 0.1875 22
275 0.25 16
275 0.3125 18
275 0.375 13
275 0.4375 11
275 0.5 13
275 0.5625 12
275 0.625 12
275 0.6875 19
275 0.75 41
275 0.8125 46
275 0.875 66
275 0.9375 45
276 0 46
276 0.0625 37
276 0.125 21
276 0.1875 20
276 0.25 23
276 0.3125 18
276 0.375 18
276 0.4375 16
276 0.5 11
276 0.5625 13
276 0.625 20
276 0.6875 22
276 0.75 32
276 0.8125 35
276 0.875 40
276 0.9375 47
277 0 33
277 0.0625 24
277 0.125 34
277 0.1875 25
277 0.25 31
277 0.3125 8
277 0.375 17
277 0.4375 16
277 0.5 8
277 0.5625 24
277 0.625 22
277 0.6875 22
277 0.75 36
277 0.8125 46
277 0.875 48
277 0.9375 52
278 0 50
278 0.0625 36
278 0.125 30
278 0.1875 22
278 0.25 22
278 0.3125 19
278 0.375 17
278 0.4375 16
278 0.5 13
278 0.5625 13
278 0.625 13
278 0.6875 20
278 0.75 33
278 0.8125 41
278 0.875 61
278 0.9375 55
279 0 34
279 0.0625 32
279 0.125 29
279 0.1875 23
279 0.25 17
279 0.3125 16
279 0.375 20
279 0.4375 11
279 0.5 16
279 0.5625 14
279 0.625 21
279 0.6875 25
279 0.75 34
279 0.8125 33
279 0.875 40
279 0.9375 43
280 0 45
280 0.0625 32
280 0.125 26
280 0.1875 18
280 0.25 15
280 0.3125 17
280 0.375 16
280 0.4375 10
280 0.5 17
280 0.5625 15
280 0.625 22
280 0.6875 22
280 0.75 40
280 0.8125 32
280 0.875 37
280 0.9375 54
281 0 37
281 0.0625 39
281 0.125 30
281 0.1875 21
281 0.25 16
281 0.3125 10
281 0.375 12
281 0.4375 12
281 0.5 8
281 0.5625 18
281 0.625 13
281 0.6875 23
281 0.75 30
281 0.8125 47
281 0.875 37
281 0.9375 37
282 0 48
282 0.0625 19
282 0.125 26
282 0.1875 18
282 0.25 22
282 0.3125 15
282 0.375 16
282 0.4375 16
282 0.5 11
282 0.5625 15
282 0.625 19
282 0.6875 14
282 0.75 39
282 0.8125 39
282 0.875 56
282 0.9375 51
283 0 47
283 0.0625 22
283 0.125 21
283 0.1875 23
283 0.25 21
283 0.3125 15
283 0.375 17
283 0.4375 17
283 0.5 17
283 0.5625 15
283 0.625 21
283 0.6875 21
283 0.75 36
283 0.8125 38
283 0.875 33
283 0.9375 48
284 0 46
284 0.0625 30
284 0.125 19
284 0.1875 25
284 0.25 14
284 0.3125 17
284 0.375 17
284 0.4375 10
284 0.5 13
284 0.5625 14
284 0.625 14
284 0.6875 25
284 0.75 40
284 0.8125 45
284 0.875 47
284 0.9375 39
285 0 30
285 0.0625 29
285 0.125 24
285 0.1875 17
285 0.25 23
285 0.3125 14
285 0.375 12
285 0.4375 17
285 0.5 14
285 0.5625 10
285 0.625 24
285 0.6875 25
285 0.75 28
285 0.8125 40
285 0.875 42
285 0.9375 37
286 0 30
286 0.0625 38
286 0.125 26
286 0.1875 21
286 0.25 25
286 0.3125 14
286 0.375 14
286 0.4375 17
286 0.5 15
286 0.5625 21
286 0.625 16
286 0.6875 21
286 0.75 31
286 0.8125 42
286 0.875 39
286 0.9375 35
287 0 45
287 0.0625 28
287 0.125 23
287 0.1875 20
287 0.25 15
287 0.3125 16
287 0.375 11
287 0.4375 20
287 0.5 13
287 0.5625 15
287 0.625 16
287 0.6875 23
287 0.75 29
287 0.8125 45
287 0.875 49
287 0.9375 38
288 0 25
288 0.0625 32
288 0.125 20
288 0.1875 21
288 0.25 30
288 0.3125 21
288 0.375 12
288 0.4375 11
288 0.5 12
288 0.5625 12
288 0.625 17
288 0.6875 27
288 0.75 22
288 0.8125 40
288 0.875 44
288 0.9375 36
289 0 40
289 0.0625 28
289 0.125 18
289 0.1875 29
289 0.25 12
289 0.3125 18
289 0.375 11
289 0.4375 20
289 0.5 16
289 0.5625 12
289 0.625 19
289 0.6875 26
289 0.75 38
289 0.8125 36
289 0.875 38
289 0.9375 37
290 0 36
290 0.0625 24
290 0.125 26
290 0.1875 26
290 0.25 11
290 0.3125 11
290 0.375 21
290 0.4375 8
290 0.5 16
290 0.5625 14
290 0.625 16
290 0.6875 21
290 0.75 31
290 0.8125 35
290 0.875 37
290 0.9375 43
291 0 32
291 0.0625 26
291 0.125 23
291 0.1875 12
291 0.25 18
291 0.3125 14
291 0.375 8
291 0.4375 17
291 0.5 14
291 0.5625 19
291 0.625 17
291 0.6875 23
291 0.75 19
291 0.8125 36
291 0.875 40
291 0.9375 47
292 0 25
292 0.0625 30
292 0.125 25
292 0.1875 15
292 0.25 10
292 0.3125 23
292 0.375 11
292 0.4375 15
292 0.5 18
292 0.5625 8
292 0.625 19
292 0.6875 27
292 0.75 30
292 0.8125 39
292 0.875 32
292 0.9375 38
293 0 36
293 0.0625 29
293 0.125 23
293 0.1875 18
293 0.25 17
293 0.3125 10
293 0.375 22
293 0.4375 11
293 0.5 13
293 0.5625 14
293 0.625 14
293 0.6875 25
293 0.75 30
293 0.8125 46
293 0.875 39
293 0.9375 41
294 0 34
294 0.0625 21
294 0.125 19
294 0.1875 13
294 0.25 17
294 0.3125 15
294 0.375 14
294 0.4375 21
294 0.5 13
294 0.5625 13
294 0.625 15
294 0.6875 25
294 0.75 28
294 0.8125 29
294 0.875 41
294 0.9375 33
295 0 44
295 0.0625 29
295 0.125 15
295 0.1875 19
295 0.25 14
295 0.3125 17
295 0.375 9
295 0.4375 20
295 0.5 14
295 0.5625 15
295 0.625 20
295 0.6875 17
295 0.75 21
295 0.8125 46
295 0.875 39
295 0.9375 33
296 0 44
296 0.0625 30
296 0.125 21
296 0.1875 29
296 0.25 24
296 0.3125 17
296 0.375 15
296 0.4375 13
296 0.5 9
296 0.5625 10
296 0.625 14
296 0.6875 17
296 0.75 28
296 0.8125 27
296 0.875 41
296 0.9375 47
297 0 22
297 0.0625 21
297 0.125 20
297 0.1875 23
297 0.25 12
297 0.3125 20
297 0.375 7
297 0.4375 12
297 0.5 9
297 0.5625 11
297 0.625 17
297 0.6875 18
297 0.75 28
297 0.8125 39
297 0.875 32
297 0.9375 29
298 0 33
298 0.0625 29
298 0.125 23
298 0.1875 15
298 0.25 14
298 0.3125 13
298 0.375 13
298 0.4375 19
298 0.5 17
298 0.5625 20
298 0.625 15
298 0.6875 20
298 0.75 24
298 0.8125 32
298 0.875 37
298 0.9375 40
299 0 36
299 0.0625 20
299 0.125 19
299 0.1875 15
299 0.25 12
299 0.3125 10
299 0.375 15
299 0.4375 12
299 0.5 22
299 0.5625 15
299 0.625 18
299 0.6875 23
299 0.75 28
299 0.8125 32
299 0.875 32
299 0.9375 35
300 0 28
300 0.0625 30
300 0.125 27
300 0.1875 18
300 0.25 14
300 0.3125 14
300 0.375 15
300 0.4375 12
300 0.5 16
300 0.5625 13
300 0.625 18
300 0.6875 22
300 0.75 18
300 0.8125 30
300 0.875 40
300 0.9375 24
