1 0 451
1 0.0625 478
1 0.125 462
1 0.1875 441
1 0.25 454
1 0.3125 468
1 0.375 446
1 0.4375 424
1 0.5 432
1 0.5625 413
1 0.625 435
1 0.6875 405
1 0.75 463
1 0.8125 468
1 0.875 451
1 0.9375 472
2 0 521
2 0.0625 535
2 0.125 510
2 0.1875 538
2 0.25 526
2 0.3125 481
2 0.375 483
2 0.4375 502
2 0.5 490
2 0.5625 522
2 0.625 526
2 0.6875 545
2 0.75 526
2 0.8125 504
2 0.875 522
2 0.9375 555
3 0 584
3 0.0625 608
3 0.125 577
3 0.1875 556
3 0.25 558
3 0.3125 554
3 0.375 551
3 0.4375 563
3 0.5 541
3 0.5625 559
3 0.625 602
3 0.6875 542
3 0.75 514
3 0.8125 633
3 0.875 621
3 0.9375 612
4 0 606
4 0.0625 632
4 0.125 640
4 0.1875 633
4 0.25 597
4 0.3125 629
4 0.375 606
4 0.4375 612
4 0.5 608
4 0.5625 584
4 0.625 582
4 0.6875 604
4 0.75 590
4 0.8125 635
4 0.875 629
4 0.9375 663
5 0 683
5 0.0625 650
5 0.125 656
5 0.1875 647
5 0.25 642
5 0.3125 621
5 0.375 629
5 0.4375 639
5 0.5 657
5 0.5625 618
5 0.625 600
5 0.6875 630
5 0.75 643
5 0.8125 631
5 0.875 698
5 0.9375 694
6 0 757
6 0.0625 748
6 0.125 719
6 0.1875 678
6 0.25 704
6 0.3125 673
6 0.375 638
6 0.4375 694
6 0.5 678
6 0.5625 645
6 0.625 718
6 0.6875 663
6 0.75 731
6 0.8125 701
6 0.875 796
6 0.9375 753
7 0 767
7 0.0625 778
7 0.125 785
7 0.1875 707
7 0.25 732
7 0.3125 684
7 0.375 700
7 0.4375 673
7 0.5 707
7 0.5625 685
7 0.625 701
7 0.6875 719
7 0.75 756
7 0.8125 760
7 0.875 800
7 0.9375 817
8 0 873
8 0.0625 860
8 0.125 879
8 0.1875 837
8 0.25 736
8 0.3125 729
8 0.375 791
8 0.4375 730
8 0.5 728
8 0.5625 688
8 0.625 744
8 0.6875 725
8 0.75 731
8 0.8125 834
8 0.875 864
8 0.9375 927
9 0 861
9 0.0625 934
9 0.125 891
9 0.1875 850
9 0.25 859
9 0.3125 827
9 0.375 790
9 0.4375 779
9 0.5 785
9 0.5625 816
9 0.625 811
9 0.6875 801
9 0.75 879
9 0.8125 924
9 0.875 907
9 0.9375 935
10 0 1016
10 0.0625 1037
10 0.125 952
10 0.1875 958
10 0.25 855
10 0.3125 883
10 0.375 815
10 0.4375 794
10 0.5 831
10 0.5625 873
10 0.625 862
10 0.6875 900
10 0.75 961
10 0.8125 945
10 0.875 1038
10 0.9375 1024
11 0 1072
11 0.0625 1119
11 0.125 1050
11 0.1875 997
11 0.25 953
11 0.3125 944
11 0.375 885
11 0.4375 928
11 0.5 868
11 0.5625 860
11 0.625 873
11 0.6875 942
11 0.75 934
11 0.8125 1036
11 0.875 1205
11 0.9375 1108
12 0 1213
12 0.0625 1189
12 0.125 1081
12 0.1875 1133
12 0.25 1049
12 0.3125 995
12 0.375 1000
12 0.4375 974
12 0.5 982
12 0.5625 955
12 0.625 969
12 0.6875 996
12 0.75 1084
12 0.8125 1133
12 0.875 1211
12 0.9375 1261
13 0 1276
13 0.0625 1334
13 0.125 1187
13 0.1875 1165
13 0.25 1034
13 0.3125 967
13 0.375 984
13 0.4375 944
13 0.5 969
13 0.5625 961
13 0.625 1035
13 0.6875 971
13 0.75 1068
13 0.8125 1245
13 0.875 1213
13 0.9375 1332
14 0 1336
14 0.0625 1318
14 0.125 1279
14 0.1875 1236
14 0.25 1056
14 0.3125 1063
14 0.375 1000
14 0.4375 1111
14 0.5 997
14 0.5625 1004
14 0.625 1055
14 0.6875 1106
14 0.75 1200
14 0.8125 1197
14 0.875 1303
14 0.9375 1402
15 0 1407
15 0.0625 1381
15 0.125 1320
15 0.1875 1227
15 0.25 1099
15 0.3125 1089
15 0.375 1068
15 0.4375 1009
15 0.5 1009
15 0.5625 1030
15 0.625 1007
15 0.6875 1081
15 0.75 1216
15 0.8125 1286
15 0.875 1430
15 0.9375 1493
16 0 1476
16 0.0625 1387
16 0.125 1380
16 0.1875 1208
16 0.25 1156
16 0.3125 1089
16 0.375 1027
16 0.4375 1038
16 0.5 1017
16 0.5625 1041
16 0.625 1081
16 0.6875 1125
16 0.75 1171
16 0.8125 1338
16 0.875 1415
16 0.9375 1439
17 0 1470
17 0.0625 1411
17 0.125 1351
17 0.1875 1246
17 0.25 1177
17 0.3125 1090
17 0.375 1075
17 0.4375 1006
17 0.5 991
17 0.5625 1020
17 0.625 1084
17 0.6875 1141
17 0.75 1217
17 0.8125 1387
17 0.875 1488
17 0.9375 1524
18 0 1462
18 0.0625 1416
18 0.125 1269
18 0.1875 1219
18 0.25 1155
18 0.3125 1055
18 0.375 1057
18 0.4375 1030
18 0.5 1047
18 0.5625 968
18 0.625 1017
18 0.6875 1146
18 0.75 1255
18 0.8125 1342
18 0.875 1455
18 0.9375 1489
19 0 1436
19 0.0625 1394
19 0.125 1272
19 0.1875 1158
19 0.25 1118
19 0.3125 1050
19 0.375 972
19 0.4375 971
19 0.5 972
19 0.5625 947
19 0.625 1004
19 0.6875 1071
19 0.75 1174
19 0.8125 1385
19 0.875 1427
19 0.9375 1570
20 0 1418
20 0.0625 1347
20 0.125 1285
20 0.1875 1168
20 0.25 1114
20 0.3125 909
20 0.375 973
20 0.4375 911
20 0.5 888
20 0.5625 924
20 0.625 940
20 0.6875 1043
20 0.75 1183
20 0.8125 1272
20 0.875 1407
20 0.9375 1530
21 0 1432
21 0.0625 1319
21 0.125 1195
21 0.1875 1116
21 0.25 1015
21 0.3125 913
21 0.375 954
21 0.4375 866
21 0.5 848
21 0.5625 876
21 0.625 914
21 0.6875 1067
21 0.75 1062
21 0.8125 1246
21 0.875 1356
21 0.9375 1434
22 0 1415
22 0.0625 1296
22 0.125 1229
22 0.1875 1124
22 0.25 1034
22 0.3125 898
22 0.375 822
22 0.4375 887
22 0.5 853
22 0.5625 898
22 0.625 893
22 0.6875 1019
22 0.75 1090
22 0.8125 1195
22 0.875 1312
22 0.9375 1466
23 0 1374
23 0.0625 1368
23 0.125 1223
23 0.1875 1074
23 0.25 937
23 0.3125 859
23 0.375 943
23 0.4375 848
23 0.5 761
23 0.5625 777
23 0.625 833
23 0.6875 940
23 0.75 1101
23 0.8125 1226
23 0.875 1371
23 0.9375 1396
24 0 1420
24 0.0625 1317
24 0.125 1248
24 0.1875 1072
24 0.25 1003
24 0.3125 912
24 0.375 856
24 0.4375 735
24 0.5 826
24 0.5625 802
24 0.625 813
24 0.6875 905
24 0.75 1054
24 0.8125 1260
24 0.875 1374
24 0.9375 1476
25 0 1441
25 0.0625 1263
25 0.125 1277
25 0.1875 1072
25 0.25 915
25 0.3125 866
25 0.375 802
25 0.4375 779
25 0.5 833
25 0.5625 768
25 0.625 851
25 0.6875 894
25 0.75 1076
25 0.8125 1263
25 0.875 1363
25 0.9375 1443
26 0 1509
26 0.0625 1357
26 0.125 1179
26 0.1875 1049
26 0.25 989
26 0.3125 882
26 0.375 802
26 0.4375 767
26 0.5 733
26 0.5625 785
26 0.625 833
26 0.6875 924
26 0.75 1124
26 0.8125 1262
26 0.875 1338
26 0.9375 1457
27 0 1507
27 0.0625 1397
27 0.125 1234
27 0.1875 1113
27 0.25 941
27 0.3125 854
27 0.375 908
27 0.4375 775
27 0.5 764
27 0.5625 784
27 0.625 836
27 0.6875 919
27 0.75 1055
27 0.8125 1274
27 0.875 1351
27 0.9375 1523
28 0 1470
28 0.0625 1391
28 0.125 1247
28 0.1875 1104
28 0.25 950
28 0.3125 876
28 0.375 761
28 0.4375 722
28 0.5 770
28 0.5625 757
28 0.625 809
28 0.6875 950
28 0.75 1091
28 0.8125 1334
28 0.875 1375
28 0.9375 1464
29 0 1518
29 0.0625 1446
29 0.125 1310
29 0.1875 1104
29 0.25 938
29 0.3125 846
29 0.375 815
29 0.4375 782
29 0.5 724
29 0.5625 746
29 0.625 813
29 0.6875 866
29 0.75 1143
29 0.8125 1325
29 0.875 1510
29 0.9375 1568
30 0 1527
30 0.0625 1426
30 0.125 1213
30 0.1875 1073
30 0.25 988
30 0.3125 825
30 0.375 816
30 0.4375 736
30 0.5 691
30 0.5625 684
30 0.625 812
30 0.6875 898
30 0.75 1146
30 0.8125 1357
30 0.875 1492
30 0.9375 1629
31 0 1617
31 0.0625 1426
31 0.125 1253
31 0.1875 1077
31 0.25 933
31 0.3125 860
31 0.375 779
31 0.4375 721
31 0.5 710
31 0.5625 686
31 0.625 730
31 0.6875 907
31 0.75 1093
31 0.8125 1312
31 0.875 1493
31 0.9375 1595
32 0 1632
32 0.0625 1451
32 0.125 1265
32 0.1875 1100
32 0.25 953
32 0.3125 815
32 0.375 764
32 0.4375 686
32 0.5 747
32 0.5625 696
32 0.625 780
32 0.6875 890
32 0.75 1040
32 0.8125 1268
32 0.875 1511
32 0.9375 1561
33 0 1599
33 0.0625 1465
33 0.125 1243
33 0.1875 1063
33 0.25 923
33 0.3125 775
33 0.375 705
33 0.4375 724
33 0.5 666
33 0.5625 700
33 0.625 770
33 0.6875 864
33 0.75 1119
33 0.8125 1333
33 0.875 1482
33 0.9375 1609
34 0 1618
34 0.0625 1447
34 0.125 1312
34 0.1875 1017
34 0.25 883
34 0.3125 791
34 0.375 727
34 0.4375 660
34 0.5 652
34 0.5625 650
34 0.625 738
34 0.6875 878
34 0.75 1126
34 0.8125 1324
34 0.875 1525
34 0.9375 1618
35 0 1512
35 0.0625 1491
35 0.125 1272
35 0.1875 1004
35 0.25 841
35 0.3125 777
35 0.375 697
35 0.4375 657
35 0.5 622
35 0.5625 639
35 0.625 649
35 0.6875 779
35 0.75 1074
35 0.8125 1221
35 0.875 1510
35 0.9375 1559
36 0 1586
36 0.0625 1479
36 0.125 1317
36 0.1875 1048
36 0.25 901
36 0.3125 769
36 0.375 682
36 0.4375 645
36 0.5 662
36 0.5625 631
36 0.625 701
36 0.6875 815
36 0.75 1023
36 0.8125 1292
36 0.875 1419
36 0.9375 1702
37 0 1614
37 0.0625 1456
37 0.125 1251
37 0.1875 999
37 0.25 918
37 0.3125 766
37 0.375 653
37 0.4375 682
37 0.5 610
37 0.5625 643
37 0.625 653
37 0.6875 826
37 0.75 1078
37 0.8125 1278
37 0.875 1574
37 0.9375 1609
38 0 1559
38 0.0625 1444
38 0.125 1228
38 0.1875 1017
38 0.25 836
38 0.3125 737
38 0.375 672
38 0.4375 607
38 0.5 638
38 0.5625 609
38 0.625 674
38 0.6875 878
38 0.75 1071
38 0.8125 1321
38 0.875 1513
38 0.9375 1656
39 0 1584
39 0.0625 1489
39 0.125 1251
39 0.1875 1007
39 0.25 908
39 0.3125 715
39 0.375 673
39 0.4375 591
39 0.5 604
39 0.5625 598
39 0.625 652
39 0.6875 842
39 0.75 1031
39 0.8125 1310
39 0.875 1558
39 0.9375 1659
40 0 1667
40 0.0625 1408
40 0.125 1279
40 0.1875 1060
40 0.25 847
40 0.3125 744
40 0.375 646
40 0.4375 610
40 0.5 597
40 0.5625 622
40 0.625 676
40 0.6875 787
40 0.75 964
40 0.8125 1318
40 0.875 1561
40 0.9375 1729
41 0 1658
41 0.0625 1446
41 0.125 1271
41 0.1875 1051
41 0.25 869
41 0.3125 722
41 0.375 634
41 0.4375 614
41 0.5 560
41 0.5625 564
41 0.625 694
41 0.6875 805
41 0.75 1054
41 0.8125 1329
41 0.875 1504
41 0.9375 1709
42 0 1582
42 0.0625 1461
42 0.125 1227
42 0.1875 1049
42 0.25 859
42 0.3125 680
42 0.375 640
42 0.4375 614
42 0.5 597
42 0.5625 598
42 0.625 622
42 0.6875 765
42 0.75 1069
42 0.8125 1340
42 0.875 1581
42 0.9375 1698
43 0 1611
43 0.0625 1439
43 0.125 1269
43 0.1875 1011
43 0.25 812
43 0.3125 705
43 0.375 630
43 0.4375 588
43 0.5 532
43 0.5625 531
43 0.625 602
43 0.6875 790
43 0.75 1033
43 0.8125 1369
43 0.875 1561
43 0.9375 1682
44 0 1721
44 0.0625 1487
44 0.125 1223
44 0.1875 964
44 0.25 818
44 0.3125 656
44 0.375 629
44 0.4375 503
44 0.5 536
44 0.5625 536
44 0.625 594
44 0.6875 770
44 0.75 1040
44 0.8125 1358
44 0.875 1532
44 0.9375 1670
45 0 1634
45 0.0625 1423
45 0.125 1203
45 0.1875 1026
45 0.25 786
45 0.3125 713
45 0.375 570
45 0.4375 566
45 0.5 538
45 0.5625 531
45 0.625 573
45 0.6875 738
45 0.75 994
45 0.8125 1385
45 0.875 1594
45 0.9375 1684
46 0 1623
46 0.0625 1416
46 0.125 1237
46 0.1875 918
46 0.25 738
46 0.3125 612
46 0.375 585
46 0.4375 485
46 0.5 488
46 0.5625 541
46 0.625 483
46 0.6875 761
46 0.75 1057
46 0.8125 1319
46 0.875 1582
46 0.9375 1742
47 0 1611
47 0.0625 1354
47 0.125 1142
47 0.1875 1000
47 0.25 778
47 0.3125 592
47 0.375 565
47 0.4375 476
47 0.5 482
47 0.5625 484
47 0.625 546
47 0.6875 727
47 0.75 997
47 0.8125 1301
47 0.875 1525
47 0.9375 1778
48 0 1566
48 0.0625 1433
48 0.125 1239
48 0.1875 957
48 0.25 722
48 0.3125 612
48 0.375 562
48 0.4375 472
48 0.5 469
48 0.5625 508
48 0.625 532
48 0.6875 721
48 0.75 987
48 0.8125 1277
48 0.875 1498
48 0.9375 1619
49 0 1556
49 0.0625 1393
49 0.125 1062
49 0.1875 875
49 0.25 718
49 0.3125 597
49 0.375 526
49 0.4375 461
49 0.5 462
49 0.5625 485
49 0.625 505
49 0.6875 709
49 0.75 958
49 0.8125 1280
49 0.875 1528
49 0.9375 1653
50 0 1568
50 0.0625 1377
50 0.125 1094
50 0.1875 917
50 0.25 753
50 0.3125 601
50 0.375 526
50 0.4375 495
50 0.5 431
50 0.5625 479
50 0.625 514
50 0.6875 734
50 0.75 951
50 0.8125 1215
50 0.875 1534
50 0.9375 1554
51 0 1528
51 0.0625 1359
51 0.125 1152
51 0.1875 878
51 0.25 788
51 0.3125 588
51 0.375 493
51 0.4375 431
51 0.5 411
51 0.5625 458
51 0.625 491
51 0.6875 689
51 0.75 1037
51 0.8125 1270
51 0.875 1492
51 0.9375 1638
52 0 1630
52 0.0625 1356
52 0.125 1125
52 0.1875 914
52 0.25 716
52 0.3125 583
52 0.375 550
52 0.4375 436
52 0.5 424
52 0.5625 426
52 0.625 490
52 0.6875 677
52 0.75 889
52 0.8125 1262
52 0.875 1448
52 0.9375 1575
53 0 1631
53 0.0625 1362
53 0.125 1098
53 0.1875 877
53 0.25 736
53 0.3125 583
53 0.375 495
53 0.4375 458
53 0.5 419
53 0.5625 422
53 0.625 466
53 0.6875 661
53 0.75 952
53 0.8125 1216
53 0.875 1510
53 0.9375 1616
54 0 1584
54 0.0625 1343
54 0.125 1137
54 0.1875 855
54 0.25 630
54 0.3125 568
54 0.375 486
54 0.4375 456
54 0.5 430
54 0.5625 472
54 0.625 484
54 0.6875 676
54 0.75 920
54 0.8125 1278
54 0.875 1538
54 0.9375 1636
55 0 1568
55 0.0625 1424
55 0.125 1071
55 0.1875 880
55 0.25 726
55 0.3125 561
55 0.375 484
55 0.4375 382
55 0.5 402
55 0.5625 418
55 0.625 459
55 0.6875 667
55 0.75 1029
55 0.8125 1248
55 0.875 1492
55 0.9375 1624
56 0 1596
56 0.0625 1382
56 0.125 1172
56 0.1875 882
56 0.25 722
56 0.3125 518
56 0.375 485
56 0.4375 451
56 0.5 406
56 0.5625 432
56 0.625 470
56 0.6875 630
56 0.75 946
56 0.8125 1238
56 0.875 1488
56 0.9375 1663
57 0 1569
57 0.0625 1360
57 0.125 1179
57 0.1875 879
57 0.25 655
57 0.3125 569
57 0.375 471
57 0.4375 403
57 0.5 420
57 0.5625 408
57 0.625 458
57 0.6875 626
57 0.75 876
57 0.8125 1281
57 0.875 1547
57 0.9375 1648
58 0 1594
58 0.0625 1454
58 0.125 1058
58 0.1875 920
58 0.25 686
58 0.3125 546
58 0.375 438
58 0.4375 412
58 0.5 377
58 0.5625 397
58 0.625 449
58 0.6875 623
58 0.75 911
58 0.8125 1283
58 0.875 1481
58 0.9375 1706
59 0 1525
59 0.0625 1437
59 0.125 1119
59 0.1875 885
59 0.25 694
59 0.3125 544
59 0.375 434
59 0.4375 394
59 0.5 390
59 0.5625 372
59 0.625 474
59 0.6875 631
59 0.75 995
59 0.8125 1292
59 0.875 1519
59 0.9375 1607
60 0 1618
60 0.0625 1351
60 0.125 1121
60 0.1875 832
60 0.25 618
60 0.3125 526
60 0.375 454
60 0.4375 391
60 0.5 363
60 0.5625 393
60 0.625 460
60 0.6875 658
60 0.75 892
60 0.8125 1351
60 0.875 1523
60 0.9375 1741
61 0 1607
61 0.0625 1302
61 0.125 1107
61 0.1875 872
61 0.25 665
61 0.3125 494
61 0.375 428
61 0.4375 390
61 0.5 398
61 0.5625 371
61 0.625 435
61 0.6875 645
61 0.75 986
61 0.8125 1253
61 0.875 1522
61 0.9375 1657
62 0 1633
62 0.0625 1359
62 0.125 1096
62 0.1875 831
62 0.25 653
62 0.3125 509
62 0.375 457
62 0.4375 390
62 0.5 339
62 0.5625 401
62 0.625 448
62 0.6875 633
62 0.75 920
62 0.8125 1193
62 0.875 1502
62 0.9375 1623
63 0 1587
63 0.0625 1375
63 0.125 1098
63 0.1875 835
63 0.25 633
63 0.3125 538
63 0.375 412
63 0.4375 346
63 0.5 380
63 0.5625 342
63 0.625 420
63 0.6875 621
63 0.75 944
63 0.8125 1214
63 0.875 1465
63 0.9375 1632
64 0 1557
64 0.0625 1378
64 0.125 1068
64 0.1875 906
64 0.25 619
64 0.3125 485
64 0.375 420
64 0.4375 383
64 0.5 370
64 0.5625 361
64 0.625 427
64 0.6875 572
64 0.75 890
64 0.8125 1184
64 0.875 1535
64 0.9375 1678
65 0 1492
65 0.0625 1374
65 0.125 1077
65 0.1875 817
65 0.25 587
65 0.3125 489
65 0.375 447
65 0.4375 342
65 0.5 384
65 0.5625 317
65 0.625 425
65 0.6875 609
65 0.75 914
65 0.8125 1293
65 0.875 1499
65 0.9375 1606
66 0 1551
66 0.0625 1360
66 0.125 1093
66 0.1875 833
66 0.25 601
66 0.3125 471
66 0.375 402
66 0.4375 318
66 0.5 345
66 0.5625 358
66 0.625 386
66 0.6875 616
66 0.75 922
66 0.8125 1235
66 0.875 1448
66 0.9375 1580
67 0 1597
67 0.0625 1357
67 0.125 1095
67 0.1875 811
67 0.25 612
67 0.3125 463
67 0.375 407
67 0.4375 347
67 0.5 340
67 0.5625 307
67 0.625 379
67 0.6875 591
67 0.75 884
67 0.8125 1191
67 0.875 1479
67 0.9375 1648
68 0 1563
68 0.0625 1271
68 0.125 1067
68 0.1875 801
68 0.25 603
68 0.3125 468
68 0.375 374
68 0.4375 345
68 0.5 327
68 0.5625 338
68 0.625 410
68 0.6875 599
68 0.75 934
68 0.8125 1236
68 0.875 1560
68 0.9375 1622
69 0 1500
69 0.0625 1390
69 0.125 1057
69 0.1875 817
69 0.25 610
69 0.3125 411
69 0.375 378
69 0.4375 327
69 0.5 348
69 0.5625 352
69 0.625 362
69 0.6875 605
69 0.75 895
69 0.8125 1194
69 0.875 1455
69 0.9375 1613
70 0 1527
70 0.0625 1299
70 0.125 1054
70 0.1875 819
70 0.25 556
70 0.3125 476
70 0.375 385
70 0.4375 332
70 0.5 328
70 0.5625 305
70 0.625 378
70 0.6875 610
70 0.75 940
70 0.8125 1241
70 0.875 1507
70 0.9375 1686
71 0 1459
71 0.0625 1344
71 0.125 977
71 0.1875 749
71 0.25 645
71 0.3125 467
71 0.375 376
71 0.4375 325
71 0.5 296
71 0.5625 318
71 0.625 377
71 0.6875 581
71 0.75 910
71 0.8125 1221
71 0.875 1417
71 0.9375 1671
72 0 1544
72 0.0625 1297
72 0.125 1009
72 0.1875 766
72 0.25 558
72 0.3125 457
72 0.375 370
72 0.4375 313
72 0.5 296
72 0.5625 298
72 0.625 388
72 0.6875 584
72 0.75 858
72 0.8125 1231
72 0.875 1547
72 0.9375 1612
73 0 1506
73 0.0625 1278
73 0.125 1019
73 0.1875 734
73 0.25 574
73 0.3125 407
73 0.375 387
73 0.4375 311
73 0.5 318
73 0.5625 319
73 0.625 342
73 0.6875 579
73 0.75 825
73 0.8125 1210
73 0.875 1464
73 0.9375 1627
74 0 1466
74 0.0625 1320
74 0.125 1008
74 0.1875 760
74 0.25 547
74 0.3125 422
74 0.375 325
74 0.4375 293
74 0.5 301
74 0.5625 290
74 0.625 356
74 0.6875 571
74 0.75 847
74 0.8125 1205
74 0.875 1513
74 0.9375 1566
75 0 1430
75 0.0625 1248
75 0.125 962
75 0.1875 757
75 0.25 551
75 0.3125 422
75 0.375 382
75 0.4375 324
75 0.5 333
75 0.5625 265
75 0.625 341
75 0.6875 535
75 0.75 880
75 0.8125 1173
75 0.875 1435
75 0.9375 1596
76 0 1444
76 0.0625 1210
76 0.125 984
76 0.1875 679
76 0.25 541
76 0.3125 436
76 0.375 367
76 0.4375 276
76 0.5 295
76 0.5625 296
76 0.625 369
76 0.6875 535
76 0.75 847
76 0.8125 1189
76 0.875 1471
76 0.9375 1580
77 0 1444
77 0.0625 1276
77 0.125 907
77 0.1875 751
77 0.25 534
77 0.3125 397
77 0.375 294
77 0.4375 303
77 0.5 272
77 0.5625 287
77 0.625 361
77 0.6875 547
77 0.75 789
77 0.8125 1095
77 0.875 1433
77 0.9375 1562
78 0 1354
78 0.0625 1249
78 0.125 949
78 0.1875 692
78 0.25 525
78 0.3125 421
78 0.375 361
78 0.4375 248
78 0.5 286
78 0.5625 314
78 0.625 335
78 0.6875 547
78 0.75 836
78 0.8125 1145
78 0.875 1453
78 0.9375 1534
79 0 1422
79 0.0625 1272
79 0.125 938
79 0.1875 702
79 0.25 527
79 0.3125 392
79 0.375 355
79 0.4375 275
79 0.5 327
79 0.5625 261
79 0.625 313
79 0.6875 494
79 0.75 814
79 0.8125 1116
79 0.875 1407
79 0.9375 1525
80 0 1468
80 0.0625 1198
80 0.125 931
80 0.1875 724
80 0.25 519
80 0.3125 425
80 0.375 309
80 0.4375 286
80 0.5 259
80 0.5625 280
80 0.625 333
80 0.6875 527
80 0.75 860
80 0.8125 1180
80 0.875 1338
80 0.9375 1544
81 0 1434
81 0.0625 1148
81 0.125 924
81 0.1875 674
81 0.25 503
81 0.3125 395
81 0.375 296
81 0.4375 257
81 0.5 238
81 0.5625 262
81 0.625 317
81 0.6875 520
81 0.75 755
81 0.8125 1212
81 0.875 1352
81 0.9375 1474
82 0 1421
82 0.0625 1116
82 0.125 918
82 0.1875 694
82 0.25 484
82 0.3125 354
82 0.375 305
82 0.4375 237
82 0.5 254
82 0.5625 251
82 0.625 321
82 0.6875 537
82 0.75 785
82 0.8125 1152
82 0.875 1427
82 0.9375 1576
83 0 1396
83 0.0625 1184
83 0.125 901
83 0.1875 682
83 0.25 484
83 0.3125 385
83 0.375 335
83 0.4375 305
83 0.5 273
83 0.5625 283
83 0.625 306
83 0.6875 478
83 0.75 742
83 0.8125 1098
83 0.875 1423
83 0.9375 1433
84 0 1386
84 0.0625 1142
84 0.125 899
84 0.1875 640
84 0.25 489
84 0.3125 377
84 0.375 278
84 0.4375 272
84 0.5 257
84 0.5625 239
84 0.625 283
84 0.6875 487
84 0.75 787
84 0.8125 1066
84 0.875 1392
84 0.9375 1493
85 0 1398
85 0.0625 1109
85 0.125 918
85 0.1875 673
85 0.25 454
85 0.3125 362
85 0.375 303
85 0.4375 289
85 0.5 241
85 0.5625 253
85 0.625 286
85 0.6875 472
85 0.75 812
85 0.8125 1084
85 0.875 1329
85 0.9375 1437
86 0 1384
86 0.0625 1111
86 0.125 864
86 0.1875 639
86 0.25 467
86 0.3125 366
86 0.375 271
86 0.4375 258
86 0.5 230
86 0.5625 258
86 0.625 287
86 0.6875 497
86 0.75 757
86 0.8125 1066
86 0.875 1304
86 0.9375 1474
87 0 1323
87 0.0625 1143
87 0.125 885
87 0.1875 641
87 0.25 504
87 0.3125 341
87 0.375 269
87 0.4375 256
87 0.5 257
87 0.5625 270
87 0.625 304
87 0.6875 501
87 0.75 721
87 0.8125 1029
87 0.875 1263
87 0.9375 1443
88 0 1310
88 0.0625 1192
88 0.125 808
88 0.1875 638
88 0.25 466
88 0.3125 351
88 0.375 260
88 0.4375 255
88 0.5 224
88 0.5625 223
88 0.625 333
88 0.6875 491
88 0.75 763
88 0.8125 1050
88 0.875 1313
88 0.9375 1424
89 0 1317
89 0.0625 1058
89 0.125 832
89 0.1875 601
89 0.25 463
89 0.3125 360
89 0.375 272
89 0.4375 248
89 0.5 231
89 0.5625 235
89 0.625 303
89 0.6875 472
89 0.75 820
89 0.8125 1047
89 0.875 1329
89 0.9375 1413
90 0 1318
90 0.0625 1124
90 0.125 848
90 0.1875 649
90 0.25 429
90 0.3125 326
90 0.375 269
90 0.4375 244
90 0.5 242
90 0.5625 202
90 0.625 313
90 0.6875 448
90 0.75 755
90 0.8125 1040
90 0.875 1283
90 0.9375 1426
91 0 1279
91 0.0625 1156
91 0.125 784
91 0.1875 661
91 0.25 460
91 0.3125 335
91 0.375 254
91 0.4375 253
91 0.5 209
91 0.5625 209
91 0.625 288
91 0.6875 441
91 0.75 788
91 0.8125 1023
91 0.875 1319
91 0.9375 1336
92 0 1309
92 0.0625 1062
92 0.125 762
92 0.1875 648
92 0.25 422
92 0.3125 330
92 0.375 269
92 0.4375 246
92 0.5 228
92 0.5625 250
92 0.625 318
92 0.6875 457
92 0.75 740
92 0.8125 1032
92 0.875 1219
92 0.9375 1366
93 0 1266
93 0.0625 1085
93 0.125 816
93 0.1875 614
93 0.25 421
93 0.3125 327
93 0.375 268
93 0.4375 229
93 0.5 204
93 0.5625 224
93 0.625 313
93 0.6875 435
93 0.75 726
93 0.8125 996
93 0.875 1211
93 0.9375 1339
94 0 1310
94 0.0625 1042
94 0.125 796
94 0.1875 634
94 0.25 427
94 0.3125 314
94 0.375 253
94 0.4375 238
94 0.5 198
94 0.5625 223
94 0.625 265
94 0.6875 427
94 0.75 684
94 0.8125 994
94 0.875 1225
94 0.9375 1365
95 0 1309
95 0.0625 1094
95 0.125 827
95 0.1875 566
95 0.25 382
95 0.3125 301
95 0.375 269
95 0.4375 223
95 0.5 213
95 0.5625 221
95 0.625 242
95 0.6875 446
95 0.75 711
95 0.8125 968
95 0.875 1241
95 0.9375 1333
96 0 1211
96 0.0625 1056
96 0.125 821
96 0.1875 589
96 0.25 397
96 0.3125 295
96 0.375 245
96 0.4375 223
96 0.5 231
96 0.5625 211
96 0.625 256
96 0.6875 402
96 0.75 679
96 0.8125 982
96 0.875 1220
96 0.9375 1295
97 0 1248
97 0.0625 1053
97 0.125 791
97 0.1875 546
97 0.25 426
97 0.3125 300
97 0.375 241
97 0.4375 244
97 0.5 214
97 0.5625 235
97 0.625 292
97 0.6875 422
97 0.75 704
97 0.8125 957
97 0.875 1265
97 0.9375 1362
98 0 1225
98 0.0625 1004
98 0.125 758
98 0.1875 569
98 0.25 400
98 0.3125 274
98 0.375 216
98 0.4375 207
98 0.5 204
98 0.5625 188
98 0.625 270
98 0.6875 401
98 0.75 613
98 0.8125 946
98 0.875 1157
98 0.9375 1340
99 0 1168
99 0.0625 1009
99 0.125 701
99 0.1875 572
99 0.25 414
99 0.3125 291
99 0.375 233
99 0.4375 219
99 0.5 192
99 0.5625 190
99 0.625 291
99 0.6875 410
99 0.75 671
99 0.8125 996
99 0.875 1220
99 0.9375 1308
100 0 1170
100 0.0625 968
100 0.125 730
100 0.1875 538
100 0.25 393
100 0.3125 256
100 0.375 227
100 0.4375 204
100 0.5 163
100 0.5625 203
100 0.625 257
100 0.6875 397
100 0.75 654
100 0.8125 925
100 0.875 1198
100 0.9375 1253
101 0 1164
101 0.0625 975
101 0.125 725
101 0.1875 519
101 0.25 373
101 0.3125 295
101 0.375 217
101 0.4375 189
101 0.5 166
101 0.5625 160
101 0.625 257
101 0.6875 445
101 0.75 656
101 0.8125 981
101 0.875 1193
101 0.9375 1171
102 0 1142
102 0.0625 933
102 0.125 738
102 0.1875 506
102 0.25 392
102 0.3125 288
102 0.375 201
102 0.4375 178
102 0.5 181
102 0.5625 211
102 0.625 235
102 0.6875 420
102 0.75 618
102 0.8125 952
102 0.875 1142
102 0.9375 1307
103 0 1151
103 0.0625 947
103 0.125 713
103 0.1875 563
103 0.25 386
103 0.3125 301
103 0.375 232
103 0.4375 185
103 0.5 179
103 0.5625 198
103 0.625 223
103 0.6875 429
103 0.75 689
103 0.8125 989
103 0.875 1080
103 0.9375 1206
104 0 1167
104 0.0625 929
104 0.125 708
104 0.1875 495
104 0.25 341
104 0.3125 297
104 0.375 199
104 0.4375 169
104 0.5 184
104 0.5625 183
104 0.625 230
104 0.6875 390
104 0.75 643
104 0.8125 902
104 0.875 1194
104 0.9375 1239
105 0 1122
105 0.0625 922
105 0.125 697
105 0.1875 495
105 0.25 353
105 0.3125 266
105 0.375 225
105 0.4375 197
105 0.5 191
105 0.5625 199
105 0.625 221
105 0.6875 405
105 0.75 645
105 0.8125 931
105 0.875 1119
105 0.9375 1194
106 0 1152
106 0.0625 943
106 0.125 710
106 0.1875 461
106 0.25 307
106 0.3125 233
106 0.375 205
106 0.4375 151
106 0.5 192
106 0.5625 181
106 0.625 234
106 0.6875 381
106 0.75 639
106 0.8125 911
106 0.875 1042
106 0.9375 1246
107 0 1088
107 0.0625 884
107 0.125 674
107 0.1875 453
107 0.25 356
107 0.3125 244
107 0.375 212
107 0.4375 204
107 0.5 172
107 0.5625 165
107 0.625 255
107 0.6875 390
107 0.75 643
107 0.8125 817
107 0.875 1068
107 0.9375 1185
108 0 1161
108 0.0625 875
108 0.125 731
108 0.1875 483
108 0.25 347
108 0.3125 254
108 0.375 190
108 0.4375 172
108 0.5 144
108 0.5625 172
108 0.625 235
108 0.6875 386
108 0.75 583
108 0.8125 841
108 0.875 1084
108 0.9375 1159
109 0 1045
109 0.0625 860
109 0.125 643
109 0.1875 462
109 0.25 326
109 0.3125 245
109 0.375 212
109 0.4375 175
109 0.5 164
109 0.5625 190
109 0.625 223
109 0.6875 395
109 0.75 591
109 0.8125 865
109 0.875 1064
109 0.9375 1147
110 0 1071
110 0.0625 828
110 0.125 639
110 0.1875 452
110 0.25 325
110 0.3125 222
110 0.375 214
110 0.4375 186
110 0.5 166
110 0.5625 197
110 0.625 194
110 0.6875 380
110 0.75 598
110 0.8125 903
110 0.875 1048
110 0.9375 1078
111 0 1046
111 0.0625 802
111 0.125 642
111 0.1875 462
111 0.25 333
111 0.3125 264
111 0.375 201
111 0.4375 186
111 0.5 178
111 0.5625 169
111 0.625 184
111 0.6875 335
111 0.75 604
111 0.8125 824
111 0.875 1008
111 0.9375 1170
112 0 1034
112 0.0625 852
112 0.125 623
112 0.1875 487
112 0.25 368
112 0.3125 244
112 0.375 212
112 0.4375 178
112 0.5 173
112 0.5625 147
112 0.625 213
112 0.6875 347
112 0.75 609
112 0.8125 774
112 0.875 1065
112 0.9375 1066
113 0 1047
113 0.0625 847
113 0.125 568
113 0.1875 449
113 0.25 341
113 0.3125 225
113 0.375 178
113 0.4375 176
113 0.5 161
113 0.5625 195
113 0.625 206
113 0.6875 349
113 0.75 609
113 0.8125 756
113 0.875 1106
113 0.9375 1157
114 0 1039
114 0.0625 835
114 0.125 576
114 0.1875 432
114 0.25 316
114 0.3125 242
114 0.375 207
114 0.4375 185
114 0.5 160
114 0.5625 167
114 0.625 208
114 0.6875 379
114 0.75 568
114 0.8125 814
114 0.875 978
114 0.9375 1074
115 0 1005
115 0.0625 798
115 0.125 608
115 0.1875 405
115 0.25 316
115 0.3125 217
115 0.375 178
115 0.4375 148
115 0.5 173
115 0.5625 157
115 0.625 181
115 0.6875 375
115 0.75 575
115 0.8125 884
115 0.875 1034
115 0.9375 1058
116 0 1047
116 0.0625 786
116 0.125 624
116 0.1875 440
116 0.25 314
116 0.3125 235
116 0.375 181
116 0.4375 170
116 0.5 147
116 0.5625 159
116 0.625 203
116 0.6875 368
116 0.75 556
116 0.8125 813
116 0.875 969
116 0.9375 1050
117 0 968
117 0.0625 828
117 0.125 563
117 0.1875 416
117 0.25 294
117 0.3125 224
117 0.375 181
117 0.4375 176
117 0.5 147
117 0.5625 143
117 0.625 210
117 0.6875 324
117 0.75 572
117 0.8125 781
117 0.875 930
117 0.9375 992
118 0 948
118 0.0625 755
118 0.125 544
118 0.1875 407
118 0.25 297
118 0.3125 207
118 0.375 163
118 0.4375 161
118 0.5 155
118 0.5625 158
118 0.625 195
118 0.6875 370
118 0.75 531
118 0.8125 784
118 0.875 922
118 0.9375 1003
119 0 967
119 0.0625 763
119 0.125 572
119 0.1875 416
119 0.25 289
119 0.3125 193
119 0.375 185
119 0.4375 154
119 0.5 137
119 0.5625 132
119 0.625 186
119 0.6875 341
119 0.75 546
119 0.8125 752
119 0.875 939
119 0.9375 1041
120 0 927
120 0.0625 721
120 0.125 565
120 0.1875 392
120 0.25 266
120 0.3125 212
120 0.375 194
120 0.4375 156
120 0.5 171
120 0.5625 148
120 0.625 186
120 0.6875 361
120 0.75 557
120 0.8125 759
120 0.875 962
120 0.9375 1069
121 0 869
121 0.0625 751
121 0.125 563
121 0.1875 372
121 0.25 262
121 0.3125 218
121 0.375 169
121 0.4375 134
121 0.5 144
121 0.5625 148
121 0.625 215
121 0.6875 330
121 0.75 567
121 0.8125 780
121 0.875 875
121 0.9375 969
122 0 977
122 0.0625 749
122 0.125 546
122 0.1875 373
122 0.25 281
122 0.3125 219
122 0.375 178
122 0.4375 152
122 0.5 147
122 0.5625 142
122 0.625 192
122 0.6875 288
122 0.75 512
122 0.8125 705
122 0.875 917
122 0.9375 966
123 0 875
123 0.0625 714
123 0.125 567
123 0.1875 374
123 0.25 294
123 0.3125 224
123 0.375 159
123 0.4375 158
123 0.5 150
123 0.5625 146
123 0.625 206
123 0.6875 341
123 0.75 513
123 0.8125 699
123 0.875 920
123 0.9375 945
124 0 859
124 0.0625 706
124 0.125 535
124 0.1875 373
124 0.25 239
124 0.3125 191
124 0.375 161
124 0.4375 138
124 0.5 155
124 0.5625 147
124 0.625 202
124 0.6875 327
124 0.75 518
124 0.8125 744
124 0.875 925
124 0.9375 929
125 0 893
125 0.0625 710
125 0.125 536
125 0.1875 355
125 0.25 254
125 0.3125 182
125 0.375 181
125 0.4375 139
125 0.5 151
125 0.5625 139
125 0.625 177
125 0.6875 298
125 0.75 515
125 0.8125 707
125 0.875 909
125 0.9375 955
126 0 861
126 0.0625 697
126 0.125 481
126 0.1875 390
126 0.25 267
126 0.3125 175
126 0.375 183
126 0.4375 129
126 0.5 136
126 0.5625 149
126 0.625 189
126 0.6875 320
126 0.75 536
126 0.8125 677
126 0.875 862
126 0.9375 910
127 0 817
127 0.0625 674
127 0.125 514
127 0.1875 357
127 0.25 274
127 0.3125 192
127 0.375 167
127 0.4375 154
127 0.5 139
127 0.5625 133
127 0.625 173
127 0.6875 291
127 0.75 495
127 0.8125 720
127 0.875 802
127 0.9375 914
128 0 831
128 0.0625 714
128 0.125 537
128 0.1875 352
128 0.25 251
128 0.3125 217
128 0.375 158
128 0.4375 153
128 0.5 132
128 0.5625 159
128 0.625 167
128 0.6875 319
128 0.75 439
128 0.8125 711
128 0.875 808
128 0.9375 879
129 0 818
129 0.0625 623
129 0.125 481
129 0.1875 350
129 0.25 233
129 0.3125 206
129 0.375 155
129 0.4375 155
129 0.5 111
129 0.5625 132
129 0.625 167
129 0.6875 278
129 0.75 527
129 0.8125 728
129 0.875 846
129 0.9375 818
130 0 750
130 0.0625 647
130 0.125 450
130 0.1875 347
130 0.25 222
130 0.3125 202
130 0.375 144
130 0.4375 138
130 0.5 106
130 0.5625 129
130 0.625 170
130 0.6875 260
130 0.75 474
130 0.8125 670
130 0.875 805
130 0.9375 920
131 0 819
131 0.0625 654
131 0.125 506
131 0.1875 325
131 0.25 218
131 0.3125 165
131 0.375 132
131 0.4375 139
131 0.5 147
131 0.5625 133
131 0.625 165
131 0.6875 299
131 0.75 488
131 0.8125 653
131 0.875 777
131 0.9375 855
132 0 750
132 0.0625 630
132 0.125 461
132 0.1875 347
132 0.25 243
132 0.3125 181
132 0.375 155
132 0.4375 132
132 0.5 116
132 0.5625 139
132 0.625 166
132 0.6875 265
132 0.75 505
132 0.8125 676
132 0.875 755
132 0.9375 865
133 0 818
133 0.0625 601
133 0.125 453
133 0.1875 321
133 0.25 259
133 0.3125 177
133 0.375 139
133 0.4375 137
133 0.5 93
133 0.5625 111
133 0.625 181
133 0.6875 282
133 0.75 478
133 0.8125 658
133 0.875 699
133 0.9375 852
134 0 735
134 0.0625 606
134 0.125 456
134 0.1875 315
134 0.25 229
134 0.3125 168
134 0.375 143
134 0.4375 128
134 0.5 125
134 0.5625 134
134 0.625 160
134 0.6875 300
134 0.75 438
134 0.8125 625
134 0.875 742
134 0.9375 843
135 0 785
135 0.0625 562
135 0.125 415
135 0.1875 309
135 0.25 215
135 0.3125 188
135 0.375 139
135 0.4375 131
135 0.5 137
135 0.5625 130
135 0.625 152
135 0.6875 289
135 0.75 425
135 0.8125 596
135 0.875 819
135 0.9375 821
136 0 719
136 0.0625 561
136 0.125 455
136 0.1875 336
136 0.25 202
136 0.3125 156
136 0.375 141
136 0.4375 113
136 0.5 117
136 0.5625 103
136 0.625 143
136 0.6875 256
136 0.75 414
136 0.8125 631
136 0.875 768
136 0.9375 760
137 0 723
137 0.0625 581
137 0.125 428
137 0.1875 310
137 0.25 222
137 0.3125 169
137 0.375 128
137 0.4375 113
137 0.5 131
137 0.5625 122
137 0.625 144
137 0.6875 252
137 0.75 418
137 0.8125 648
137 0.875 746
137 0.9375 759
138 0 659
138 0.0625 526
138 0.125 415
138 0.1875 294
138 0.25 217
138 0.3125 203
138 0.375 137
138 0.4375 117
138 0.5 106
138 0.5625 115
138 0.625 148
138 0.6875 247
138 0.75 400
138 0.8125 593
138 0.875 738
138 0.9375 758
139 0 659
139 0.0625 533
139 0.125 434
139 0.1875 288
139 0.25 257
139 0.3125 134
139 0.375 139
139 0.4375 120
139 0.5 106
139 0.5625 129
139 0.625 161
139 0.6875 263
139 0.75 436
139 0.8125 581
139 0.875 729
139 0.9375 762
140 0 630
140 0.0625 560
140 0.125 392
140 0.1875 287
140 0.25 196
140 0.3125 166
140 0.375 152
140 0.4375 99
140 0.5 128
140 0.5625 101
140 0.625 118
140 0.6875 231
140 0.75 404
140 0.8125 612
140 0.875 731
140 0.9375 783
141 0 687
141 0.0625 518
141 0.125 403
141 0.1875 313
141 0.25 207
141 0.3125 142
141 0.375 129
141 0.4375 117
141 0.5 129
141 0.5625 103
141 0.625 149
141 0.6875 237
141 0.75 390
141 0.8125 606
141 0.875 700
141 0.9375 764
142 0 661
142 0.0625 561
142 0.125 438
142 0.1875 273
142 0.25 186
142 0.3125 150
142 0.375 126
142 0.4375 107
142 0.5 99
142 0.5625 106
142 0.625 132
142 0.6875 240
142 0.75 420
142 0.8125 614
142 0.875 654
142 0.9375 748
143 0 660
143 0.0625 553
143 0.125 397
143 0.1875 298
143 0.25 219
143 0.3125 161
143 0.375 127
143 0.4375 107
143 0.5 102
143 0.5625 92
143 0.625 147
143 0.6875 241
143 0.75 418
143 0.8125 554
143 0.875 685
143 0.9375 754
144 0 651
144 0.0625 548
144 0.125 395
144 0.1875 277
144 0.25 195
144 0.3125 144
144 0.375 128
144 0.4375 114
144 0.5 106
144 0.5625 105
144 0.625 149
144 0.6875 237
144 0.75 387
144 0.8125 538
144 0.875 631
144 0.9375 741
145 0 684
145 0.0625 514
145 0.125 387
145 0.1875 258
145 0.25 187
145 0.3125 143
145 0.375 110
145 0.4375 112
145 0.5 92
145 0.5625 115
145 0.625 135
145 0.6875 243
145 0.75 406
145 0.8125 569
145 0.875 657
145 0.9375 730
146 0 626
146 0.0625 450
146 0.125 399
146 0.1875 259
146 0.25 202
146 0.3125 164
146 0.375 114
146 0.4375 113
146 0.5 97
146 0.5625 106
146 0.625 157
146 0.6875 207
146 0.75 398
146 0.8125 559
146 0.875 693
146 0.9375 651
147 0 642
147 0.0625 490
147 0.125 395
147 0.1875 232
147 0.25 184
147 0.3125 129
147 0.375 116
147 0.4375 94
147 0.5 87
147 0.5625 102
147 0.625 139
147 0.6875 234
147 0.75 371
147 0.8125 524
147 0.875 619
147 0.9375 661
148 0 583
148 0.0625 479
148 0.125 338
148 0.1875 271
148 0.25 173
148 0.3125 153
148 0.375 119
148 0.4375 118
148 0.5 87
148 0.5625 102
148 0.625 148
148 0.6875 222
148 0.75 339
148 0.8125 480
148 0.875 636
148 0.9375 698
149 0 582
149 0.0625 502
149 0.125 353
149 0.1875 258
149 0.25 167
149 0.3125 135
149 0.375 116
149 0.4375 98
149 0.5 81
149 0.5625 108
149 0.625 133
149 0.6875 201
149 0.75 361
149 0.8125 499
149 0.875 674
149 0.9375 663
150 0 596
150 0.0625 499
150 0.125 314
150 0.1875 250
150 0.25 173
150 0.3125 135
150 0.375 110
150 0.4375 79
150 0.5 97
150 0.5625 93
150 0.625 133
150 0.6875 237
150 0.75 394
150 0.8125 471
150 0.875 559
150 0.9375 628
151 0 520
151 0.0625 440
151 0.125 357
151 0.1875 230
151 0.25 166
151 0.3125 108
151 0.375 103
151 0.4375 97
151 0.5 120
151 0.5625 83
151 0.625 107
151 0.6875 207
151 0.75 389
151 0.8125 500
151 0.875 584
151 0.9375 649
152 0 534
152 0.0625 457
152 0.125 320
152 0.1875 209
152 0.25 177
152 0.3125 112
152 0.375 99
152 0.4375 98
152 0.5 97
152 0.5625 106
152 0.625 128
152 0.6875 209
152 0.75 353
152 0.8125 485
152 0.875 591
152 0.9375 584
153 0 559
153 0.0625 428
153 0.125 324
153 0.1875 233
153 0.25 158
153 0.3125 110
153 0.375 100
153 0.4375 126
153 0.5 92
153 0.5625 94
153 0.625 126
153 0.6875 209
153 0.75 341
153 0.8125 496
153 0.875 587
153 0.9375 602
154 0 542
154 0.0625 446
154 0.125 288
154 0.1875 215
154 0.25 181
154 0.3125 135
154 0.375 111
154 0.4375 84
154 0.5 98
154 0.5625 79
154 0.625 95
154 0.6875 207
154 0.75 323
154 0.8125 469
154 0.875 550
154 0.9375 588
155 0 552
155 0.0625 422
155 0.125 285
155 0.1875 240
155 0.25 170
155 0.3125 118
155 0.375 111
155 0.4375 78
155 0.5 87
155 0.5625 65
155 0.625 124
155 0.6875 195
155 0.75 322
155 0.8125 458
155 0.875 577
155 0.9375 584
156 0 507
156 0.0625 390
156 0.125 288
156 0.1875 215
156 0.25 168
156 0.3125 121
156 0.375 109
156 0.4375 97
156 0.5 93
156 0.5625 75
156 0.625 99
156 0.6875 205
156 0.75 322
156 0.8125 445
156 0.875 540
156 0.9375 573
157 0 509
157 0.0625 413
157 0.125 288
157 0.1875 197
157 0.25 153
157 0.3125 108
157 0.375 95
157 0.4375 79
157 0.5 96
157 0.5625 96
157 0.625 127
157 0.6875 189
157 0.75 311
157 0.8125 464
157 0.875 545
157 0.9375 587
158 0 505
158 0.0625 406
158 0.125 285
158 0.1875 187
158 0.25 152
158 0.3125 137
158 0.375 89
158 0.4375 73
158 0.5 75
158 0.5625 88
158 0.625 112
158 0.6875 177
158 0.75 320
158 0.8125 461
158 0.875 561
158 0.9375 585
159 0 473
159 0.0625 371
159 0.125 325
159 0.1875 193
159 0.25 149
159 0.3125 104
159 0.375 108
159 0.4375 86
159 0.5 83
159 0.5625 82
159 0.625 135
159 0.6875 201
159 0.75 322
159 0.8125 425
159 0.875 520
159 0.9375 532
160 0 501
160 0.0625 400
160 0.125 274
160 0.1875 200
160 0.25 145
160 0.3125 110
160 0.375 104
160 0.4375 80
160 0.5 83
160 0.5625 89
160 0.625 113
160 0.6875 195
160 0.75 312
160 0.8125 427
160 0.875 540
160 0.9375 560
161 0 505
161 0.0625 367
161 0.125 295
161 0.1875 213
161 0.25 164
161 0.3125 97
161 0.375 112
161 0.4375 79
161 0.5 92
161 0.5625 78
161 0.625 123
161 0.6875 210
161 0.75 289
161 0.8125 444
161 0.875 504
161 0.9375 536
162 0 490
162 0.0625 414
162 0.125 278
162 0.1875 196
162 0.25 141
162 0.3125 131
162 0.375 85
162 0.4375 72
162 0.5 86
162 0.5625 74
162 0.625 119
162 0.6875 190
162 0.75 273
162 0.8125 409
162 0.875 511
162 0.9375 522
163 0 530
163 0.0625 369
163 0.125 259
163 0.1875 217
163 0.25 133
163 0.3125 96
163 0.375 92
163 0.4375 87
163 0.5 72
163 0.5625 95
163 0.625 110
163 0.6875 176
163 0.75 278
163 0.8125 426
163 0.875 523
163 0.9375 534
164 0 463
164 0.0625 348
164 0.125 258
164 0.1875 193
164 0.25 155
164 0.3125 98
164 0.375 74
164 0.4375 86
164 0.5 61
164 0.5625 93
164 0.625 96
164 0.6875 191
164 0.75 297
164 0.8125 414
164 0.875 472
164 0.9375 509
165 0 483
165 0.0625 379
165 0.125 248
165 0.1875 203
165 0.25 144
165 0.3125 95
165 0.375 91
165 0.4375 93
165 0.5 80
165 0.5625 80
165 0.625 108
165 0.6875 192
165 0.75 281
165 0.8125 399
165 0.875 520
165 0.9375 505
166 0 458
166 0.0625 343
166 0.125 285
166 0.1875 197
166 0.25 126
166 0.3125 93
166 0.375 86
166 0.4375 81
166 0.5 73
166 0.5625 86
166 0.625 110
166 0.6875 199
166 0.75 276
166 0.8125 396
166 0.875 505
166 0.9375 507
167 0 462
167 0.0625 364
167 0.125 229
167 0.1875 168
167 0.25 132
167 0.3125 95
167 0.375 86
167 0.4375 73
167 0.5 72
167 0.5625 57
167 0.625 114
167 0.6875 167
167 0.75 279
167 0.8125 387
167 0.875 482
167 0.9375 496
168 0 442
168 0.0625 341
168 0.125 244
168 0.1875 185
168 0.25 140
168 0.3125 103
168 0.375 110
168 0.4375 63
168 0.5 74
168 0.5625 87
168 0.625 81
168 0.6875 189
168 0.75 263
168 0.8125 364
168 0.875 439
168 0.9375 474
169 0 464
169 0.0625 345
169 0.125 252
169 0.1875 164
169 0.25 124
169 0.3125 98
169 0.375 94
169 0.4375 71
169 0.5 94
169 0.5625 82
169 0.625 93
169 0.6875 152
169 0.75 278
169 0.8125 403
169 0.875 445
169 0.9375 500
170 0 414
170 0.0625 302
170 0.125 221
170 0.1875 157
170 0.25 131
170 0.3125 89
170 0.375 86
170 0.4375 67
170 0.5 88
170 0.5625 56
170 0.625 118
170 0.6875 165
170 0.75 286
170 0.8125 380
170 0.875 474
170 0.9375 448
171 0 402
171 0.0625 333
171 0.125 250
171 0.1875 166
171 0.25 116
171 0.3125 82
171 0.375 84
171 0.4375 78
171 0.5 77
171 0.5625 69
171 0.625 109
171 0.6875 164
171 0.75 237
171 0.8125 358
171 0.875 435
171 0.9375 466
172 0 400
172 0.0625 336
172 0.125 220
172 0.1875 162
172 0.25 131
172 0.3125 94
172 0.375 71
172 0.4375 79
172 0.5 64
172 0.5625 55
172 0.625 92
172 0.6875 151
172 0.75 261
172 0.8125 342
172 0.875 453
172 0.9375 430
173 0 394
173 0.0625 301
173 0.125 238
173 0.1875 170
173 0.25 134
173 0.3125 96
173 0.375 78
173 0.4375 62
173 0.5 70
173 0.5625 82
173 0.625 119
173 0.6875 169
173 0.75 274
173 0.8125 365
173 0.875 464
173 0.9375 445
174 0 371
174 0.0625 323
174 0.125 228
174 0.1875 192
174 0.25 129
174 0.3125 107
174 0.375 93
174 0.4375 71
174 0.5 75
174 0.5625 65
174 0.625 79
174 0.6875 147
174 0.75 248
174 0.8125 339
174 0.875 434
174 0.9375 437
175 0 352
175 0.0625 309
175 0.125 210
175 0.1875 163
175 0.25 102
175 0.3125 87
175 0.375 77
175 0.4375 74
175 0.5 63
175 0.5625 81
175 0.625 94
175 0.6875 159
175 0.75 232
175 0.8125 335
175 0.875 375
175 0.9375 418
176 0 362
176 0.0625 286
176 0.125 204
176 0.1875 149
176 0.25 129
176 0.3125 81
176 0.375 86
176 0.4375 64
176 0.5 69
176 0.5625 70
176 0.625 90
176 0.6875 153
176 0.75 232
176 0.8125 325
176 0.875 412
176 0.9375 408
177 0 385
177 0.0625 279
177 0.125 235
177 0.1875 169
177 0.25 117
177 0.3125 99
177 0.375 77
177 0.4375 56
177 0.5 69
177 0.5625 78
177 0.625 100
177 0.6875 152
177 0.75 230
177 0.8125 341
177 0.875 374
177 0.9375 396
178 0 356
178 0.0625 266
178 0.125 223
178 0.1875 161
178 0.25 114
178 0.3125 82
178 0.375 74
178 0.4375 69
178 0.5 61
178 0.5625 71
178 0.625 89
178 0.6875 125
178 0.75 244
178 0.8125 301
178 0.875 372
178 0.9375 378
179 0 339
179 0.0625 270
179 0.125 185
179 0.1875 139
179 0.25 114
179 0.3125 78
179 0.375 56
179 0.4375 66
179 0.5 59
179 0.5625 72
179 0.625 87
179 0.6875 158
179 0.75 228
179 0.8125 305
179 0.875 363
179 0.9375 356
180 0 343
180 0.0625 272
180 0.125 197
180 0.1875 139
180 0.25 91
180 0.3125 83
180 0.375 69
180 0.4375 70
180 0.5 74
180 0.5625 67
180 0.625 70
180 0.6875 131
180 0.75 213
180 0.8125 301
180 0.875 337
180 0.9375 353
181 0 321
181 0.0625 245
181 0.125 200
181 0.1875 145
181 0.25 97
181 0.3125 88
181 0.375 86
181 0.4375 66
181 0.5 59
181 0.5625 78
181 0.625 87
181 0.6875 118
181 0.75 216
181 0.8125 285
181 0.875 347
181 0.9375 353
182 0 321
182 0.0625 261
182 0.125 182
182 0.1875 141
182 0.25 113
182 0.3125 90
182 0.375 61
182 0.4375 67
182 0.5 55
182 0.5625 72
182 0.625 88
182 0.6875 133
182 0.75 213
182 0.8125 293
182 0.875 400
182 0.9375 335
183 0 337
183 0.0625 255
183 0.125 176
183 0.1875 144
183 0.25 89
183 0.3125 77
183 0.375 72
183 0.4375 55
183 0.5 52
183 0.5625 61
183 0.625 75
183 0.6875 100
183 0.75 229
183 0.8125 297
183 0.875 358
183 0.9375 341
184 0 318
184 0.0625 259
184 0.125 183
184 0.1875 126
184 0.25 108
184 0.3125 68
184 0.375 74
184 0.4375 61
184 0.5 54
184 0.5625 63
184 0.625 85
184 0.6875 132
184 0.75 189
184 0.8125 262
184 0.875 331
184 0.9375 354
185 0 322
185 0.0625 235
185 0.125 178
185 0.1875 123
185 0.25 93
185 0.3125 58
185 0.375 73
185 0.4375 55
185 0.5 49
185 0.5625 62
185 0.625 83
185 0.6875 145
185 0.75 181
185 0.8125 279
185 0.875 349
185 0.9375 331
186 0 299
186 0.0625 245
186 0.125 179
186 0.1875 109
186 0.25 98
186 0.3125 78
186 0.375 76
186 0.4375 57
186 0.5 52
186 0.5625 62
186 0.625 72
186 0.6875 115
186 0.75 198
186 0.8125 320
186 0.875 303
186 0.9375 317
187 0 313
187 0.0625 213
187 0.125 188
187 0.1875 130
187 0.25 88
187 0.3125 66
187 0.375 44
187 0.4375 61
187 0.5 79
187 0.5625 46
187 0.625 79
187 0.6875 132
187 0.75 180
187 0.8125 267
187 0.875 338
187 0.9375 339
188 0 256
188 0.0625 219
188 0.125 177
188 0.1875 121
188 0.25 89
188 0.3125 82
188 0.375 65
188 0.4375 45
188 0.5 48
188 0.5625 45
188 0.625 74
188 0.6875 117
188 0.75 188
188 0.8125 271
188 0.875 297
188 0.9375 327
189 0 286
189 0.0625 209
189 0.125 168
189 0.1875 112
189 0.25 81
189 0.3125 79
189 0.375 56
189 0.4375 50
189 0.5 55
189 0.5625 56
189 0.625 74
189 0.6875 120
189 0.75 175
189 0.8125 240
189 0.875 283
189 0.9375 327
190 0 282
190 0.0625 218
190 0.125 162
190 0.1875 116
190 0.25 85
190 0.3125 63
190 0.375 61
190 0.4375 55
190 0.5 51
190 0.5625 55
190 0.625 78
190 0.6875 111
190 0.75 187
190 0.8125 244
190 0.875 289
190 0.9375 328
191 0 286
191 0.0625 200
191 0.125 171
191 0.1875 113
191 0.25 87
191 0.3125 72
191 0.375 56
191 0.4375 51
191 0.5 60
191 0.5625 58
191 0.625 64
191 0.6875 98
191 0.75 193
191 0.8125 249
191 0.875 298
191 0.9375 333
192 0 260
192 0.0625 215
192 0.125 151
192 0.1875 123
192 0.25 77
192 0.3125 71
192 0.375 67
192 0.4375 46
192 0.5 55
192 0.5625 49
192 0.625 84
192 0.6875 116
192 0.75 202
192 0.8125 260
192 0.875 282
192 0.9375 285
193 0 277
193 0.0625 206
193 0.125 157
193 0.1875 134
193 0.25 65
193 0.3125 75
193 0.375 51
193 0.4375 54
193 0.5 62
193 0.5625 52
193 0.625 72
193 0.6875 104
193 0.75 176
193 0.8125 213
193 0.875 286
193 0.9375 305
194 0 249
194 0.0625 195
194 0.125 142
194 0.1875 106
194 0.25 83
194 0.3125 68
194 0.375 58
194 0.4375 60
194 0.5 57
194 0.5625 46
194 0.625 64
194 0.6875 106
194 0.75 161
194 0.8125 214
194 0.875 303
194 0.9375 278
195 0 236
195 0.0625 199
195 0.125 133
195 0.1875 109
195 0.25 81
195 0.3125 61
195 0.375 57
195 0.4375 54
195 0.5 49
195 0.5625 51
195 0.625 62
195 0.6875 107
195 0.75 186
195 0.8125 253
195 0.875 247
195 0.9375 314
196 0 283
196 0.0625 203
196 0.125 144
196 0.1875 98
196 0.25 72
196 0.3125 72
196 0.375 49
196 0.4375 75
196 0.5 40
196 0.5625 43
196 0.625 75
196 0.6875 110
196 0.75 171
196 0.8125 225
196 0.875 258
196 0.9375 266
197 0 264
197 0.0625 185
197 0.125 132
197 0.1875 109
197 0.25 79
197 0.3125 56
197 0.375 56
197 0.4375 63
197 0.5 54
197 0.5625 46
197 0.625 57
197 0.6875 117
197 0.75 163
197 0.8125 216
197 0.875 256
197 0.9375 275
198 0 237
198 0.0625 192
198 0.125 142
198 0.1875 98
198 0.25 72
198 0.3125 67
198 0.375 55
198 0.4375 55
198 0.5 55
198 0.5625 53
198 0.625 71
198 0.6875 113
198 0.75 176
198 0.8125 225
198 0.875 261
198 0.9375 275
199 0 263
199 0.0625 203
199 0.125 147
199 0.1875 82
199 0.25 80
199 0.3125 59
199 0.375 60
199 0.4375 49
199 0.5 41
199 0.5625 45
199 0.625 47
199 0.6875 113
199 0.75 160
199 0.8125 217
199 0.875 243
199 0.9375 246
200 0 255
200 0.0625 174
200 0.125 127
200 0.1875 106
200 0.25 75
200 0.3125 61
200 0.375 54
200 0.4375 67
200 0.5 62
200 0.5625 53
200 0.625 71
200 0.6875 105
200 0.75 158
200 0.8125 205
200 0.875 255
200 0.9375 261
201 0 220
201 0.0625 183
201 0.125 125
201 0.1875 99
201 0.25 63
201 0.3125 56
201 0.375 45
201 0.4375 61
201 0.5 48
201 0.5625 49
201 0.625 50
201 0.6875 94
201 0.75 159
201 0.8125 202
201 0.875 251
201 0.9375 251
202 0 232
202 0.0625 194
202 0.125 128
202 0.1875 89
202 0.25 62
202 0.3125 53
202 0.375 52
202 0.4375 38
202 0.5 56
202 0.5625 41
202 0.625 63
202 0.6875 81
202 0.75 173
202 0.8125 199
202 0.875 258
202 0.9375 271
203 0 233
203 0.0625 185
203 0.125 145
203 0.1875 92
203 0.25 66
203 0.3125 57
203 0.375 51
203 0.4375 46
203 0.5 44
203 0.5625 43
203 0.625 61
203 0.6875 86
203 0.75 170
203 0.8125 216
203 0.875 242
203 0.9375 223
204 0 220
204 0.0625 163
204 0.125 139
204 0.1875 96
204 0.25 72
204 0.3125 45
204 0.375 46
204 0.4375 48
204 0.5 37
204 0.5625 41
204 0.625 58
204 0.6875 98
204 0.75 149
204 0.8125 200
204 0.875 244
204 0.9375 247
205 0 206
205 0.0625 160
205 0.125 95
205 0.1875 102
205 0.25 65
205 0.3125 57
205 0.375 39
205 0.4375 43
205 0.5 40
205 0.5625 44
205 0.625 49
205 0.6875 95
205 0.75 148
205 0.8125 200
205 0.875 210
205 0.9375 249
206 0 191
206 0.0625 160
206 0.125 125
206 0.1875 97
206 0.25 58
206 0.3125 42
206 0.375 49
206 0.4375 50
206 0.5 44
206 0.5625 61
206 0.625 68
206 0.6875 91
206 0.75 122
206 0.8125 194
206 0.875 214
206 0.9375 202
207 0 196
207 0.0625 155
207 0.125 143
207 0.1875 77
207 0.25 64
207 0.3125 51
207 0.375 52
207 0.4375 49
207 0.5 38
207 0.5625 45
207 0.625 53
207 0.6875 103
207 0.75 135
207 0.8125 202
207 0.875 216
207 0.9375 210
208 0 183
208 0.0625 142
208 0.125 95
208 0.1875 80
208 0.25 63
208 0.3125 55
208 0.375 54
208 0.4375 42
208 0.5 37
208 0.5625 38
208 0.625 65
208 0.6875 88
208 0.75 144
208 0.8125 179
208 0.875 219
208 0.9375 207
209 0 165
209 0.0625 150
209 0.125 115
209 0.1875 75
209 0.25 69
209 0.3125 52
209 0.375 47
209 0.4375 46
209 0.5 45
209 0.5625 47
209 0.625 47
209 0.6875 75
209 0.75 148
209 0.8125 160
209 0.875 198
209 0.9375 206
210 0 170
210 0.0625 122
210 0.125 105
210 0.1875 83
210 0.25 62
210 0.3125 47
210 0.375 39
210 0.4375 42
210 0.5 37
210 0.5625 44
210 0.625 48
210 0.6875 84
210 0.75 103
210 0.8125 169
210 0.875 185
210 0.9375 187
211 0 173
211 0.0625 109
211 0.125 96
211 0.1875 69
211 0.25 51
211 0.3125 52
211 0.375 45
211 0.4375 34
211 0.5 38
211 0.5625 42
211 0.625 55
211 0.6875 72
211 0.75 129
211 0.8125 142
211 0.875 180
211 0.9375 186
212 0 164
212 0.0625 138
212 0.125 90
212 0.1875 65
212 0.25 47
212 0.3125 38
212 0.375 38
212 0.4375 41
212 0.5 42
212 0.5625 22
212 0.625 43
212 0.6875 77
212 0.75 98
212 0.8125 159
212 0.875 170
212 0.9375 175
213 0 138
213 0.0625 92
213 0.125 91
213 0.1875 64
213 0.25 28
213 0.3125 33
213 0.375 33
213 0.4375 53
213 0.5 27
213 0.5625 32
213 0.625 47
213 0.6875 70
213 0.75 104
213 0.8125 131
213 0.875 146
213 0.9375 162
214 0 134
214 0.0625 102
214 0.125 70
214 0.1875 50
214 0.25 37
214 0.3125 37
214 0.375 33
214 0.4375 26
214 0.5 29
214 0.5625 25
214 0.625 39
214 0.6875 69
214 0.75 91
214 0.8125 122
214 0.875 148
214 0.9375 181
215 0 132
215 0.0625 97
215 0.125 68
215 0.1875 61
215 0.25 46
215 0.3125 29
215 0.375 34
215 0.4375 33
215 0.5 36
215 0.5625 36
215 0.625 33
215 0.6875 50
215 0.75 103
215 0.8125 113
215 0.875 157
215 0.9375 167
216 0 133
216 0.0625 94
216 0.125 72
216 0.1875 57
216 0.25 41
216 0.3125 28
216 0.375 36
216 0.4375 22
216 0.5 26
216 0.5625 27
216 0.625 32
216 0.6875 46
216 0.75 80
216 0.8125 121
216 0.875 125
216 0.9375 144
217 0 124
217 0.0625 93
217 0.125 65
217 0.1875 39
217 0.25 27
217 0.3125 29
217 0.375 28
217 0.4375 22
217 0.5 26
217 0.5625 33
217 0.625 35
217 0.6875 54
217 0.75 86
217 0.8125 105
217 0.875 125
217 0.9375 125
218 0 109
218 0.0625 89
218 0.125 50
218 0.1875 58
218 0.25 49
218 0.3125 24
218 0.375 27
218 0.4375 20
218 0.5 24
218 0.5625 20
218 0.625 23
218 0.6875 59
218 0.75 77
218 0.8125 103
218 0.875 120
218 0.9375 124
219 0 107
219 0.0625 85
219 0.125 67
219 0.1875 48
219 0.25 27
219 0.3125 33
219 0.375 25
219 0.4375 24
219 0.5 28
219 0.5625 18
219 0.625 33
219 0.6875 37
219 0.75 71
219 0.8125 104
219 0.875 111
219 0.9375 105
220 0 97
220 0.0625 75
220 0.125 51
220 0.1875 42
220 0.25 28
220 0.3125 26
220 0.375 22
220 0.4375 26
220 0.5 32
220 0.5625 28
220 0.625 30
220 0.6875 41
220 0.75 64
220 0.8125 75
220 0.875 108
220 0.9375 90
221 0 104
221 0.0625 76
221 0.125 60
221 0.1875 40
221 0.25 32
221 0.3125 29
221 0.375 24
221 0.4375 20
221 0.5 21
221 0.5625 19
221 0.625 34
221 0.6875 43
221 0.75 44
221 0.8125 92
221 0.875 110
221 0.9375 90
222 0 103
222 0.0625 79
222 0.125 48
222 0.1875 43
222 0.25 33
222 0.3125 33
222 0.375 23
222 0.4375 24
222 0.5 23
222 0.5625 28
222 0.625 34
222 0.6875 44
222 0.75 71
222 0.8125 96
222 0.875 108
222 0.9375 98
223 0 72
223 0.0625 73
223 0.125 48
223 0.1875 31
223 0.25 29
223 0.3125 27
223 0.375 24
223 0.4375 21
223 0.5 21
223 0.5625 22
223 0.625 21
223 0.6875 42
223 0.75 64
223 0.8125 71
223 0.875 85
223 0.9375 112
224 0 88
224 0.0625 65
224 0.125 55
224 0.1875 49
224 0.25 36
224 0.3125 20
224 0.375 31
224 0.4375 22
224 0.5 18
224 0.5625 18
224 0.625 32
224 0.6875 45
224 0.75 60
224 0.8125 73
224 0.875 81
224 0.9375 94
225 0 90
225 0.0625 71
225 0.125 51
225 0.1875 28
225 0.25 28
225 0.3125 30
225 0.375 17
225 0.4375 19
225 0.5 22
225 0.5625 18
225 0.625 23
225 0.6875 38
225 0.75 57
225 0.8125 78
225 0.875 101
225 0.9375 88
226 0 73
226 0.0625 62
226 0.125 48
226 0.1875 37
226 0.25 33
226 0.3125 18
226 0.375 22
226 0.4375 22
226 0.5 18
226 0.5625 19
226 0.625 15
226 0.6875 37
226 0.75 65
226 0.8125 78
226 0.875 93
226 0.9375 88
227 0 66
227 0.0625 66
227 0.125 52
227 0.1875 33
227 0.25 30
227 0.3125 22
227 0.375 21
227 0.4375 20
227 0.5 20
227 0.5625 17
227 0.625 27
227 0.6875 35
227 0.75 51
227 0.8125 72
227 0.875 82
227 0.9375 78
228 0 68
228 0.0625 72
228 0.125 49
228 0.1875 50
228 0.25 25
228 0.3125 26
228 0.375 24
228 0.4375 16
228 0.5 18
228 0.5625 25
228 0.625 28
228 0.6875 42
228 0.75 60
228 0.8125 68
228 0.875 83
228 0.9375 95
229 0 74
229 0.0625 59
229 0.125 38
229 0.1875 28
229 0.25 26
229 0.3125 17
229 0.375 14
229 0.4375 27
229 0.5 23
229 0.5625 33
229 0.625 15
229 0.6875 41
229 0.75 60
229 0.8125 61
229 0.875 110
229 0.9375 100
230 0 74
230 0.0625 65
230 0.125 49
230 0.1875 35
230 0.25 31
230 0.3125 29
230 0.375 24
230 0.4375 24
230 0.5 21
230 0.5625 24
230 0.625 29
230 0.6875 42
230 0.75 59
230 0.8125 72
230 0.875 82
230 0.9375 78
231 0 70
231 0.0625 61
231 0.125 45
231 0.1875 46
231 0.25 33
231 0.3125 18
231 0.375 21
231 0.4375 23
231 0.5 22
231 0.5625 19
231 0.625 25
231 0.6875 45
231 0.75 50
231 0.8125 77
231 0.875 86
231 0.9375 95
232 0 79
232 0.0625 62
232 0.125 36
232 0.1875 28
232 0.25 24
232 0.3125 27
232 0.375 21
232 0.4375 21
232 0.5 18
232 0.5625 17
232 0.625 27
232 0.6875 40
232 0.75 48
232 0.8125 81
232 0.875 86
232 0.9375 99
233 0 74
233 0.0625 71
233 0.125 36
233 0.1875 26
233 0.25 33
233 0.3125 21
233 0.375 27
233 0.4375 25
233 0.5 20
233 0.5625 18
233 0.625 17
233 0.6875 33
233 0.75 51
233 0.8125 60
233 0.875 95
233 0.9375 79
234 0 81
234 0.0625 57
234 0.125 32
234 0.1875 26
234 0.25 20
234 0.3125 30
234 0.375 11
234 0.4375 21
234 0.5 18
234 0.5625 25
234 0.625 24
234 0.6875 39
234 0.75 48
234 0.8125 65
234 0.875 87
234 0.9375 90
235 0 60
235 0.0625 69
235 0.125 44
235 0.1875 43
235 0.25 32
235 0.3125 29
235 0.375 14
235 0.4375 17
235 0.5 23
235 0.5625 24
235 0.625 24
235 0.6875 42
235 0.75 61
235 0.8125 79
235 0.875 85
235 0.9375 95
236 0 71
236 0.0625 66
236 0.125 43
236 0.1875 24
236 0.25 30
236 0.3125 29
236 0.375 20
236 0.4375 15
236 0.5 25
236 0.5625 17
236 0.625 26
236 0.6875 42
236 0.75 54
236 0.8125 71
236 0.875 83
236 0.9375 79
237 0 79
237 0.0625 70
237 0.125 51
237 0.1875 36
237 0.25 23
237 0.3125 17
237 0.375 20
237 0.4375 20
237 0.5 20
237 0.5625 27
237 0.625 24
237 0.6875 33
237 0.75 60
237 0.8125 72
237 0.875 73
237 0.9375 101
238 0 79
238 0.0625 55
238 0.125 45
238 0.1875 32
238 0.25 22
238 0.3125 17
238 0.375 11
238 0.4375 22
238 0.5 21
238 0.5625 29
238 0.625 23
238 0.6875 36
238 0.75 62
238 0.8125 74
238 0.875 99
238 0.9375 84
239 0 71
239 0.0625 58
239 0.125 48
239 0.1875 30
239 0.25 21
239 0.3125 29
239 0.375 20
239 0.4375 20
239 0.5 21
239 0.5625 18
239 0.625 26
239 0.6875 31
239 0.75 67
239 0.8125 70
239 0.875 84
239 0.9375 83
240 0 74
240 0.0625 55
240 0.125 51
240 0.1875 39
240 0.25 23
240 0.3125 13
240 0.375 23
240 0.4375 17
240 0.5 21
240 0.5625 35
240 0.625 32
240 0.6875 34
240 0.75 49
240 0.8125 66
240 0.875 77
240 0.9375 84
241 0 80
241 0.0625 45
241 0.125 31
241 0.1875 34
241 0.25 22
241 0.3125 26
241 0.375 20
241 0.4375 16
241 0.5 30
241 0.5625 15
241 0.625 29
241 0.6875 31
241 0.75 34
241 0.8125 75
241 0.875 68
241 0.9375 88
242 0 78
242 0.0625 67
242 0.125 41
242 0.1875 29
242 0.25 22
242 0.3125 23
242 0.375 16
242 0.4375 23
242 0.5 27
242 0.5625 14
242 0.625 19
242 0.6875 48
242 0.75 43
242 0.8125 75
242 0.875 81
242 0.9375 80
243 0 69
243 0.0625 58
243 0.125 41
243 0.1875 29
243 0.25 28
243 0.3125 20
243 0.375 19
243 0.4375 20
243 0.5 13
243 0.5625 22
243 0.625 32
243 0.6875 26
243 0.75 55
243 0.8125 70
243 0.875 92
243 0.9375 82
244 0 73
244 0.0625 41
244 0.125 42
244 0.1875 31
244 0.25 31
244 0.3125 14
244 0.375 22
244 0.4375 22
244 0.5 16
244 0.5625 14
244 0.625 35
244 0.6875 32
244 0.75 55
244 0.8125 78
244 0.875 64
244 0.9375 87
245 0 79
245 0.0625 56
245 0.125 44
245 0.1875 33
245 0.25 24
245 0.3125 24
245 0.375 22
245 0.4375 21
245 0.5 19
245 0.5625 20
245 0.625 19
245 0.6875 49
245 0.75 47
245 0.8125 67
245 0.875 78
245 0.9375 75
246 0 74
246 0.0625 44
246 0.125 52
246 0.1875 31
246 0.25 27
246 0.3125 22
246 0.375 15
246 0.4375 17
246 0.5 14
246 0.5625 21
246 0.625 24
246 0.6875 36
246 0.75 66
246 0.8125 66
246 0.875 74
246 0.9375 75
247 0 74
247 0.0625 53
247 0.125 34
247 0.1875 32
247 0.25 21
247 0.3125 30
247 0.375 22
247 0.4375 13
247 0.5 21
247 0.5625 17
247 0.625 27
247 0.6875 28
247 0.75 64
247 0.8125 68
247 0.875 79
247 0.9375 86
248 0 61
248 0.0625 43
248 0.125 52
248 0.1875 31
248 0.25 21
248 0.3125 31
248 0.375 23
248 0.4375 19
248 0.5 31
248 0.5625 29
248 0.625 25
248 0.6875 19
248 0.75 49
248 0.8125 56
248 0.875 71
248 0.9375 73
249 0 49
249 0.0625 53
249 0.125 32
249 0.1875 34
249 0.25 33
249 0.3125 13
249 0.375 15
249 0.4375 18
249 0.5 25
249 0.5625 15
249 0.625 31
249 0.6875 24
249 0.75 49
249 0.8125 56
249 0.875 69
249 0.9375 78
250 0 61
250 0.0625 52
250 0.125 33
250 0.1875 25
250 0.25 18
250 0.3125 22
250 0.375 31
250 0.4375 21
250 0.5 16
250 0.5625 18
250 0.625 22
250 0.6875 33
250 0.75 60
250 0.8125 53
250 0.875 89
250 0.9375 73
251 0 63
251 0.0625 47
251 0.125 37
251 0.1875 29
251 0.25 27
251 0.3125 25
251 0.375 14
251 0.4375 18
251 0.5 18
251 0.5625 15
251 0.625 18
251 0.6875 37
251 0.75 48
251 0.8125 84
251 0.875 76
251 0.9375 79
252 0 68
252 0.0625 52
252 0.125 37
252 0.1875 26
252 0.25 23
252 0.3125 18
252 0.375 24
252 0.4375 25
252 0.5 13
252 0.5625 18
252 0.625 23
252 0.6875 37
252 0.75 46
252 0.8125 68
252 0.875 71
252 0.9375 59
253 0 67
253 0.0625 38
253 0.125 35
253 0.1875 33
253 0.25 21
253 0.3125 28
253 0.375 20
253 0.4375 13
253 0.5 21
253 0.5625 19
253 0.625 30
253 0.6875 33
253 0.75 48
253 0.8125 74
253 0.875 70
253 0.9375 55
254 0 62
254 0.0625 38
254 0.125 43
254 0.1875 24
254 0.25 28
254 0.3125 16
254 0.375 13
254 0.4375 21
254 0.5 22
254 0.5625 21
254 0.625 27
254 0.6875 38
254 0.75 47
254 0.8125 56
254 0.875 63
254 0.9375 62
255 0 59
255 0.0625 55
255 0.125 33
255 0.1875 23
255 0.25 21
255 0.3125 26
255 0.375 23
255 0.4375 18
255 0.5 25
255 0.5625 18
255 0.625 13
255 0.6875 25
255 0.75 35
255 0.8125 62
255 0.875 68
255 0.9375 75
256 0 57
256 0.0625 57
256 0.125 41
256 0.1875 36
256 0.25 18
256 0.3125 18
256 0.375 18
256 0.4375 16
256 0.5 14
256 0.5625 22
256 0.625 21
256 0.6875 31
256 0.75 47
256 0.8125 73
256 0.875 65
256 0.9375 75
257 0 58
257 0.0625 38
257 0.125 31
257 0.1875 31
257 0.25 21
257 0.3125 23
257 0.375 15
257 0.4375 20
257 0.5 19
257 0.5625 20
257 0.625 27
257 0.6875 42
257 0.75 56
257 0.8125 53
257 0.875 70
257 0.9375 71
258 0 58
258 0.0625 45
258 0.125 39
258 0.1875 21
258 0.25 24
258 0.3125 20
258 0.375 28
258 0.4375 19
258 0.5 19
258 0.5625 25
258 0.625 29
258 0.6875 33
258 0.75 39
258 0.8125 64
258 0.875 68
258 0.9375 63
259 0 59
259 0.0625 57
259 0.125 31
259 0.1875 27
259 0.25 20
259 0.3125 22
259 0.375 23
259 0.4375 22
259 0.5 19
259 0.5625 17
259 0.625 20
259 0.6875 35
259 0.75 45
259 0.8125 58
259 0.875 66
259 0.9375 62
260 0 52
260 0.0625 57
260 0.125 38
260 0.1875 22
260 0.25 37
260 0.3125 26
260 0.375 27
260 0.4375 13
260 0.5 20
260 0.5625 13
260 0.625 18
260 0.6875 31
260 0.75 35
260 0.8125 57
260 0.875 59
260 0.9375 39
261 0 60
261 0.0625 45
261 0.125 32
261 0.1875 22
261 0.25 24
261 0.3125 20
261 0.375 19
261 0.4375 16
261 0.5 16
261 0.5625 19
261 0.625 15
261 0.6875 24
261 0.75 47
261 0.8125 63
261 0.875 71
261 0.9375 51
262 0 53
262 0.0625 37
262 0.125 21
262 0.1875 21
262 0.25 18
262 0.3125 16
262 0.375 20
262 0.4375 20
262 0.5 15
262 0.5625 20
262 0.625 14
262 0.6875 25
262 0.75 41
262 0.8125 52
262 0.875 69
262 0.9375 68
263 0 52
263 0.0625 50
263 0.125 28
263 0.1875 26
263 0.25 19
263 0.3125 18
263 0.375 15
263 0.4375 17
263 0.5 12
263 0.5625 21
263 0.625 19
263 0.6875 30
263 0.75 41
263 0.8125 50
263 0.875 65
263 0.9375 58
264 0 49
264 0.0625 44
264 0.125 35
264 0.1875 16
264 0.25 18
264 0.3125 13
264 0.375 15
264 0.4375 15
264 0.5 15
264 0.5625 15
264 0.625 15
264 0.6875 23
264 0.75 45
264 0.8125 51
264 0.875 58
264 0.9375 55
265 0 61
265 0.0625 38
265 0.125 27
265 0.1875 16
265 0.25 18
265 0.3125 12
265 0.375 21
265 0.4375 15
265 0.5 10
265 0.5625 16
265 0.625 19
265 0.6875 23
265 0.75 31
265 0.8125 49
265 0.875 44
265 0.9375 55
266 0 42
266 0.0625 30
266 0.125 38
266 0.1875 15
266 0.25 14
266 0.3125 18
266 0.375 15
266 0.4375 13
266 0.5 21
266 0.5625 15
266 0.625 16
266 0.6875 31
266 0.75 37
266 0.8125 37
266 0.875 61
266 0.9375 70
267 0 40
267 0.0625 37
267 0.125 37
267 0.1875 26
267 0.25 18
267 0.3125 11
267 0.375 18
267 0.4375 12
267 0.5 10
267 0.5625 13
267 0.625 15
267 0.6875 37
267 0.75 36
267 0.8125 46
267 0.875 63
267 0.9375 48
268 0 50
268 0.0625 31
268 0.125 17
268 0.1875 21
268 0.25 24
268 0.3125 12
268 0.375 18
268 0.4375 13
268 0.5 15
268 0.5625 17
268 0.625 15
268 0.6875 30
268 0.75 29
268 0.8125 41
268 0.875 45
268 0.9375 61
269 0 41
269 0.0625 47
269 0.125 22
269 0.1875 25
269 0.25 23
269 0.3125 12
269 0.375 14
269 0.4375 16
269 0.5 10
269 0.5625 15
269 0.625 20
269 0.6875 21
269 0.75 46
269 0.8125 49
269 0.875 58
269 0.9375 58
270 0 38
270 0.0625 20
270 0.125 28
270 0.1875 19
270 0.25 13
270 0.3125 12
270 0.375 15
270 0.4375 21
270 0.5 17
270 0.5625 12
270 0.625 12
270 0.6875 23
270 0.75 36
270 0.8125 46
270 0.875 51
270 0.9375 62
271 0 53
271 0.0625 37
271 0.125 34
271 0.1875 20
271 0.25 20
271 0.3125 17
271 0.375 20
271 0.4375 19
271 0.5 11
271 0.5625 15
271 0.625 21
271 0.6875 42
271 0.75 38
271 0.8125 43
271 0.875 55
271 0.9375 56
272 0 39
272 0.0625 35
272 0.125 32
272 0.1875 24
272 0.25 22
272 0.3125 17
272 0.375 13
272 0.4375 19
272 0.5 18
272 0.5625 14
272 0.625 24
272 0.6875 25
272 0.75 28
272 0.8125 46
272 0.875 48
272 0.9375 53
273 0 44
273 0.0625 46
273 0.125 30
273 0.1875 39
273 0.25 17
273 0.3125 18
273 0.375 14
273 0.4375 21
273 0.5 19
273 0.5625 11
273 0.625 22
273 0.6875 30
273 0.75 38
273 0.8125 44
273 0.875 39
273 0.9375 44
274 0 46
274 0.0625 29
274 0.125 18
274 0.1875 16
274 0.25 16
274 0.3125 18
274 0.375 20
274 0.4375 12
274 0.5 10
274 0.5625 11
274 0.625 20
274 0.6875 26
274 0.75 31
274 0.8125 43
274 0.875 34
274 0.9375 40
275 0 34
275 0.0625 39
275 0.125 28
275 0.1875 17
275 0.25 19
275 0.3125 13
275 0.375 18
275 0.4375 13
275 0.5 19
275 0.5625 9
275 0.625 15
275 0.6875 29
275 0.75 40
275 0.8125 38
275 0.875 41
275 0.9375 52
276 0 44
276 0.0625 44
276 0.125 26
276 0.1875 18
276 0.25 17
276 0.3125 16
276 0.375 25
276 0.4375 10
276 0.5 9
276 0.5625 28
276 0.625 12
276 0.6875 18
276 0.75 39
276 0.8125 40
276 0.875 46
276 0.9375 47
277 0 46
277 0.0625 29
277 0.125 27
277 0.1875 22
277 0.25 10
277 0.3125 11
277 0.375 18
277 0.4375 15
277 0.5 6
277 0.5625 10
277 0.625 13
277 0.6875 26
277 0.75 38
277 0.8125 38
277 0.875 55
277 0.9375 62
278 0 46
278 0.0625 34
278 0.125 34
278 0.1875 20
278 0.25 16
278 0.3125 14
278 0.375 14
278 0.4375 15
278 0.5 16
278 0.5625 13
278 0.625 16
278 0.6875 19
278 0.75 37
278 0.8125 39
278 0.875 44
278 0.9375 40
279 0 50
279 0.0625 34
279 0.125 22
279 0.1875 35
279 0.25 14
279 0.3125 11
279 0.375 18
279 0.4375 19
279 0.5 9
279 0.5625 18
279 0.625 16
279 0.6875 27
279 0.75 40
279 0.8125 27
279 0.875 51
279 0.9375 55
280 0 43
280 0.0625 37
280 0.125 26
280 0.1875 22
280 0.25 23
280 0.3125 14
280 0.375 14
280 0.4375 13
280 0.5 7
280 0.5625 21
280 0.625 15
280 0.6875 29
280 0.75 41
280 0.8125 47
280 0.875 63
280 0.9375 34
281 0 29
281 0.0625 38
281 0.125 19
281 0.1875 24
281 0.25 21
281 0.3125 15
281 0.375 8
281 0.4375 11
281 0.5 15
281 0.5625 13
281 0.625 18
281 0.6875 18
281 0.75 37
281 0.8125 46
281 0.875 48
281 0.9375 50
282 0 41
282 0.0625 40
282 0.125 23
282 0.1875 21
282 0.25 16
282 0.3125 16
282 0.375 17
282 0.4375 9
282 0.5 10
282 0.5625 11
282 0.625 17
282 0.6875 24
282 0.75 39
282 0.8125 38
282 0.875 48
282 0.9375 37
283 0 51
283 0.0625 23
283 0.125 29
283 0.1875 16
283 0.25 19
283 0.3125 18
283 0.375 10
283 0.4375 14
283 0.5 18
283 0.5625 14
283 0.625 19
283 0.6875 29
283 0.75 40
283 0.8125 32
283 0.875 34
283 0.9375 51
284 0 36
284 0.0625 35
284 0.125 27
284 0.1875 25
284 0.25 19
284 0.3125 22
284 0.375 24
284 0.4375 16
284 0.5 21
284 0.5625 17
284 0.625 17
284 0.6875 22
284 0.75 34
284 0.8125 38
284 0.875 46
284 0.9375 34
285 0 32
285 0.0625 36
285 0.125 22
285 0.1875 17
285 0.25 15
285 0.3125 11
285 0.375 11
285 0.4375 13
285 0.5 8
285 0.5625 16
285 0.625 13
285 0.6875 21
285 0.75 37
285 0.8125 48
285 0.875 49
285 0.9375 30
286 0 45
286 0.0625 43
286 0.125 25
286 0.1875 16
286 0.25 23
286 0.3125 14
286 0.375 18
286 0.4375 12
286 0.5 15
286 0.5625 13
286 0.625 16
286 0.6875 22
286 0.75 24
286 0.8125 41
286 0.875 45
286 0.9375 62
287 0 25
287 0.0625 27
287 0.125 34
287 0.1875 17
287 0.25 17
287 0.3125 14
287 0.375 12
287 0.4375 8
287 0.5 13
287 0.5625 15
287 0.625 17
287 0.6875 14
287 0.75 37
287 0.8125 35
287 0.875 47
287 0.9375 44
288 0 41
288 0.0625 34
288 0.125 30
288 0.1875 14
288 0.25 20
288 0.3125 18
288 0.375 22
288 0.4375 7
288 0.5 7
288 0.5625 11
288 0.625 8
288 0.6875 19
288 0.75 29
288 0.8125 46
288 0.875 45
288 0.9375 45
289 0 25
289 0.0625 33
289 0.125 16
289 0.1875 15
289 0.25 14
289 0.3125 17
289 0.375 14
289 0.4375 14
289 0.5 14
289 0.5625 7
289 0.625 9
289 0.6875 20
289 0.75 36
289 0.8125 44
289 0.875 47
289 0.9375 41
290 0 33
290 0.0625 27
290 0.125 33
290 0.1875 18
290 0.25 15
290 0.3125 15
290 0.375 14
290 0.4375 16
290 0.5 17
290 0.5625 21
290 0.625 18
290 0.6875 21
290 0.75 23
290 0.8125 38
290 0.875 41
290 0.9375 35
291 0 43
291 0.0625 29
291 0.125 30
291 0.1875 14
291 0.25 17
291 0.3125 15
291 0.375 13
291 0.4375 16
291 0.5 9
291 0.5625 12
291 0.625 19
291 0.6875 30
291 0.75 32
291 0.8125 34
291 0.875 51
291 0.9375 40
292 0 38
292 0.0625 30
292 0.125 17
292 0.1875 25
292 0.25 14
292 0.3125 8
292 0.375 17
292 0.4375 10
292 0.5 15
292 0.5625 18
292 0.625 26
292 0.6875 26
292 0.75 23
292 0.8125 33
292 0.875 38
292 0.9375 42
293 0 29
293 0.0625 25
293 0.125 16
293 0.1875 12
293 0.25 13
293 0.3125 14
293 0.375 12
293 0.4375 10
293 0.5 15
293 0.5625 15
293 0.625 15
293 0.6875 19
293 0.75 30
293 0.8125 38
293 0.875 32
293 0.9375 24
294 0 34
294 0.0625 31
294 0.125 24
294 0.1875 20
294 0.25 14
294 0.3125 9
294 0.375 13
294 0.4375 8
294 0.5 15
294 0.5625 10
294 0.625 23
294 0.6875 18
294 0.75 30
294 0.8125 44
294 0.875 38
294 0.9375 52
295 0 35
295 0.0625 31
295 0.125 17
295 0.1875 20
295 0.25 14
295 0.3125 11
295 0.375 12
295 0.4375 22
295 0.5 14
295 0.5625 12
295 0.625 14
295 0.6875 15
295 0.75 24
295 0.8125 36
295 0.875 28
295 0.9375 41
296 0 29
296 0.0625 21
296 0.125 17
296 0.1875 17
296 0.25 25
296 0.3125 21
296 0.375 15
296 0.4375 10
296 0.5 15
296 0.5625 10
296 0.625 14
296 0.6875 21
296 0.75 25
296 0.8125 23
296 0.875 49
296 0.9375 45
297 0 37
297 0.0625 25
297 0.125 25
297 0.1875 18
297 0.25 13
297 0.3125 8
297 0.375 16
297 0.4375 19
297 0.5 8
297 0.5625 8
297 0.625 10
297 0.6875 14
297 0.75 32
297 0.8125 30
297 0.875 39
297 0.9375 34
298 0 35
298 0.0625 29
298 0.125 29
298 0.1875 20
298 0.25 10
298 0.3125 15
298 0.375 19
298 0.4375 14
298 0.5 11
298 0.5625 15
298 0.625 21
298 0.6875 17
298 0.75 25
298 0.8125 34
298 0.875 34
298 0.9375 38
299 0 29
299 0.0625 20
299 0.125 16
299 0.1875 17
299 0.25 16
299 0.3125 11
299 0.375 13
299 0.4375 14
299 0.5 8
299 0.5625 9
299 0.625 9
299 0.6875 26
299 0.75 22
299 0.8125 30
299 0.875 39
299 0.9375 32
300 0 34
300 0.0625 21
300 0.125 12
300 0.1875 22
300 0.25 17
300 0.3125 13
300 0.375 16
300 0.4375 12
300 0.5 12
300 0.5625 16
300 0.625 17
300 0.6875 25
300 0.75 19
300 0.8125 37
300 0.875 29
300 0.9375 34
