1 0 453
1 0.0625 443
1 0.125 462
1 0.1875 434
1 0.25 461
1 0.3125 441
1 0.375 421
1 0.4375 418
1 0.5 394
1 0.5625 432
1 0.625 393
1 0.6875 461
1 0.75 450
1 0.8125 466
1 0.875 454
1 0.9375 462
2 0 544
2 0.0625 528
2 0.125 509
2 0.1875 511
2 0.25 492
2 0.3125 526
2 0.375 496
2 0.4375 435
2 0.5 505
2 0.5625 511
2 0.625 466
2 0.6875 536
2 0.75 535
2 0.8125 508
2 0.875 545
2 0.9375 541
3 0 626
3 0.0625 586
3 0.125 592
3 0.1875 577
3 0.25 594
3 0.3125 586
3 0.375 558
3 0.4375 570
3 0.5 575
3 0.5625 569
3 0.625 542
3 0.6875 520
3 0.75 580
3 0.8125 572
3 0.875 607
3 0.9375 589
4 0 654
4 0.0625 643
4 0.125 623
4 0.1875 618
4 0.25 612
4 0.3125 571
4 0.375 595
4 0.4375 593
4 0.5 557
4 0.5625 561
4 0.625 625
4 0.6875 608
4 0.75 607
4 0.8125 646
4 0.875 690
4 0.9375 679
5 0 664
5 0.0625 732
5 0.125 672
5 0.1875 640
5 0.25 628
5 0.3125 661
5 0.375 644
5 0.4375 619
5 0.5 599
5 0.5625 588
5 0.625 620
5 0.6875 654
5 0.75 670
5 0.8125 679
5 0.875 647
5 0.9375 688
6 0 775
6 0.0625 700
6 0.125 701
6 0.1875 707
6 0.25 664
6 0.3125 654
6 0.375 652
6 0.4375 646
6 0.5 649
6 0.5625 677
6 0.625 644
6 0.6875 648
6 0.75 684
6 0.8125 716
6 0.875 756
6 0.9375 768
7 0 764
7 0.0625 786
7 0.125 773
7 0.1875 733
7 0.25 716
7 0.3125 652
7 0.375 690
7 0.4375 714
7 0.5 689
7 0.5625 697
7 0.625 685
7 0.6875 669
7 0.75 747
7 0.8125 787
7 0.875 779
7 0.9375 812
8 0 765
8 0.0625 848
8 0.125 822
8 0.1875 801
8 0.25 758
8 0.3125 767
8 0.375 727
8 0.4375 709
8 0.5 718
8 0.5625 713
8 0.625 703
8 0.6875 727
8 0.75 824
8 0.8125 837
8 0.875 929
8 0.9375 924
9 0 966
9 0.0625 944
9 0.125 875
9 0.1875 853
9 0.25 869
9 0.3125 826
9 0.375 813
9 0.4375 793
9 0.5 756
9 0.5625 766
9 0.625 808
9 0.6875 802
9 0.75 846
9 0.8125 861
9 0.875 898
9 0.9375 885
10 0 992
10 0.0625 960
10 0.125 1020
10 0.1875 959
10 0.25 987
10 0.3125 810
10 0.375 867
10 0.4375 852
10 0.5 788
10 0.5625 905
10 0.625 881
10 0.6875 866
10 0.75 938
10 0.8125 991
10 0.875 1020
10 0.9375 1063
11 0 1172
11 0.0625 1115
11 0.125 1079
11 0.1875 1013
11 0.25 992
11 0.3125 956
11 0.375 926
11 0.4375 904
11 0.5 880
11 0.5625 877
11 0.625 872
11 0.6875 916
11 0.75 993
11 0.8125 1052
11 0.875 1173
11 0.9375 1174
12 0 1180
12 0.0625 1178
12 0.125 1152
12 0.1875 1095
12 0.25 1022
12 0.3125 991
12 0.375 1001
12 0.4375 919
12 0.5 950
12 0.5625 939
12 0.625 984
12 0.6875 1009
12 0.75 1069
12 0.8125 1091
12 0.875 1161
12 0.9375 1208
13 0 1333
13 0.0625 1260
13 0.125 1208
13 0.1875 1122
13 0.25 1059
13 0.3125 1050
13 0.375 1020
13 0.4375 955
13 0.5 1009
13 0.5625 985
13 0.625 1043
13 0.6875 1042
13 0.75 1170
13 0.8125 1159
13 0.875 1230
13 0.9375 1357
14 0 1359
14 0.0625 1374
14 0.125 1298
14 0.1875 1192
14 0.25 1112
14 0.3125 1027
14 0.375 1056
14 0.4375 1000
14 0.5 965
14 0.5625 1048
14 0.625 1010
14 0.6875 1109
14 0.75 1164
14 0.8125 1201
14 0.875 1299
14 0.9375 1339
15 0 1486
15 0.0625 1298
15 0.125 1313
15 0.1875 1210
15 0.25 1191
15 0.3125 1096
15 0.375 1070
15 0.4375 1009
15 0.5 1003
15 0.5625 1042
15 0.625 1073
15 0.6875 1058
15 0.75 1253
15 0.8125 1308
15 0.875 1460
15 0.9375 1481
16 0 1520
16 0.0625 1350
16 0.125 1301
16 0.1875 1276
16 0.25 1195
16 0.3125 1047
16 0.375 1091
16 0.4375 1068
16 0.5 1057
16 0.5625 1040
16 0.625 1094
16 0.6875 1112
16 0.75 1257
16 0.8125 1331
16 0.875 1369
16 0.9375 1506
17 0 1529
17 0.0625 1413
17 0.125 1295
17 0.1875 1283
17 0.25 1139
17 0.3125 1108
17 0.375 1079
17 0.4375 998
17 0.5 1018
17 0.5625 1021
17 0.625 1029
17 0.6875 1140
17 0.75 1279
17 0.8125 1382
17 0.875 1466
17 0.9375 1472
18 0 1434
18 0.0625 1407
18 0.125 1320
18 0.1875 1226
18 0.25 1193
18 0.3125 1068
18 0.375 1007
18 0.4375 1028
18 0.5 997
18 0.5625 962
18 0.625 1082
18 0.6875 1118
18 0.75 1196
18 0.8125 1341
18 0.875 1433
18 0.9375 1461
19 0 1421
19 0.0625 1435
19 0.125 1317
19 0.1875 1208
19 0.25 1179
19 0.3125 1034
19 0.375 991
19 0.4375 1001
19 0.5 971
19 0.5625 1015
19 0.625 991
19 0.6875 1059
19 0.75 1183
19 0.8125 1337
19 0.875 1406
19 0.9375 1439
20 0 1491
20 0.0625 1362
20 0.125 1266
20 0.1875 1174
20 0.25 1059
20 0.3125 1013
20 0.375 926
20 0.4375 980
20 0.5 915
20 0.5625 927
20 0.625 950
20 0.6875 1037
20 0.75 1141
20 0.8125 1327
20 0.875 1442
20 0.9375 1439
21 0 1349
21 0.0625 1367
21 0.125 1220
21 0.1875 1145
21 0.25 1031
21 0.3125 1013
21 0.375 903
21 0.4375 869
21 0.5 862
21 0.5625 865
21 0.625 917
21 0.6875 1027
21 0.75 1071
21 0.8125 1273
21 0.875 1392
21 0.9375 1410
22 0 1437
22 0.0625 1327
22 0.125 1186
22 0.1875 1182
22 0.25 976
22 0.3125 961
22 0.375 856
22 0.4375 777
22 0.5 862
22 0.5625 805
22 0.625 898
22 0.6875 992
22 0.75 1145
22 0.8125 1234
22 0.875 1345
22 0.9375 1404
23 0 1413
23 0.0625 1292
23 0.125 1230
23 0.1875 1144
23 0.25 1016
23 0.3125 878
23 0.375 915
23 0.4375 787
23 0.5 836
23 0.5625 823
23 0.625 851
23 0.6875 937
23 0.75 1093
23 0.8125 1226
23 0.875 1345
23 0.9375 1445
24 0 1402
24 0.0625 1317
24 0.125 1210
24 0.1875 1033
24 0.25 993
24 0.3125 939
24 0.375 791
24 0.4375 818
24 0.5 804
24 0.5625 840
24 0.625 840
24 0.6875 942
24 0.75 1012
24 0.8125 1236
24 0.875 1372
24 0.9375 1485
25 0 1381
25 0.0625 1363
25 0.125 1240
25 0.1875 1060
25 0.25 927
25 0.3125 948
25 0.375 810
25 0.4375 808
25 0.5 819
25 0.5625 741
25 0.625 847
25 0.6875 963
25 0.75 1083
25 0.8125 1265
25 0.875 1401
25 0.9375 1459
26 0 1484
26 0.0625 1382
26 0.125 1240
26 0.1875 1090
26 0.25 975
26 0.3125 848
26 0.375 884
26 0.4375 768
26 0.5 776
26 0.5625 778
26 0.625 804
26 0.6875 946
26 0.75 1094
26 0.8125 1329
26 0.875 1418
26 0.9375 1508
27 0 1499
27 0.0625 1349
27 0.125 1224
27 0.1875 1057
27 0.25 983
27 0.3125 879
27 0.375 819
27 0.4375 836
27 0.5 766
27 0.5625 761
27 0.625 802
27 0.6875 948
27 0.75 1092
27 0.8125 1245
27 0.875 1453
27 0.9375 1490
28 0 1595
28 0.0625 1422
28 0.125 1208
28 0.1875 1113
28 0.25 954
28 0.3125 893
28 0.375 774
28 0.4375 822
28 0.5 766
28 0.5625 770
28 0.625 834
28 0.6875 898
28 0.75 1053
28 0.8125 1367
28 0.875 1469
28 0.9375 1520
29 0 1619
29 0.0625 1450
29 0.125 1258
29 0.1875 1191
29 0.25 1036
29 0.3125 888
29 0.375 720
29 0.4375 756
29 0.5 717
29 0.5625 736
29 0.625 784
29 0.6875 852
29 0.75 1104
29 0.8125 1262
29 0.875 1504
29 0.9375 1635
30 0 1478
30 0.0625 1389
30 0.125 1258
30 0.1875 1145
30 0.25 927
30 0.3125 897
30 0.375 733
30 0.4375 741
30 0.5 703
30 0.5625 718
30 0.625 791
30 0.6875 891
30 0.75 1103
30 0.8125 1345
30 0.875 1456
30 0.9375 1533
31 0 1564
31 0.0625 1458
31 0.125 1278
31 0.1875 1068
31 0.25 933
31 0.3125 832
31 0.375 763
31 0.4375 772
31 0.5 679
31 0.5625 766
31 0.625 761
31 0.6875 890
31 0.75 1072
31 0.8125 1298
31 0.875 1495
31 0.9375 1612
32 0 1592
32 0.0625 1388
32 0.125 1312
32 0.1875 1077
32 0.25 845
32 0.3125 790
32 0.375 765
32 0.4375 708
32 0.5 767
32 0.5625 712
32 0.625 766
32 0.6875 899
32 0.75 1092
32 0.8125 1302
32 0.875 1472
32 0.9375 1586
33 0 1542
33 0.0625 1468
33 0.125 1302
33 0.1875 1081
33 0.25 912
33 0.3125 807
33 0.375 750
33 0.4375 686
33 0.5 700
33 0.5625 680
33 0.625 690
33 0.6875 885
33 0.75 1021
33 0.8125 1288
33 0.875 1527
33 0.9375 1521
34 0 1635
34 0.0625 1440
34 0.125 1197
34 0.1875 1078
34 0.25 906
34 0.3125 831
34 0.375 716
34 0.4375 680
34 0.5 705
34 0.5625 664
34 0.625 664
34 0.6875 858
34 0.75 1091
34 0.8125 1339
34 0.875 1473
34 0.9375 1643
35 0 1541
35 0.0625 1380
35 0.125 1264
35 0.1875 1078
35 0.25 913
35 0.3125 802
35 0.375 727
35 0.4375 669
35 0.5 635
35 0.5625 629
35 0.625 678
35 0.6875 838
35 0.75 1098
35 0.8125 1283
35 0.875 1473
35 0.9375 1597
36 0 1639
36 0.0625 1473
36 0.125 1240
36 0.1875 1098
36 0.25 882
36 0.3125 712
36 0.375 656
36 0.4375 608
36 0.5 642
36 0.5625 636
36 0.625 710
36 0.6875 829
36 0.75 1107
36 0.8125 1341
36 0.875 1580
36 0.9375 1589
37 0 1584
37 0.0625 1444
37 0.125 1232
37 0.1875 1017
37 0.25 906
37 0.3125 754
37 0.375 676
37 0.4375 645
37 0.5 669
37 0.5625 619
37 0.625 702
37 0.6875 829
37 0.75 1022
37 0.8125 1288
37 0.875 1563
37 0.9375 1632
38 0 1595
38 0.0625 1434
38 0.125 1268
38 0.1875 1055
38 0.25 888
38 0.3125 783
38 0.375 721
38 0.4375 672
38 0.5 597
38 0.5625 629
38 0.625 684
38 0.6875 830
38 0.75 1059
38 0.8125 1350
38 0.875 1500
38 0.9375 1677
39 0 1634
39 0.0625 1558
39 0.125 1270
39 0.1875 1058
39 0.25 916
39 0.3125 687
39 0.375 669
39 0.4375 598
39 0.5 626
39 0.5625 614
39 0.625 656
39 0.6875 829
39 0.75 1126
39 0.8125 1314
39 0.875 1563
39 0.9375 1662
40 0 1672
40 0.0625 1527
40 0.125 1296
40 0.1875 1056
40 0.25 855
40 0.3125 725
40 0.375 675
40 0.4375 616
40 0.5 601
40 0.5625 602
40 0.625 646
40 0.6875 803
40 0.75 1130
40 0.8125 1367
40 0.875 1543
40 0.9375 1826
41 0 1715
41 0.0625 1565
41 0.125 1223
41 0.1875 1061
41 0.25 824
41 0.3125 706
41 0.375 647
41 0.4375 567
41 0.5 589
41 0.5625 572
41 0.625 564
41 0.6875 829
41 0.75 1070
41 0.8125 1337
41 0.875 1548
41 0.9375 1726
42 0 1664
42 0.0625 1497
42 0.125 1240
42 0.1875 1024
42 0.25 859
42 0.3125 678
42 0.375 605
42 0.4375 603
42 0.5 600
42 0.5625 599
42 0.625 595
42 0.6875 797
42 0.75 1031
42 0.8125 1394
42 0.875 1548
42 0.9375 1678
43 0 1626
43 0.0625 1497
43 0.125 1272
43 0.1875 1001
43 0.25 851
43 0.3125 664
43 0.375 618
43 0.4375 571
43 0.5 553
43 0.5625 583
43 0.625 641
43 0.6875 785
43 0.75 1089
43 0.8125 1309
43 0.875 1587
43 0.9375 1687
44 0 1638
44 0.0625 1446
44 0.125 1240
44 0.1875 968
44 0.25 849
44 0.3125 675
44 0.375 606
44 0.4375 559
44 0.5 533
44 0.5625 558
44 0.625 597
44 0.6875 763
44 0.75 1051
44 0.8125 1345
44 0.875 1504
44 0.9375 1673
45 0 1579
45 0.0625 1429
45 0.125 1203
45 0.1875 976
45 0.25 791
45 0.3125 641
45 0.375 558
45 0.4375 561
45 0.5 526
45 0.5625 526
45 0.625 576
45 0.6875 799
45 0.75 1013
45 0.8125 1255
45 0.875 1489
45 0.9375 1660
46 0 1563
46 0.0625 1474
46 0.125 1184
46 0.1875 991
46 0.25 778
46 0.3125 647
46 0.375 547
46 0.4375 495
46 0.5 504
46 0.5625 471
46 0.625 563
46 0.6875 713
46 0.75 960
46 0.8125 1345
46 0.875 1591
46 0.9375 1666
47 0 1608
47 0.0625 1402
47 0.125 1157
47 0.1875 989
47 0.25 761
47 0.3125 612
47 0.375 570
47 0.4375 502
47 0.5 455
47 0.5625 510
47 0.625 599
47 0.6875 693
47 0.75 982
47 0.8125 1331
47 0.875 1554
47 0.9375 1635
48 0 1538
48 0.0625 1424
48 0.125 1132
48 0.1875 937
48 0.25 730
48 0.3125 597
48 0.375 580
48 0.4375 526
48 0.5 471
48 0.5625 504
48 0.625 516
48 0.6875 720
48 0.75 941
48 0.8125 1186
48 0.875 1501
48 0.9375 1688
49 0 1535
49 0.0625 1409
49 0.125 1136
49 0.1875 921
49 0.25 745
49 0.3125 582
49 0.375 540
49 0.4375 452
49 0.5 445
49 0.5625 441
49 0.625 548
49 0.6875 679
49 0.75 1015
49 0.8125 1219
49 0.875 1533
49 0.9375 1674
50 0 1529
50 0.0625 1366
50 0.125 1151
50 0.1875 870
50 0.25 720
50 0.3125 603
50 0.375 488
50 0.4375 503
50 0.5 460
50 0.5625 469
50 0.625 531
50 0.6875 657
50 0.75 874
50 0.8125 1250
50 0.875 1543
50 0.9375 1574
51 0 1523
51 0.0625 1375
51 0.125 1191
51 0.1875 915
51 0.25 691
51 0.3125 597
51 0.375 490
51 0.4375 458
51 0.5 443
51 0.5625 440
51 0.625 535
51 0.6875 709
51 0.75 957
51 0.8125 1292
51 0.875 1542
51 0.9375 1643
52 0 1575
52 0.0625 1421
52 0.125 1168
52 0.1875 870
52 0.25 704
52 0.3125 593
52 0.375 564
52 0.4375 457
52 0.5 429
52 0.5625 445
52 0.625 509
52 0.6875 653
52 0.75 944
52 0.8125 1281
52 0.875 1436
52 0.9375 1664
53 0 1586
53 0.0625 1347
53 0.125 1169
53 0.1875 918
53 0.25 691
53 0.3125 599
53 0.375 482
53 0.4375 415
53 0.5 432
53 0.5625 421
53 0.625 445
53 0.6875 669
53 0.75 1002
53 0.8125 1267
53 0.875 1652
53 0.9375 1619
54 0 1596
54 0.0625 1366
54 0.125 1183
54 0.1875 919
54 0.25 667
54 0.3125 583
54 0.375 498
54 0.4375 447
54 0.5 419
54 0.5625 389
54 0.625 465
54 0.6875 673
54 0.75 915
54 0.8125 1190
54 0.875 1470
54 0.9375 1619
55 0 1597
55 0.0625 1424
55 0.125 1103
55 0.1875 844
55 0.25 662
55 0.3125 565
55 0.375 475
55 0.4375 417
55 0.5 409
55 0.5625 369
55 0.625 446
55 0.6875 625
55 0.75 967
55 0.8125 1262
55 0.875 1477
55 0.9375 1652
56 0 1555
56 0.0625 1407
56 0.125 1112
56 0.1875 915
56 0.25 644
56 0.3125 532
56 0.375 481
56 0.4375 441
56 0.5 389
56 0.5625 386
56 0.625 480
56 0.6875 660
56 0.75 947
56 0.8125 1254
56 0.875 1496
56 0.9375 1636
57 0 1589
57 0.0625 1476
57 0.125 1080
57 0.1875 828
57 0.25 681
57 0.3125 507
57 0.375 431
57 0.4375 432
57 0.5 392
57 0.5625 393
57 0.625 460
57 0.6875 665
57 0.75 915
57 0.8125 1259
57 0.875 1535
57 0.9375 1574
58 0 1544
58 0.0625 1412
58 0.125 1118
58 0.1875 807
58 0.25 693
58 0.3125 511
58 0.375 459
58 0.4375 424
58 0.5 379
58 0.5625 414
58 0.625 502
58 0.6875 665
58 0.75 942
58 0.8125 1310
58 0.875 1518
58 0.9375 1637
59 0 1576
59 0.0625 1372
59 0.125 1114
59 0.1875 823
59 0.25 653
59 0.3125 521
59 0.375 422
59 0.4375 416
59 0.5 378
59 0.5625 379
59 0.625 430
59 0.6875 674
59 0.75 937
59 0.8125 1227
59 0.875 1654
59 0.9375 1618
60 0 1538
60 0.0625 1405
60 0.125 1144
60 0.1875 818
60 0.25 679
60 0.3125 513
60 0.375 453
60 0.4375 419
60 0.5 337
60 0.5625 394
60 0.625 470
60 0.6875 644
60 0.75 956
60 0.8125 1259
60 0.875 1539
60 0.9375 1707
61 0 1567
61 0.0625 1370
61 0.125 1092
61 0.1875 793
61 0.25 696
61 0.3125 503
61 0.375 455
61 0.4375 419
61 0.5 393
61 0.5625 340
61 0.625 402
61 0.6875 585
61 0.75 958
61 0.8125 1205
61 0.875 1556
61 0.9375 1696
62 0 1576
62 0.0625 1309
62 0.125 1089
62 0.1875 850
62 0.25 636
62 0.3125 512
62 0.375 403
62 0.4375 400
62 0.5 384
62 0.5625 374
62 0.625 447
62 0.6875 629
62 0.75 964
62 0.8125 1238
62 0.875 1532
62 0.9375 1641
63 0 1590
63 0.0625 1386
63 0.125 1043
63 0.1875 869
63 0.25 616
63 0.3125 499
63 0.375 422
63 0.4375 401
63 0.5 356
63 0.5625 369
63 0.625 402
63 0.6875 668
63 0.75 870
63 0.8125 1273
63 0.875 1491
63 0.9375 1669
64 0 1601
64 0.0625 1315
64 0.125 1083
64 0.1875 856
64 0.25 630
64 0.3125 505
64 0.375 437
64 0.4375 398
64 0.5 332
64 0.5625 325
64 0.625 441
64 0.6875 604
64 0.75 932
64 0.8125 1256
64 0.875 1564
64 0.9375 1673
65 0 1638
65 0.0625 1447
65 0.125 1090
65 0.1875 831
65 0.25 642
65 0.3125 489
65 0.375 403
65 0.4375 371
65 0.5 346
65 0.5625 356
65 0.625 384
65 0.6875 582
65 0.75 938
65 0.8125 1219
65 0.875 1493
65 0.9375 1624
66 0 1524
66 0.0625 1317
66 0.125 1057
66 0.1875 770
66 0.25 627
66 0.3125 463
66 0.375 392
66 0.4375 377
66 0.5 371
66 0.5625 359
66 0.625 366
66 0.6875 629
66 0.75 970
66 0.8125 1242
66 0.875 1477
66 0.9375 1699
67 0 1553
67 0.0625 1376
67 0.125 1047
67 0.1875 816
67 0.25 599
67 0.3125 468
67 0.375 392
67 0.4375 330
67 0.5 346
67 0.5625 344
67 0.625 408
67 0.6875 547
67 0.75 883
67 0.8125 1300
67 0.875 1483
67 0.9375 1639
68 0 1545
68 0.0625 1311
68 0.125 1003
68 0.1875 796
68 0.25 610
68 0.3125 471
68 0.375 350
68 0.4375 368
68 0.5 321
68 0.5625 344
68 0.625 403
68 0.6875 606
68 0.75 914
68 0.8125 1269
68 0.875 1456
68 0.9375 1662
69 0 1572
69 0.0625 1397
69 0.125 985
69 0.1875 743
69 0.25 573
69 0.3125 414
69 0.375 398
69 0.4375 292
69 0.5 349
69 0.5625 334
69 0.625 401
69 0.6875 538
69 0.75 908
69 0.8125 1164
69 0.875 1452
69 0.9375 1592
70 0 1562
70 0.0625 1315
70 0.125 1040
70 0.1875 788
70 0.25 538
70 0.3125 417
70 0.375 367
70 0.4375 356
70 0.5 340
70 0.5625 336
70 0.625 383
70 0.6875 566
70 0.75 870
70 0.8125 1284
70 0.875 1478
70 0.9375 1596
71 0 1532
71 0.0625 1308
71 0.125 1050
71 0.1875 802
71 0.25 627
71 0.3125 457
71 0.375 385
71 0.4375 308
71 0.5 319
71 0.5625 316
71 0.625 363
71 0.6875 602
71 0.75 873
71 0.8125 1259
71 0.875 1438
71 0.9375 1621
72 0 1523
72 0.0625 1286
72 0.125 1039
72 0.1875 730
72 0.25 598
72 0.3125 455
72 0.375 398
72 0.4375 331
72 0.5 302
72 0.5625 267
72 0.625 374
72 0.6875 579
72 0.75 877
72 0.8125 1153
72 0.875 1530
72 0.9375 1578
73 0 1446
73 0.0625 1319
73 0.125 980
73 0.1875 770
73 0.25 592
73 0.3125 487
73 0.375 376
73 0.4375 297
73 0.5 295
73 0.5625 300
73 0.625 376
73 0.6875 536
73 0.75 847
73 0.8125 1058
73 0.875 1406
73 0.9375 1555
74 0 1501
74 0.0625 1261
74 0.125 960
74 0.1875 761
74 0.25 567
74 0.3125 424
74 0.375 323
74 0.4375 315
74 0.5 306
74 0.5625 279
74 0.625 315
74 0.6875 553
74 0.75 875
74 0.8125 1195
74 0.875 1470
74 0.9375 1561
75 0 1436
75 0.0625 1257
75 0.125 942
75 0.1875 755
75 0.25 524
75 0.3125 460
75 0.375 331
75 0.4375 314
75 0.5 320
75 0.5625 292
75 0.625 397
75 0.6875 556
75 0.75 873
75 0.8125 1137
75 0.875 1466
75 0.9375 1559
76 0 1448
76 0.0625 1244
76 0.125 1022
76 0.1875 738
76 0.25 534
76 0.3125 408
76 0.375 315
76 0.4375 291
76 0.5 293
76 0.5625 261
76 0.625 360
76 0.6875 525
76 0.75 807
76 0.8125 1131
76 0.875 1430
76 0.9375 1652
77 0 1545
77 0.0625 1258
77 0.125 947
77 0.1875 740
77 0.25 526
77 0.3125 402
77 0.375 295
77 0.4375 289
77 0.5 251
77 0.5625 315
77 0.625 368
77 0.6875 555
77 0.75 828
77 0.8125 1190
77 0.875 1431
77 0.9375 1531
78 0 1399
78 0.0625 1262
78 0.125 1017
78 0.1875 679
78 0.25 496
78 0.3125 377
78 0.375 302
78 0.4375 307
78 0.5 268
78 0.5625 285
78 0.625 333
78 0.6875 544
78 0.75 844
78 0.8125 1212
78 0.875 1442
78 0.9375 1492
79 0 1457
79 0.0625 1279
79 0.125 961
79 0.1875 695
79 0.25 531
79 0.3125 427
79 0.375 312
79 0.4375 279
79 0.5 277
79 0.5625 266
79 0.625 340
79 0.6875 514
79 0.75 861
79 0.8125 1174
79 0.875 1412
79 0.9375 1536
80 0 1412
80 0.0625 1213
80 0.125 952
80 0.1875 678
80 0.25 527
80 0.3125 362
80 0.375 344
80 0.4375 269
80 0.5 260
80 0.5625 276
80 0.625 321
80 0.6875 530
80 0.75 787
80 0.8125 1071
80 0.875 1447
80 0.9375 1540
81 0 1454
81 0.0625 1234
81 0.125 925
81 0.1875 686
81 0.25 523
81 0.3125 395
81 0.375 334
81 0.4375 331
81 0.5 278
81 0.5625 246
81 0.625 323
81 0.6875 546
81 0.75 780
81 0.8125 1172
81 0.875 1388
81 0.9375 1498
82 0 1474
82 0.0625 1171
82 0.125 934
82 0.1875 700
82 0.25 496
82 0.3125 408
82 0.375 287
82 0.4375 295
82 0.5 294
82 0.5625 269
82 0.625 312
82 0.6875 524
82 0.75 799
82 0.8125 1080
82 0.875 1348
82 0.9375 1431
83 0 1373
83 0.0625 1178
83 0.125 913
83 0.1875 664
83 0.25 502
83 0.3125 361
83 0.375 302
83 0.4375 263
83 0.5 290
83 0.5625 225
83 0.625 274
83 0.6875 541
83 0.75 815
83 0.8125 1173
83 0.875 1408
83 0.9375 1492
84 0 1379
84 0.0625 1209
84 0.125 921
84 0.1875 687
84 0.25 499
84 0.3125 362
84 0.375 303
84 0.4375 289
84 0.5 245
84 0.5625 258
84 0.625 332
84 0.6875 510
84 0.75 754
84 0.8125 1135
84 0.875 1407
84 0.9375 1487
85 0 1346
85 0.0625 1079
85 0.125 857
85 0.1875 677
85 0.25 473
85 0.3125 361
85 0.375 289
85 0.4375 248
85 0.5 243
85 0.5625 228
85 0.625 297
85 0.6875 470
85 0.75 764
85 0.8125 1034
85 0.875 1355
85 0.9375 1452
86 0 1346
86 0.0625 1160
86 0.125 892
86 0.1875 635
86 0.25 463
86 0.3125 363
86 0.375 270
86 0.4375 226
86 0.5 241
86 0.5625 225
86 0.625 311
86 0.6875 493
86 0.75 772
86 0.8125 1123
86 0.875 1381
86 0.9375 1426
87 0 1346
87 0.0625 1126
87 0.125 857
87 0.1875 645
87 0.25 452
87 0.3125 358
87 0.375 297
87 0.4375 239
87 0.5 258
87 0.5625 262
87 0.625 305
87 0.6875 486
87 0.75 769
87 0.8125 1049
87 0.875 1265
87 0.9375 1409
88 0 1355
88 0.0625 1107
88 0.125 810
88 0.1875 661
88 0.25 431
88 0.3125 357
88 0.375 280
88 0.4375 269
88 0.5 242
88 0.5625 229
88 0.625 265
88 0.6875 464
88 0.75 734
88 0.8125 1057
88 0.875 1315
88 0.9375 1402
89 0 1315
89 0.0625 1074
89 0.125 861
89 0.1875 648
89 0.25 455
89 0.3125 363
89 0.375 280
89 0.4375 285
89 0.5 200
89 0.5625 251
89 0.625 284
89 0.6875 473
89 0.75 734
89 0.8125 1023
89 0.875 1363
89 0.9375 1401
90 0 1292
90 0.0625 1106
90 0.125 845
90 0.1875 611
90 0.25 452
90 0.3125 304
90 0.375 247
90 0.4375 217
90 0.5 232
90 0.5625 223
90 0.625 307
90 0.6875 462
90 0.75 782
90 0.8125 1108
90 0.875 1348
90 0.9375 1366
91 0 1351
91 0.0625 1085
91 0.125 820
91 0.1875 601
91 0.25 432
91 0.3125 346
91 0.375 269
91 0.4375 256
91 0.5 217
91 0.5625 207
91 0.625 275
91 0.6875 449
91 0.75 728
91 0.8125 971
91 0.875 1336
91 0.9375 1294
92 0 1292
92 0.0625 1098
92 0.125 874
92 0.1875 579
92 0.25 411
92 0.3125 336
92 0.375 284
92 0.4375 231
92 0.5 246
92 0.5625 245
92 0.625 269
92 0.6875 396
92 0.75 698
92 0.8125 1016
92 0.875 1277
92 0.9375 1294
93 0 1347
93 0.0625 1108
93 0.125 842
93 0.1875 665
93 0.25 428
93 0.3125 326
93 0.375 261
93 0.4375 239
93 0.5 189
93 0.5625 224
93 0.625 265
93 0.6875 463
93 0.75 688
93 0.8125 1036
93 0.875 1201
93 0.9375 1400
94 0 1270
94 0.0625 1037
94 0.125 792
94 0.1875 576
94 0.25 423
94 0.3125 294
94 0.375 239
94 0.4375 227
94 0.5 234
94 0.5625 195
94 0.625 265
94 0.6875 459
94 0.75 739
94 0.8125 1018
94 0.875 1192
94 0.9375 1317
95 0 1180
95 0.0625 999
95 0.125 788
95 0.1875 541
95 0.25 420
95 0.3125 332
95 0.375 248
95 0.4375 236
95 0.5 197
95 0.5625 199
95 0.625 265
95 0.6875 475
95 0.75 712
95 0.8125 977
95 0.875 1193
95 0.9375 1322
96 0 1224
96 0.0625 996
96 0.125 808
96 0.1875 593
96 0.25 454
96 0.3125 296
96 0.375 239
96 0.4375 217
96 0.5 220
96 0.5625 221
96 0.625 268
96 0.6875 440
96 0.75 693
96 0.8125 967
96 0.875 1232
96 0.9375 1350
97 0 1174
97 0.0625 1003
97 0.125 736
97 0.1875 551
97 0.25 401
97 0.3125 303
97 0.375 258
97 0.4375 216
97 0.5 198
97 0.5625 196
97 0.625 273
97 0.6875 408
97 0.75 709
97 0.8125 991
97 0.875 1155
97 0.9375 1320
98 0 1209
98 0.0625 991
98 0.125 743
98 0.1875 574
98 0.25 366
98 0.3125 295
98 0.375 251
98 0.4375 225
98 0.5 193
98 0.5625 203
98 0.625 263
98 0.6875 432
98 0.75 723
98 0.8125 956
98 0.875 1201
98 0.9375 1325
99 0 1268
99 0.0625 930
99 0.125 722
99 0.1875 563
99 0.25 414
99 0.3125 274
99 0.375 234
99 0.4375 238
99 0.5 210
99 0.5625 203
99 0.625 242
99 0.6875 395
99 0.75 700
99 0.8125 952
99 0.875 1183
99 0.9375 1331
100 0 1175
100 0.0625 1020
100 0.125 794
100 0.1875 537
100 0.25 365
100 0.3125 282
100 0.375 245
100 0.4375 234
100 0.5 194
100 0.5625 186
100 0.625 261
100 0.6875 442
100 0.75 672
100 0.8125 937
100 0.875 1147
100 0.9375 1300
101 0 1209
101 0.0625 1006
101 0.125 723
101 0.1875 533
101 0.25 367
101 0.3125 268
101 0.375 246
101 0.4375 190
101 0.5 196
101 0.5625 214
101 0.625 226
101 0.6875 413
101 0.75 672
101 0.8125 897
101 0.875 1142
101 0.9375 1211
102 0 1063
102 0.0625 950
102 0.125 764
102 0.1875 539
102 0.25 377
102 0.3125 266
102 0.375 251
102 0.4375 203
102 0.5 170
102 0.5625 192
102 0.625 220
102 0.6875 422
102 0.75 605
102 0.8125 927
102 0.875 1196
102 0.9375 1231
103 0 1087
103 0.0625 952
103 0.125 694
103 0.1875 513
103 0.25 383
103 0.3125 262
103 0.375 230
103 0.4375 172
103 0.5 173
103 0.5625 192
103 0.625 247
103 0.6875 360
103 0.75 639
103 0.8125 932
103 0.875 1051
103 0.9375 1208
104 0 1167
104 0.0625 967
104 0.125 722
104 0.1875 483
104 0.25 376
104 0.3125 240
104 0.375 230
104 0.4375 166
104 0.5 195
104 0.5625 191
104 0.625 240
104 0.6875 418
104 0.75 633
104 0.8125 906
104 0.875 1147
104 0.9375 1206
105 0 1131
105 0.0625 942
105 0.125 682
105 0.1875 490
105 0.25 347
105 0.3125 264
105 0.375 234
105 0.4375 190
105 0.5 214
105 0.5625 188
105 0.625 258
105 0.6875 387
105 0.75 654
105 0.8125 920
105 0.875 1147
105 0.9375 1247
106 0 1076
106 0.0625 945
106 0.125 699
106 0.1875 507
106 0.25 351
106 0.3125 222
106 0.375 194
106 0.4375 204
106 0.5 181
106 0.5625 189
106 0.625 227
106 0.6875 397
106 0.75 643
106 0.8125 906
106 0.875 1135
106 0.9375 1181
107 0 1156
107 0.0625 904
107 0.125 674
107 0.1875 466
107 0.25 383
107 0.3125 260
107 0.375 204
107 0.4375 180
107 0.5 176
107 0.5625 157
107 0.625 228
107 0.6875 396
107 0.75 635
107 0.8125 918
107 0.875 1105
107 0.9375 1185
108 0 1063
108 0.0625 866
108 0.125 683
108 0.1875 465
108 0.25 359
108 0.3125 225
108 0.375 220
108 0.4375 181
108 0.5 172
108 0.5625 183
108 0.625 220
108 0.6875 358
108 0.75 631
108 0.8125 835
108 0.875 1091
108 0.9375 1143
109 0 1081
109 0.0625 861
109 0.125 652
109 0.1875 463
109 0.25 344
109 0.3125 248
109 0.375 188
109 0.4375 181
109 0.5 162
109 0.5625 197
109 0.625 226
109 0.6875 368
109 0.75 574
109 0.8125 842
109 0.875 1090
109 0.9375 1132
110 0 1043
110 0.0625 898
110 0.125 631
110 0.1875 448
110 0.25 315
110 0.3125 253
110 0.375 189
110 0.4375 172
110 0.5 170
110 0.5625 151
110 0.625 212
110 0.6875 366
110 0.75 606
110 0.8125 859
110 0.875 1065
110 0.9375 1104
111 0 1034
111 0.0625 906
111 0.125 643
111 0.1875 483
111 0.25 327
111 0.3125 284
111 0.375 184
111 0.4375 183
111 0.5 158
111 0.5625 163
111 0.625 231
111 0.6875 342
111 0.75 610
111 0.8125 806
111 0.875 1033
111 0.9375 1087
112 0 1034
112 0.0625 873
112 0.125 629
112 0.1875 454
112 0.25 321
112 0.3125 233
112 0.375 219
112 0.4375 171
112 0.5 145
112 0.5625 148
112 0.625 212
112 0.6875 363
112 0.75 599
112 0.8125 795
112 0.875 1001
112 0.9375 1089
113 0 1054
113 0.0625 773
113 0.125 658
113 0.1875 441
113 0.25 292
113 0.3125 251
113 0.375 175
113 0.4375 155
113 0.5 158
113 0.5625 159
113 0.625 216
113 0.6875 344
113 0.75 581
113 0.8125 815
113 0.875 1033
113 0.9375 1063
114 0 944
114 0.0625 828
114 0.125 626
114 0.1875 422
114 0.25 284
114 0.3125 258
114 0.375 178
114 0.4375 164
114 0.5 145
114 0.5625 157
114 0.625 198
114 0.6875 342
114 0.75 591
114 0.8125 850
114 0.875 988
114 0.9375 1056
115 0 930
115 0.0625 813
115 0.125 578
115 0.1875 432
115 0.25 312
115 0.3125 244
115 0.375 177
115 0.4375 167
115 0.5 160
115 0.5625 147
115 0.625 209
115 0.6875 366
115 0.75 543
115 0.8125 833
115 0.875 918
115 0.9375 1082
116 0 989
116 0.0625 769
116 0.125 605
116 0.1875 446
116 0.25 287
116 0.3125 227
116 0.375 175
116 0.4375 183
116 0.5 156
116 0.5625 145
116 0.625 204
116 0.6875 353
116 0.75 532
116 0.8125 852
116 0.875 1006
116 0.9375 1112
117 0 942
117 0.0625 819
117 0.125 583
117 0.1875 422
117 0.25 304
117 0.3125 240
117 0.375 172
117 0.4375 162
117 0.5 147
117 0.5625 155
117 0.625 172
117 0.6875 351
117 0.75 558
117 0.8125 825
117 0.875 992
117 0.9375 967
118 0 925
118 0.0625 778
118 0.125 583
118 0.1875 400
118 0.25 301
118 0.3125 211
118 0.375 194
118 0.4375 164
118 0.5 139
118 0.5625 164
118 0.625 192
118 0.6875 348
118 0.75 589
118 0.8125 793
118 0.875 974
118 0.9375 1049
119 0 870
119 0.0625 734
119 0.125 548
119 0.1875 374
119 0.25 303
119 0.3125 218
119 0.375 168
119 0.4375 147
119 0.5 132
119 0.5625 160
119 0.625 208
119 0.6875 307
119 0.75 534
119 0.8125 818
119 0.875 1027
119 0.9375 1054
120 0 932
120 0.0625 770
120 0.125 539
120 0.1875 417
120 0.25 304
120 0.3125 205
120 0.375 163
120 0.4375 175
120 0.5 149
120 0.5625 134
120 0.625 173
120 0.6875 320
120 0.75 545
120 0.8125 768
120 0.875 973
120 0.9375 956
121 0 895
121 0.0625 715
121 0.125 539
121 0.1875 368
121 0.25 287
121 0.3125 223
121 0.375 172
121 0.4375 153
121 0.5 139
121 0.5625 147
121 0.625 170
121 0.6875 344
121 0.75 564
121 0.8125 820
121 0.875 910
121 0.9375 983
122 0 903
122 0.0625 732
122 0.125 553
122 0.1875 416
122 0.25 271
122 0.3125 187
122 0.375 163
122 0.4375 160
122 0.5 129
122 0.5625 140
122 0.625 185
122 0.6875 305
122 0.75 495
122 0.8125 701
122 0.875 951
122 0.9375 1020
123 0 867
123 0.0625 730
123 0.125 576
123 0.1875 375
123 0.25 269
123 0.3125 218
123 0.375 152
123 0.4375 138
123 0.5 144
123 0.5625 129
123 0.625 171
123 0.6875 300
123 0.75 512
123 0.8125 769
123 0.875 884
123 0.9375 967
124 0 908
124 0.0625 742
124 0.125 559
124 0.1875 378
124 0.25 274
124 0.3125 185
124 0.375 162
124 0.4375 157
124 0.5 133
124 0.5625 137
124 0.625 198
124 0.6875 323
124 0.75 497
124 0.8125 710
124 0.875 899
124 0.9375 903
125 0 907
125 0.0625 699
125 0.125 542
125 0.1875 411
125 0.25 239
125 0.3125 201
125 0.375 151
125 0.4375 158
125 0.5 142
125 0.5625 138
125 0.625 173
125 0.6875 327
125 0.75 499
125 0.8125 700
125 0.875 881
125 0.9375 916
126 0 843
126 0.0625 692
126 0.125 512
126 0.1875 396
126 0.25 266
126 0.3125 190
126 0.375 155
126 0.4375 144
126 0.5 144
126 0.5625 136
126 0.625 188
126 0.6875 308
126 0.75 479
126 0.8125 686
126 0.875 878
126 0.9375 915
127 0 818
127 0.0625 696
127 0.125 469
127 0.1875 359
127 0.25 260
127 0.3125 195
127 0.375 156
127 0.4375 132
127 0.5 157
127 0.5625 127
127 0.625 166
127 0.6875 309
127 0.75 480
127 0.8125 722
127 0.875 829
127 0.9375 912
128 0 848
128 0.0625 674
128 0.125 503
128 0.1875 359
128 0.25 256
128 0.3125 200
128 0.375 166
128 0.4375 136
128 0.5 108
128 0.5625 129
128 0.625 167
128 0.6875 323
128 0.75 525
128 0.8125 665
128 0.875 857
128 0.9375 893
129 0 799
129 0.0625 628
129 0.125 427
129 0.1875 349
129 0.25 253
129 0.3125 181
129 0.375 129
129 0.4375 145
129 0.5 117
129 0.5625 139
129 0.625 158
129 0.6875 255
129 0.75 492
129 0.8125 706
129 0.875 818
129 0.9375 884
130 0 806
130 0.0625 649
130 0.125 482
130 0.1875 349
130 0.25 232
130 0.3125 218
130 0.375 161
130 0.4375 95
130 0.5 119
130 0.5625 121
130 0.625 185
130 0.6875 270
130 0.75 477
130 0.8125 673
130 0.875 815
130 0.9375 876
131 0 764
131 0.0625 620
131 0.125 435
131 0.1875 328
131 0.25 215
131 0.3125 186
131 0.375 148
131 0.4375 133
131 0.5 132
131 0.5625 129
131 0.625 183
131 0.6875 313
131 0.75 507
131 0.8125 626
131 0.875 906
131 0.9375 890
132 0 799
132 0.0625 638
132 0.125 473
132 0.1875 325
132 0.25 236
132 0.3125 178
132 0.375 154
132 0.4375 114
132 0.5 138
132 0.5625 137
132 0.625 169
132 0.6875 296
132 0.75 442
132 0.8125 613
132 0.875 740
132 0.9375 858
133 0 781
133 0.0625 699
133 0.125 492
133 0.1875 320
133 0.25 234
133 0.3125 182
133 0.375 135
133 0.4375 140
133 0.5 144
133 0.5625 121
133 0.625 155
133 0.6875 302
133 0.75 483
133 0.8125 648
133 0.875 737
133 0.9375 819
134 0 799
134 0.0625 581
134 0.125 430
134 0.1875 299
134 0.25 228
134 0.3125 186
134 0.375 158
134 0.4375 117
134 0.5 124
134 0.5625 131
134 0.625 159
134 0.6875 275
134 0.75 451
134 0.8125 662
134 0.875 786
134 0.9375 877
135 0 770
135 0.0625 618
135 0.125 453
135 0.1875 346
135 0.25 228
135 0.3125 167
135 0.375 125
135 0.4375 132
135 0.5 109
135 0.5625 120
135 0.625 162
135 0.6875 278
135 0.75 480
135 0.8125 589
135 0.875 786
135 0.9375 835
136 0 729
136 0.0625 616
136 0.125 422
136 0.1875 320
136 0.25 248
136 0.3125 161
136 0.375 116
136 0.4375 135
136 0.5 119
136 0.5625 127
136 0.625 152
136 0.6875 258
136 0.75 428
136 0.8125 618
136 0.875 772
136 0.9375 838
137 0 757
137 0.0625 591
137 0.125 450
137 0.1875 309
137 0.25 215
137 0.3125 171
137 0.375 141
137 0.4375 124
137 0.5 127
137 0.5625 132
137 0.625 159
137 0.6875 261
137 0.75 430
137 0.8125 587
137 0.875 727
137 0.9375 749
138 0 710
138 0.0625 626
138 0.125 414
138 0.1875 270
138 0.25 236
138 0.3125 158
138 0.375 142
138 0.4375 122
138 0.5 123
138 0.5625 130
138 0.625 156
138 0.6875 264
138 0.75 442
138 0.8125 642
138 0.875 711
138 0.9375 771
139 0 688
139 0.0625 555
139 0.125 435
139 0.1875 296
139 0.25 233
139 0.3125 159
139 0.375 142
139 0.4375 115
139 0.5 107
139 0.5625 125
139 0.625 151
139 0.6875 263
139 0.75 414
139 0.8125 589
139 0.875 734
139 0.9375 800
140 0 702
140 0.0625 522
140 0.125 375
140 0.1875 246
140 0.25 217
140 0.3125 176
140 0.375 117
140 0.4375 112
140 0.5 107
140 0.5625 106
140 0.625 157
140 0.6875 255
140 0.75 410
140 0.8125 603
140 0.875 752
140 0.9375 802
141 0 685
141 0.0625 573
141 0.125 417
141 0.1875 265
141 0.25 206
141 0.3125 164
141 0.375 144
141 0.4375 118
141 0.5 108
141 0.5625 99
141 0.625 127
141 0.6875 274
141 0.75 431
141 0.8125 588
141 0.875 693
141 0.9375 729
142 0 678
142 0.0625 524
142 0.125 373
142 0.1875 294
142 0.25 215
142 0.3125 154
142 0.375 115
142 0.4375 105
142 0.5 110
142 0.5625 104
142 0.625 140
142 0.6875 245
142 0.75 394
142 0.8125 581
142 0.875 721
142 0.9375 702
143 0 651
143 0.0625 571
143 0.125 390
143 0.1875 266
143 0.25 201
143 0.3125 132
143 0.375 138
143 0.4375 111
143 0.5 66
143 0.5625 128
143 0.625 159
143 0.6875 244
143 0.75 413
143 0.8125 556
143 0.875 709
143 0.9375 700
144 0 648
144 0.0625 560
144 0.125 377
144 0.1875 256
144 0.25 196
144 0.3125 125
144 0.375 124
144 0.4375 100
144 0.5 103
144 0.5625 94
144 0.625 157
144 0.6875 229
144 0.75 375
144 0.8125 565
144 0.875 652
144 0.9375 759
145 0 659
145 0.0625 509
145 0.125 368
145 0.1875 247
145 0.25 212
145 0.3125 139
145 0.375 122
145 0.4375 113
145 0.5 99
145 0.5625 102
145 0.625 116
145 0.6875 253
145 0.75 367
145 0.8125 564
145 0.875 675
145 0.9375 670
146 0 645
146 0.0625 506
146 0.125 375
146 0.1875 256
146 0.25 198
146 0.3125 140
146 0.375 109
146 0.4375 106
146 0.5 100
146 0.5625 94
146 0.625 121
146 0.6875 232
146 0.75 379
146 0.8125 529
146 0.875 631
146 0.9375 697
147 0 622
147 0.0625 504
147 0.125 366
147 0.1875 263
147 0.25 201
147 0.3125 149
147 0.375 131
147 0.4375 100
147 0.5 99
147 0.5625 93
147 0.625 129
147 0.6875 208
147 0.75 385
147 0.8125 530
147 0.875 675
147 0.9375 695
148 0 570
148 0.0625 449
148 0.125 346
148 0.1875 244
148 0.25 170
148 0.3125 124
148 0.375 105
148 0.4375 112
148 0.5 101
148 0.5625 96
148 0.625 120
148 0.6875 246
148 0.75 363
148 0.8125 534
148 0.875 606
148 0.9375 691
149 0 619
149 0.0625 488
149 0.125 367
149 0.1875 279
149 0.25 183
149 0.3125 141
149 0.375 108
149 0.4375 95
149 0.5 95
149 0.5625 110
149 0.625 139
149 0.6875 198
149 0.75 380
149 0.8125 497
149 0.875 622
149 0.9375 649
150 0 548
150 0.0625 432
150 0.125 339
150 0.1875 243
150 0.25 184
150 0.3125 130
150 0.375 107
150 0.4375 104
150 0.5 98
150 0.5625 94
150 0.625 116
150 0.6875 209
150 0.75 335
150 0.8125 491
150 0.875 669
150 0.9375 639
151 0 602
151 0.0625 454
151 0.125 335
151 0.1875 259
151 0.25 181
151 0.3125 131
151 0.375 98
151 0.4375 107
151 0.5 92
151 0.5625 104
151 0.625 117
151 0.6875 210
151 0.75 397
151 0.8125 495
151 0.875 609
151 0.9375 599
152 0 589
152 0.0625 433
152 0.125 341
152 0.1875 267
152 0.25 172
152 0.3125 133
152 0.375 96
152 0.4375 86
152 0.5 89
152 0.5625 89
152 0.625 97
152 0.6875 193
152 0.75 378
152 0.8125 470
152 0.875 594
152 0.9375 627
153 0 562
153 0.0625 393
153 0.125 312
153 0.1875 238
153 0.25 171
153 0.3125 116
153 0.375 101
153 0.4375 109
153 0.5 84
153 0.5625 83
153 0.625 103
153 0.6875 216
153 0.75 367
153 0.8125 454
153 0.875 538
153 0.9375 643
154 0 558
154 0.0625 394
154 0.125 318
154 0.1875 224
154 0.25 165
154 0.3125 114
154 0.375 97
154 0.4375 89
154 0.5 95
154 0.5625 99
154 0.625 141
154 0.6875 204
154 0.75 300
154 0.8125 466
154 0.875 543
154 0.9375 587
155 0 537
155 0.0625 448
155 0.125 316
155 0.1875 195
155 0.25 140
155 0.3125 131
155 0.375 102
155 0.4375 75
155 0.5 94
155 0.5625 116
155 0.625 111
155 0.6875 196
155 0.75 313
155 0.8125 466
155 0.875 524
155 0.9375 601
156 0 499
156 0.0625 429
156 0.125 294
156 0.1875 215
156 0.25 145
156 0.3125 140
156 0.375 96
156 0.4375 85
156 0.5 103
156 0.5625 99
156 0.625 126
156 0.6875 226
156 0.75 323
156 0.8125 455
156 0.875 581
156 0.9375 565
157 0 496
157 0.0625 425
157 0.125 300
157 0.1875 212
157 0.25 155
157 0.3125 123
157 0.375 102
157 0.4375 91
157 0.5 99
157 0.5625 79
157 0.625 119
157 0.6875 197
157 0.75 341
157 0.8125 453
157 0.875 497
157 0.9375 617
158 0 527
158 0.0625 420
158 0.125 300
158 0.1875 201
158 0.25 145
158 0.3125 126
158 0.375 109
158 0.4375 69
158 0.5 96
158 0.5625 111
158 0.625 121
158 0.6875 189
158 0.75 319
158 0.8125 432
158 0.875 514
158 0.9375 561
159 0 547
159 0.0625 424
159 0.125 289
159 0.1875 205
159 0.25 138
159 0.3125 124
159 0.375 90
159 0.4375 76
159 0.5 86
159 0.5625 94
159 0.625 136
159 0.6875 181
159 0.75 295
159 0.8125 448
159 0.875 477
159 0.9375 551
160 0 485
160 0.0625 416
160 0.125 271
160 0.1875 208
160 0.25 165
160 0.3125 130
160 0.375 102
160 0.4375 82
160 0.5 83
160 0.5625 98
160 0.625 100
160 0.6875 182
160 0.75 306
160 0.8125 428
160 0.875 513
160 0.9375 545
161 0 491
161 0.0625 375
161 0.125 299
161 0.1875 169
161 0.25 163
161 0.3125 113
161 0.375 85
161 0.4375 92
161 0.5 78
161 0.5625 87
161 0.625 123
161 0.6875 198
161 0.75 294
161 0.8125 433
161 0.875 498
161 0.9375 533
162 0 451
162 0.0625 383
162 0.125 271
162 0.1875 208
162 0.25 144
162 0.3125 103
162 0.375 93
162 0.4375 77
162 0.5 78
162 0.5625 82
162 0.625 113
162 0.6875 154
162 0.75 286
162 0.8125 375
162 0.875 497
162 0.9375 535
163 0 452
163 0.0625 334
163 0.125 259
163 0.1875 199
163 0.25 135
163 0.3125 114
163 0.375 95
163 0.4375 75
163 0.5 68
163 0.5625 90
163 0.625 128
163 0.6875 192
163 0.75 325
163 0.8125 435
163 0.875 487
163 0.9375 527
164 0 477
164 0.0625 358
164 0.125 268
164 0.1875 198
164 0.25 140
164 0.3125 84
164 0.375 114
164 0.4375 80
164 0.5 90
164 0.5625 83
164 0.625 117
164 0.6875 191
164 0.75 306
164 0.8125 403
164 0.875 495
164 0.9375 559
165 0 475
165 0.0625 338
165 0.125 265
165 0.1875 216
165 0.25 134
165 0.3125 121
165 0.375 72
165 0.4375 87
165 0.5 80
165 0.5625 89
165 0.625 127
165 0.6875 202
165 0.75 285
165 0.8125 418
165 0.875 447
165 0.9375 517
166 0 410
166 0.0625 360
166 0.125 249
166 0.1875 175
166 0.25 138
166 0.3125 114
166 0.375 87
166 0.4375 84
166 0.5 75
166 0.5625 82
166 0.625 110
166 0.6875 178
166 0.75 279
166 0.8125 396
166 0.875 486
166 0.9375 514
167 0 442
167 0.0625 396
167 0.125 244
167 0.1875 184
167 0.25 116
167 0.3125 121
167 0.375 89
167 0.4375 78
167 0.5 89
167 0.5625 80
167 0.625 99
167 0.6875 170
167 0.75 283
167 0.8125 389
167 0.875 481
167 0.9375 467
168 0 411
168 0.0625 345
168 0.125 252
168 0.1875 169
168 0.25 116
168 0.3125 129
168 0.375 79
168 0.4375 74
168 0.5 75
168 0.5625 74
168 0.625 110
168 0.6875 155
168 0.75 258
168 0.8125 390
168 0.875 428
168 0.9375 479
169 0 439
169 0.0625 323
169 0.125 231
169 0.1875 198
169 0.25 132
169 0.3125 107
169 0.375 94
169 0.4375 95
169 0.5 83
169 0.5625 80
169 0.625 100
169 0.6875 191
169 0.75 243
169 0.8125 358
169 0.875 449
169 0.9375 442
170 0 400
170 0.0625 329
170 0.125 249
170 0.1875 180
170 0.25 116
170 0.3125 105
170 0.375 82
170 0.4375 71
170 0.5 94
170 0.5625 65
170 0.625 93
170 0.6875 173
170 0.75 252
170 0.8125 357
170 0.875 472
170 0.9375 495
171 0 414
171 0.0625 327
171 0.125 214
171 0.1875 195
171 0.25 124
171 0.3125 92
171 0.375 100
171 0.4375 76
171 0.5 70
171 0.5625 73
171 0.625 83
171 0.6875 160
171 0.75 278
171 0.8125 355
171 0.875 426
171 0.9375 459
172 0 437
172 0.0625 311
172 0.125 202
172 0.1875 160
172 0.25 115
172 0.3125 76
172 0.375 85
172 0.4375 67
172 0.5 70
172 0.5625 79
172 0.625 95
172 0.6875 162
172 0.75 273
172 0.8125 356
172 0.875 429
172 0.9375 426
173 0 380
173 0.0625 338
173 0.125 224
173 0.1875 162
173 0.25 111
173 0.3125 93
173 0.375 79
173 0.4375 71
173 0.5 74
173 0.5625 83
173 0.625 109
173 0.6875 143
173 0.75 253
173 0.8125 368
173 0.875 422
173 0.9375 434
174 0 393
174 0.0625 276
174 0.125 216
174 0.1875 182
174 0.25 117
174 0.3125 95
174 0.375 67
174 0.4375 68
174 0.5 57
174 0.5625 61
174 0.625 87
174 0.6875 147
174 0.75 259
174 0.8125 319
174 0.875 423
174 0.9375 440
175 0 379
175 0.0625 292
175 0.125 227
175 0.1875 156
175 0.25 107
175 0.3125 91
175 0.375 77
175 0.4375 63
175 0.5 79
175 0.5625 59
175 0.625 94
175 0.6875 136
175 0.75 229
175 0.8125 343
175 0.875 415
175 0.9375 401
176 0 347
176 0.0625 303
176 0.125 200
176 0.1875 152
176 0.25 107
176 0.3125 88
176 0.375 81
176 0.4375 75
176 0.5 57
176 0.5625 64
176 0.625 95
176 0.6875 155
176 0.75 212
176 0.8125 331
176 0.875 355
176 0.9375 422
177 0 340
177 0.0625 260
177 0.125 218
177 0.1875 148
177 0.25 109
177 0.3125 93
177 0.375 78
177 0.4375 43
177 0.5 55
177 0.5625 59
177 0.625 81
177 0.6875 138
177 0.75 215
177 0.8125 311
177 0.875 403
177 0.9375 415
178 0 374
178 0.0625 270
178 0.125 200
178 0.1875 149
178 0.25 101
178 0.3125 74
178 0.375 78
178 0.4375 66
178 0.5 72
178 0.5625 73
178 0.625 83
178 0.6875 139
178 0.75 231
178 0.8125 321
178 0.875 362
178 0.9375 412
179 0 346
179 0.0625 252
179 0.125 191
179 0.1875 120
179 0.25 99
179 0.3125 79
179 0.375 60
179 0.4375 58
179 0.5 68
179 0.5625 67
179 0.625 77
179 0.6875 120
179 0.75 216
179 0.8125 328
179 0.875 378
179 0.9375 379
180 0 351
180 0.0625 278
180 0.125 211
180 0.1875 129
180 0.25 107
180 0.3125 89
180 0.375 71
180 0.4375 58
180 0.5 64
180 0.5625 60
180 0.625 71
180 0.6875 153
180 0.75 218
180 0.8125 293
180 0.875 334
180 0.9375 334
181 0 323
181 0.0625 258
181 0.125 218
181 0.1875 122
181 0.25 96
181 0.3125 71
181 0.375 61
181 0.4375 63
181 0.5 58
181 0.5625 66
181 0.625 71
181 0.6875 132
181 0.75 219
181 0.8125 286
181 0.875 327
181 0.9375 372
182 0 325
182 0.0625 246
182 0.125 167
182 0.1875 139
182 0.25 96
182 0.3125 84
182 0.375 78
182 0.4375 63
182 0.5 58
182 0.5625 55
182 0.625 66
182 0.6875 139
182 0.75 189
182 0.8125 315
182 0.875 347
182 0.9375 344
183 0 285
183 0.0625 264
183 0.125 192
183 0.1875 160
183 0.25 99
183 0.3125 89
183 0.375 63
183 0.4375 77
183 0.5 47
183 0.5625 60
183 0.625 79
183 0.6875 122
183 0.75 172
183 0.8125 316
183 0.875 323
183 0.9375 316
184 0 327
184 0.0625 227
184 0.125 184
184 0.1875 129
184 0.25 113
184 0.3125 68
184 0.375 59
184 0.4375 54
184 0.5 59
184 0.5625 65
184 0.625 74
184 0.6875 120
184 0.75 196
184 0.8125 261
184 0.875 329
184 0.9375 369
185 0 319
185 0.0625 261
185 0.125 163
185 0.1875 142
185 0.25 115
185 0.3125 56
185 0.375 74
185 0.4375 58
185 0.5 49
185 0.5625 53
185 0.625 70
185 0.6875 107
185 0.75 213
185 0.8125 290
185 0.875 348
185 0.9375 348
186 0 287
186 0.0625 222
186 0.125 163
186 0.1875 140
186 0.25 104
186 0.3125 83
186 0.375 62
186 0.4375 59
186 0.5 60
186 0.5625 46
186 0.625 71
186 0.6875 145
186 0.75 189
186 0.8125 278
186 0.875 351
186 0.9375 343
187 0 328
187 0.0625 237
187 0.125 159
187 0.1875 125
187 0.25 86
187 0.3125 71
187 0.375 80
187 0.4375 68
187 0.5 54
187 0.5625 45
187 0.625 70
187 0.6875 127
187 0.75 193
187 0.8125 278
187 0.875 331
187 0.9375 330
188 0 302
188 0.0625 207
188 0.125 185
188 0.1875 113
188 0.25 89
188 0.3125 95
188 0.375 66
188 0.4375 55
188 0.5 52
188 0.5625 73
188 0.625 73
188 0.6875 130
188 0.75 180
188 0.8125 260
188 0.875 289
188 0.9375 314
189 0 271
189 0.0625 223
189 0.125 163
189 0.1875 113
189 0.25 80
189 0.3125 60
189 0.375 51
189 0.4375 64
189 0.5 58
189 0.5625 64
189 0.625 74
189 0.6875 124
189 0.75 168
189 0.8125 278
189 0.875 315
189 0.9375 315
190 0 273
190 0.0625 207
190 0.125 154
190 0.1875 111
190 0.25 96
190 0.3125 71
190 0.375 43
190 0.4375 57
190 0.5 58
190 0.5625 56
190 0.625 69
190 0.6875 139
190 0.75 193
190 0.8125 234
190 0.875 323
190 0.9375 308
191 0 265
191 0.0625 192
191 0.125 150
191 0.1875 122
191 0.25 86
191 0.3125 85
191 0.375 56
191 0.4375 51
191 0.5 60
191 0.5625 55
191 0.625 54
191 0.6875 123
191 0.75 194
191 0.8125 248
191 0.875 336
191 0.9375 293
192 0 255
192 0.0625 210
192 0.125 163
192 0.1875 139
192 0.25 84
192 0.3125 74
192 0.375 51
192 0.4375 58
192 0.5 47
192 0.5625 57
192 0.625 81
192 0.6875 112
192 0.75 188
192 0.8125 236
192 0.875 271
192 0.9375 305
193 0 279
193 0.0625 213
193 0.125 163
193 0.1875 121
193 0.25 83
193 0.3125 83
193 0.375 61
193 0.4375 45
193 0.5 62
193 0.5625 62
193 0.625 62
193 0.6875 111
193 0.75 187
193 0.8125 223
193 0.875 291
193 0.9375 296
194 0 286
194 0.0625 260
194 0.125 143
194 0.1875 99
194 0.25 76
194 0.3125 71
194 0.375 62
194 0.4375 62
194 0.5 43
194 0.5625 69
194 0.625 60
194 0.6875 126
194 0.75 170
194 0.8125 263
194 0.875 280
194 0.9375 305
195 0 267
195 0.0625 202
195 0.125 150
195 0.1875 109
195 0.25 88
195 0.3125 82
195 0.375 45
195 0.4375 38
195 0.5 57
195 0.5625 42
195 0.625 71
195 0.6875 111
195 0.75 155
195 0.8125 247
195 0.875 269
195 0.9375 291
196 0 248
196 0.0625 203
196 0.125 144
196 0.1875 93
196 0.25 73
196 0.3125 54
196 0.375 62
196 0.4375 52
196 0.5 39
196 0.5625 59
196 0.625 71
196 0.6875 113
196 0.75 179
196 0.8125 250
196 0.875 269
196 0.9375 288
197 0 229
197 0.0625 179
197 0.125 141
197 0.1875 107
197 0.25 78
197 0.3125 58
197 0.375 54
197 0.4375 55
197 0.5 55
197 0.5625 40
197 0.625 61
197 0.6875 94
197 0.75 159
197 0.8125 219
197 0.875 281
197 0.9375 282
198 0 249
198 0.0625 206
198 0.125 124
198 0.1875 89
198 0.25 78
198 0.3125 55
198 0.375 57
198 0.4375 59
198 0.5 45
198 0.5625 47
198 0.625 70
198 0.6875 103
198 0.75 173
198 0.8125 235
198 0.875 278
198 0.9375 283
199 0 235
199 0.0625 210
199 0.125 136
199 0.1875 101
199 0.25 64
199 0.3125 52
199 0.375 58
199 0.4375 47
199 0.5 59
199 0.5625 47
199 0.625 69
199 0.6875 99
199 0.75 157
199 0.8125 202
199 0.875 240
199 0.9375 276
200 0 233
200 0.0625 182
200 0.125 129
200 0.1875 106
200 0.25 86
200 0.3125 67
200 0.375 59
200 0.4375 43
200 0.5 44
200 0.5625 43
200 0.625 53
200 0.6875 112
200 0.75 166
200 0.8125 199
200 0.875 222
200 0.9375 268
201 0 207
201 0.0625 176
201 0.125 143
201 0.1875 71
201 0.25 64
201 0.3125 63
201 0.375 49
201 0.4375 45
201 0.5 62
201 0.5625 49
201 0.625 62
201 0.6875 108
201 0.75 163
201 0.8125 233
201 0.875 233
201 0.9375 264
202 0 218
202 0.0625 176
202 0.125 144
202 0.1875 82
202 0.25 71
202 0.3125 51
202 0.375 50
202 0.4375 48
202 0.5 58
202 0.5625 46
202 0.625 60
202 0.6875 82
202 0.75 154
202 0.8125 203
202 0.875 245
202 0.9375 254
203 0 203
203 0.0625 180
203 0.125 122
203 0.1875 96
203 0.25 85
203 0.3125 64
203 0.375 46
203 0.4375 42
203 0.5 43
203 0.5625 43
203 0.625 72
203 0.6875 106
203 0.75 137
203 0.8125 212
203 0.875 240
203 0.9375 258
204 0 220
204 0.0625 202
204 0.125 131
204 0.1875 105
204 0.25 79
204 0.3125 54
204 0.375 57
204 0.4375 43
204 0.5 45
204 0.5625 51
204 0.625 65
204 0.6875 78
204 0.75 147
204 0.8125 186
204 0.875 224
204 0.9375 256
205 0 218
205 0.0625 194
205 0.125 134
205 0.1875 91
205 0.25 61
205 0.3125 45
205 0.375 47
205 0.4375 48
205 0.5 48
205 0.5625 57
205 0.625 54
205 0.6875 79
205 0.75 147
205 0.8125 177
205 0.875 251
205 0.9375 243
206 0 188
206 0.0625 150
206 0.125 121
206 0.1875 96
206 0.25 65
206 0.3125 67
206 0.375 45
206 0.4375 56
206 0.5 35
206 0.5625 37
206 0.625 49
206 0.6875 106
206 0.75 160
206 0.8125 151
206 0.875 234
206 0.9375 221
207 0 186
207 0.0625 150
207 0.125 139
207 0.1875 89
207 0.25 66
207 0.3125 61
207 0.375 38
207 0.4375 39
207 0.5 34
207 0.5625 48
207 0.625 46
207 0.6875 91
207 0.75 146
207 0.8125 174
207 0.875 209
207 0.9375 214
208 0 198
208 0.0625 129
208 0.125 95
208 0.1875 61
208 0.25 43
208 0.3125 38
208 0.375 46
208 0.4375 48
208 0.5 63
208 0.5625 54
208 0.625 58
208 0.6875 77
208 0.75 121
208 0.8125 165
208 0.875 214
208 0.9375 211
209 0 172
209 0.0625 131
209 0.125 108
209 0.1875 68
209 0.25 66
209 0.3125 50
209 0.375 45
209 0.4375 48
209 0.5 42
209 0.5625 42
209 0.625 40
209 0.6875 90
209 0.75 104
209 0.8125 171
209 0.875 185
209 0.9375 216
210 0 160
210 0.0625 116
210 0.125 90
210 0.1875 84
210 0.25 54
210 0.3125 44
210 0.375 40
210 0.4375 41
210 0.5 37
210 0.5625 39
210 0.625 51
210 0.6875 87
210 0.75 123
210 0.8125 184
210 0.875 199
210 0.9375 182
211 0 151
211 0.0625 125
211 0.125 111
211 0.1875 70
211 0.25 37
211 0.3125 40
211 0.375 43
211 0.4375 40
211 0.5 38
211 0.5625 52
211 0.625 34
211 0.6875 74
211 0.75 125
211 0.8125 148
211 0.875 194
211 0.9375 169
212 0 147
212 0.0625 125
212 0.125 73
212 0.1875 76
212 0.25 57
212 0.3125 46
212 0.375 44
212 0.4375 32
212 0.5 33
212 0.5625 41
212 0.625 46
212 0.6875 76
212 0.75 98
212 0.8125 160
212 0.875 163
212 0.9375 169
213 0 148
213 0.0625 108
213 0.125 71
213 0.1875 53
213 0.25 38
213 0.3125 53
213 0.375 42
213 0.4375 37
213 0.5 37
213 0.5625 35
213 0.625 37
213 0.6875 64
213 0.75 104
213 0.8125 158
213 0.875 163
213 0.9375 172
214 0 138
214 0.0625 96
214 0.125 71
214 0.1875 56
214 0.25 47
214 0.3125 38
214 0.375 30
214 0.4375 31
214 0.5 41
214 0.5625 31
214 0.625 40
214 0.6875 55
214 0.75 95
214 0.8125 105
214 0.875 178
214 0.9375 143
215 0 127
215 0.0625 101
215 0.125 71
215 0.1875 53
215 0.25 48
215 0.3125 35
215 0.375 30
215 0.4375 26
215 0.5 30
215 0.5625 30
215 0.625 44
215 0.6875 66
215 0.75 77
215 0.8125 129
215 0.875 152
215 0.9375 154
216 0 130
216 0.0625 98
216 0.125 79
216 0.1875 58
216 0.25 52
216 0.3125 41
216 0.375 28
216 0.4375 18
216 0.5 33
216 0.5625 26
216 0.625 38
216 0.6875 50
216 0.75 101
216 0.8125 112
216 0.875 116
216 0.9375 128
217 0 116
217 0.0625 105
217 0.125 76
217 0.1875 49
217 0.25 41
217 0.3125 27
217 0.375 25
217 0.4375 27
217 0.5 25
217 0.5625 32
217 0.625 34
217 0.6875 50
217 0.75 78
217 0.8125 102
217 0.875 119
217 0.9375 130
218 0 113
218 0.0625 92
218 0.125 55
218 0.1875 43
218 0.25 35
218 0.3125 27
218 0.375 23
218 0.4375 26
218 0.5 29
218 0.5625 22
218 0.625 26
218 0.6875 58
218 0.75 95
218 0.8125 114
218 0.875 117
218 0.9375 114
219 0 98
219 0.0625 82
219 0.125 64
219 0.1875 57
219 0.25 29
219 0.3125 30
219 0.375 22
219 0.4375 26
219 0.5 19
219 0.5625 19
219 0.625 30
219 0.6875 53
219 0.75 76
219 0.8125 101
219 0.875 105
219 0.9375 124
220 0 95
220 0.0625 93
220 0.125 67
220 0.1875 42
220 0.25 36
220 0.3125 30
220 0.375 20
220 0.4375 24
220 0.5 17
220 0.5625 19
220 0.625 27
220 0.6875 38
220 0.75 66
220 0.8125 88
220 0.875 109
220 0.9375 105
221 0 94
221 0.0625 84
221 0.125 57
221 0.1875 32
221 0.25 28
221 0.3125 31
221 0.375 24
221 0.4375 36
221 0.5 19
221 0.5625 18
221 0.625 32
221 0.6875 45
221 0.75 58
221 0.8125 86
221 0.875 95
221 0.9375 113
222 0 88
222 0.0625 64
222 0.125 50
222 0.1875 34
222 0.25 41
222 0.3125 20
222 0.375 23
222 0.4375 14
222 0.5 29
222 0.5625 18
222 0.625 23
222 0.6875 41
222 0.75 69
222 0.8125 88
222 0.875 99
222 0.9375 110
223 0 92
223 0.0625 71
223 0.125 53
223 0.1875 32
223 0.25 40
223 0.3125 33
223 0.375 15
223 0.4375 23
223 0.5 15
223 0.5625 22
223 0.625 28
223 0.6875 36
223 0.75 73
223 0.8125 71
223 0.875 79
223 0.9375 93
224 0 69
224 0.0625 53
224 0.125 60
224 0.1875 40
224 0.25 18
224 0.3125 20
224 0.375 23
224 0.4375 20
224 0.5 18
224 0.5625 26
224 0.625 21
224 0.6875 46
224 0.75 62
224 0.8125 80
224 0.875 111
224 0.9375 95
225 0 82
225 0.0625 59
225 0.125 47
225 0.1875 43
225 0.25 38
225 0.3125 22
225 0.375 23
225 0.4375 20
225 0.5 11
225 0.5625 14
225 0.625 20
225 0.6875 53
225 0.75 56
225 0.8125 84
225 0.875 90
225 0.9375 98
226 0 64
226 0.0625 64
226 0.125 50
226 0.1875 40
226 0.25 36
226 0.3125 22
226 0.375 22
226 0.4375 28
226 0.5 24
226 0.5625 18
226 0.625 22
226 0.6875 43
226 0.75 59
226 0.8125 74
226 0.875 108
226 0.9375 75
227 0 84
227 0.0625 65
227 0.125 43
227 0.1875 28
227 0.25 26
227 0.3125 14
227 0.375 24
227 0.4375 18
227 0.5 15
227 0.5625 20
227 0.625 24
227 0.6875 41
227 0.75 62
227 0.8125 81
227 0.875 82
227 0.9375 80
228 0 76
228 0.0625 51
228 0.125 35
228 0.1875 37
228 0.25 24
228 0.3125 26
228 0.375 15
228 0.4375 19
228 0.5 29
228 0.5625 29
228 0.625 23
228 0.6875 50
228 0.75 49
228 0.8125 68
228 0.875 104
228 0.9375 94
229 0 83
229 0.0625 56
229 0.125 42
229 0.1875 30
229 0.25 40
229 0.3125 18
229 0.375 18
229 0.4375 23
229 0.5 16
229 0.5625 22
229 0.625 25
229 0.6875 29
229 0.75 56
229 0.8125 80
229 0.875 95
229 0.9375 99
230 0 71
230 0.0625 58
230 0.125 42
230 0.1875 31
230 0.25 23
230 0.3125 37
230 0.375 24
230 0.4375 19
230 0.5 22
230 0.5625 30
230 0.625 26
230 0.6875 43
230 0.75 66
230 0.8125 72
230 0.875 82
230 0.9375 84
231 0 91
231 0.0625 54
231 0.125 40
231 0.1875 24
231 0.25 28
231 0.3125 16
231 0.375 17
231 0.4375 25
231 0.5 24
231 0.5625 20
231 0.625 21
231 0.6875 37
231 0.75 47
231 0.8125 76
231 0.875 93
231 0.9375 81
232 0 98
232 0.0625 78
232 0.125 44
232 0.1875 39
232 0.25 33
232 0.3125 17
232 0.375 18
232 0.4375 17
232 0.5 17
232 0.5625 21
232 0.625 37
232 0.6875 43
232 0.75 64
232 0.8125 76
232 0.875 98
232 0.9375 88
233 0 79
233 0.0625 64
233 0.125 35
233 0.1875 38
233 0.25 43
233 0.3125 12
233 0.375 20
233 0.4375 21
233 0.5 18
233 0.5625 21
233 0.625 21
233 0.6875 37
233 0.75 43
233 0.8125 54
233 0.875 81
233 0.9375 86
234 0 79
234 0.0625 72
234 0.125 43
234 0.1875 33
234 0.25 29
234 0.3125 22
234 0.375 31
234 0.4375 19
234 0.5 16
234 0.5625 22
234 0.625 28
234 0.6875 43
234 0.75 73
234 0.8125 71
234 0.875 75
234 0.9375 86
235 0 75
235 0.0625 58
235 0.125 40
235 0.1875 28
235 0.25 30
235 0.3125 21
235 0.375 19
235 0.4375 24
235 0.5 30
235 0.5625 17
235 0.625 28
235 0.6875 41
235 0.75 56
235 0.8125 62
235 0.875 83
235 0.9375 85
236 0 70
236 0.0625 69
236 0.125 47
236 0.1875 40
236 0.25 29
236 0.3125 23
236 0.375 13
236 0.4375 17
236 0.5 22
236 0.5625 11
236 0.625 25
236 0.6875 42
236 0.75 42
236 0.8125 74
236 0.875 81
236 0.9375 89
237 0 79
237 0.0625 69
237 0.125 41
237 0.1875 26
237 0.25 20
237 0.3125 28
237 0.375 22
237 0.4375 22
237 0.5 24
237 0.5625 16
237 0.625 36
237 0.6875 41
237 0.75 63
237 0.8125 64
237 0.875 93
237 0.9375 76
238 0 80
238 0.0625 58
238 0.125 57
238 0.1875 38
238 0.25 25
238 0.3125 30
238 0.375 21
238 0.4375 22
238 0.5 14
238 0.5625 18
238 0.625 20
238 0.6875 35
238 0.75 59
238 0.8125 72
238 0.875 78
238 0.9375 86
239 0 79
239 0.0625 58
239 0.125 38
239 0.1875 43
239 0.25 27
239 0.3125 26
239 0.375 23
239 0.4375 25
239 0.5 22
239 0.5625 20
239 0.625 32
239 0.6875 48
239 0.75 52
239 0.8125 66
239 0.875 87
239 0.9375 96
240 0 71
240 0.0625 66
240 0.125 45
240 0.1875 35
240 0.25 27
240 0.3125 26
240 0.375 25
240 0.4375 20
240 0.5 28
240 0.5625 22
240 0.625 23
240 0.6875 42
240 0.75 53
240 0.8125 65
240 0.875 81
240 0.9375 97
241 0 72
241 0.0625 59
241 0.125 42
241 0.1875 36
241 0.25 23
241 0.3125 19
241 0.375 19
241 0.4375 21
241 0.5 15
241 0.5625 15
241 0.625 18
241 0.6875 38
241 0.75 47
241 0.8125 85
241 0.875 78
241 0.9375 79
242 0 77
242 0.0625 53
242 0.125 36
242 0.1875 27
242 0.25 29
242 0.3125 17
242 0.375 14
242 0.4375 20
242 0.5 11
242 0.5625 21
242 0.625 23
242 0.6875 32
242 0.75 59
242 0.8125 66
242 0.875 82
242 0.9375 82
243 0 58
243 0.0625 60
243 0.125 46
243 0.1875 28
243 0.25 23
243 0.3125 27
243 0.375 17
243 0.4375 16
243 0.5 16
243 0.5625 20
243 0.625 32
243 0.6875 38
243 0.75 60
243 0.8125 66
243 0.875 97
243 0.9375 81
244 0 68
244 0.0625 57
244 0.125 40
244 0.1875 37
244 0.25 24
244 0.3125 24
244 0.375 24
244 0.4375 21
244 0.5 22
244 0.5625 16
244 0.625 25
244 0.6875 32
244 0.75 59
244 0.8125 55
244 0.875 86
244 0.9375 81
245 0 54
245 0.0625 54
245 0.125 36
245 0.1875 40
245 0.25 25
245 0.3125 22
245 0.375 31
245 0.4375 25
245 0.5 20
245 0.5625 7
245 0.625 27
245 0.6875 44
245 0.75 46
245 0.8125 56
245 0.875 83
245 0.9375 66
246 0 59
246 0.0625 62
246 0.125 42
246 0.1875 36
246 0.25 33
246 0.3125 20
246 0.375 27
246 0.4375 22
246 0.5 19
246 0.5625 23
246 0.625 26
246 0.6875 34
246 0.75 42
246 0.8125 68
246 0.875 66
246 0.9375 77
247 0 58
247 0.0625 52
247 0.125 37
247 0.1875 34
247 0.25 22
247 0.3125 26
247 0.375 29
247 0.4375 22
247 0.5 20
247 0.5625 17
247 0.625 29
247 0.6875 31
247 0.75 61
247 0.8125 68
247 0.875 70
247 0.9375 80
248 0 68
248 0.0625 56
248 0.125 34
248 0.1875 32
248 0.25 16
248 0.3125 22
248 0.375 22
248 0.4375 20
248 0.5 22
248 0.5625 20
248 0.625 26
248 0.6875 37
248 0.75 67
248 0.8125 62
248 0.875 85
248 0.9375 79
249 0 74
249 0.0625 49
249 0.125 36
249 0.1875 24
249 0.25 21
249 0.3125 17
249 0.375 15
249 0.4375 23
249 0.5 22
249 0.5625 14
249 0.625 24
249 0.6875 29
249 0.75 51
249 0.8125 70
249 0.875 73
249 0.9375 76
250 0 58
250 0.0625 53
250 0.125 27
250 0.1875 38
250 0.25 21
250 0.3125 19
250 0.375 25
250 0.4375 15
250 0.5 21
250 0.5625 22
250 0.625 21
250 0.6875 33
250 0.75 43
250 0.8125 61
250 0.875 84
250 0.9375 72
251 0 66
251 0.0625 50
251 0.125 25
251 0.1875 28
251 0.25 24
251 0.3125 22
251 0.375 21
251 0.4375 13
251 0.5 14
251 0.5625 23
251 0.625 22
251 0.6875 34
251 0.75 52
251 0.8125 45
251 0.875 84
251 0.9375 74
252 0 61
252 0.0625 52
252 0.125 30
252 0.1875 33
252 0.25 29
252 0.3125 19
252 0.375 31
252 0.4375 17
252 0.5 16
252 0.5625 17
252 0.625 22
252 0.6875 33
252 0.75 49
252 0.8125 61
252 0.875 67
252 0.9375 72
253 0 55
253 0.0625 55
253 0.125 28
253 0.1875 37
253 0.25 25
253 0.3125 14
253 0.375 24
253 0.4375 28
253 0.5 11
253 0.5625 18
253 0.625 22
253 0.6875 28
253 0.75 49
253 0.8125 63
253 0.875 78
253 0.9375 52
254 0 59
254 0.0625 55
254 0.125 33
254 0.1875 26
254 0.25 29
254 0.3125 18
254 0.375 29
254 0.4375 24
254 0.5 20
254 0.5625 18
254 0.625 24
254 0.6875 31
254 0.75 42
254 0.8125 66
254 0.875 68
254 0.9375 61
255 0 60
255 0.0625 51
255 0.125 26
255 0.1875 21
255 0.25 20
255 0.3125 18
255 0.375 22
255 0.4375 19
255 0.5 25
255 0.5625 19
255 0.625 23
255 0.6875 34
255 0.75 42
255 0.8125 46
255 0.875 75
255 0.9375 74
256 0 48
256 0.0625 55
256 0.125 32
256 0.1875 26
256 0.25 25
256 0.3125 15
256 0.375 22
256 0.4375 23
256 0.5 17
256 0.5625 12
256 0.625 26
256 0.6875 30
256 0.75 40
256 0.8125 52
256 0.875 73
256 0.9375 63
257 0 62
257 0.0625 49
257 0.125 35
257 0.1875 31
257 0.25 21
257 0.3125 21
257 0.375 14
257 0.4375 15
257 0.5 13
257 0.5625 15
257 0.625 23
257 0.6875 40
257 0.75 49
257 0.8125 72
257 0.875 76
257 0.9375 54
258 0 54
258 0.0625 46
258 0.125 37
258 0.1875 24
258 0.25 26
258 0.3125 16
258 0.375 17
258 0.4375 17
258 0.5 11
258 0.5625 15
258 0.625 23
258 0.6875 26
258 0.75 54
258 0.8125 63
258 0.875 65
258 0.9375 69
259 0 77
259 0.0625 49
259 0.125 42
259 0.1875 35
259 0.25 25
259 0.3125 14
259 0.375 20
259 0.4375 19
259 0.5 18
259 0.5625 14
259 0.625 18
259 0.6875 26
259 0.75 46
259 0.8125 56
259 0.875 57
259 0.9375 88
260 0 62
260 0.0625 34
260 0.125 36
260 0.1875 19
260 0.25 22
260 0.3125 24
260 0.375 12
260 0.4375 27
260 0.5 14
260 0.5625 15
260 0.625 17
260 0.6875 31
260 0.75 41
260 0.8125 50
260 0.875 62
260 0.9375 62
261 0 57
261 0.0625 47
261 0.125 28
261 0.1875 26
261 0.25 12
261 0.3125 18
261 0.375 26
261 0.4375 25
261 0.5 11
261 0.5625 20
261 0.625 15
261 0.6875 38
261 0.75 39
261 0.8125 52
261 0.875 52
261 0.9375 62
262 0 41
262 0.0625 46
262 0.125 26
262 0.1875 27
262 0.25 26
262 0.3125 10
262 0.375 20
262 0.4375 20
262 0.5 9
262 0.5625 18
262 0.625 19
262 0.6875 31
262 0.75 38
262 0.8125 77
262 0.875 66
262 0.9375 69
263 0 46
263 0.0625 38
263 0.125 21
263 0.1875 24
263 0.25 15
263 0.3125 14
263 0.375 13
263 0.4375 12
263 0.5 13
263 0.5625 13
263 0.625 19
263 0.6875 18
263 0.75 51
263 0.8125 46
263 0.875 57
263 0.9375 51
264 0 48
264 0.0625 34
264 0.125 36
264 0.1875 26
264 0.25 22
264 0.3125 19
264 0.375 9
264 0.4375 17
264 0.5 18
264 0.5625 13
264 0.625 14
264 0.6875 17
264 0.75 32
264 0.8125 43
264 0.875 48
264 0.9375 54
265 0 67
265 0.0625 50
265 0.125 19
265 0.1875 22
265 0.25 13
265 0.3125 17
265 0.375 17
265 0.4375 15
265 0.5 20
265 0.5625 26
265 0.625 22
265 0.6875 29
265 0.75 43
265 0.8125 58
265 0.875 51
265 0.9375 59
266 0 44
266 0.0625 38
266 0.125 30
266 0.1875 16
266 0.25 13
266 0.3125 20
266 0.375 9
266 0.4375 19
266 0.5 22
266 0.5625 15
266 0.625 21
266 0.6875 25
266 0.75 40
266 0.8125 61
266 0.875 73
266 0.9375 52
267 0 33
267 0.0625 42
267 0.125 25
267 0.1875 24
267 0.25 18
267 0.3125 13
267 0.375 16
267 0.4375 15
267 0.5 16
267 0.5625 17
267 0.625 27
267 0.6875 24
267 0.75 37
267 0.8125 48
267 0.875 64
267 0.9375 49
268 0 41
268 0.0625 46
268 0.125 15
268 0.1875 16
268 0.25 16
268 0.3125 19
268 0.375 18
268 0.4375 18
268 0.5 13
268 0.5625 16
268 0.625 21
268 0.6875 25
268 0.75 36
268 0.8125 55
268 0.875 57
268 0.9375 53
269 0 55
269 0.0625 18
269 0.125 23
269 0.1875 20
269 0.25 19
269 0.3125 18
269 0.375 15
269 0.4375 15
269 0.5 8
269 0.5625 18
269 0.625 22
269 0.6875 31
269 0.75 37
269 0.8125 43
269 0.875 59
269 0.9375 56
270 0 43
270 0.0625 35
270 0.125 25
270 0.1875 17
270 0.25 29
270 0.3125 22
270 0.375 16
270 0.4375 19
270 0.5 28
270 0.5625 13
270 0.625 12
270 0.6875 23
270 0.75 34
270 0.8125 49
270 0.875 50
270 0.9375 65
271 0 40
271 0.0625 34
271 0.125 29
271 0.1875 23
271 0.25 18
271 0.3125 10
271 0.375 15
271 0.4375 14
271 0.5 15
271 0.5625 19
271 0.625 14
271 0.6875 30
271 0.75 37
271 0.8125 30
271 0.875 56
271 0.9375 45
272 0 39
272 0.0625 37
272 0.125 34
272 0.1875 22
272 0.25 29
272 0.3125 9
272 0.375 21
272 0.4375 13
272 0.5 15
272 0.5625 10
272 0.625 17
272 0.6875 24
272 0.75 39
272 0.8125 42
272 0.875 48
272 0.9375 39
273 0 43
273 0.0625 41
273 0.125 25
273 0.1875 22
273 0.25 24
273 0.3125 14
273 0.375 14
273 0.4375 18
273 0.5 19
273 0.5625 17
273 0.625 24
273 0.6875 26
273 0.75 37
273 0.8125 48
273 0.875 41
273 0.9375 41
274 0 37
274 0.0625 39
274 0.125 28
274 0.1875 14
274 0.25 15
274 0.3125 22
274 0.375 15
274 0.4375 12
274 0.5 10
274 0.5625 24
274 0.625 15
274 0.6875 19
274 0.75 46
274 0.8125 42
274 0.875 43
274 0.9375 46
275 0 38
275 0.0625 36
275 0.125 31
275 0.1875 24
275 0.25 15
275 0.3125 22
275 0.375 16
275 0.4375 16
275 0.5 14
275 0.5625 11
275 0.625 15
275 0.6875 23
275 0.75 34
275 0.8125 41
275 0.875 49
275 0.9375 24
276 0 49
276 0.0625 24
276 0.125 28
276 0.1875 17
276 0.25 18
276 0.3125 14
276 0.375 11
276 0.4375 19
276 0.5 20
276 0.5625 15
276 0.625 18
276 0.6875 36
276 0.75 43
276 0.8125 42
276 0.875 43
276 0.9375 44
277 0 40
277 0.0625 34
277 0.125 26
277 0.1875 27
277 0.25 17
277 0.3125 17
277 0.375 14
277 0.4375 17
277 0.5 15
277 0.5625 10
277 0.625 20
277 0.6875 26
277 0.75 35
277 0.8125 39
277 0.875 58
277 0.9375 61
278 0 40
278 0.0625 29
278 0.125 31
278 0.1875 14
278 0.25 21
278 0.3125 12
278 0.375 16
278 0.4375 15
278 0.5 11
278 0.5625 17
278 0.625 14
278 0.6875 24
278 0.75 31
278 0.8125 59
278 0.875 44
278 0.9375 39
279 0 37
279 0.0625 36
279 0.125 22
279 0.1875 23
279 0.25 18
279 0.3125 15
279 0.375 17
279 0.4375 9
279 0.5 12
279 0.5625 16
279 0.625 18
279 0.6875 23
279 0.75 27
279 0.8125 51
279 0.875 37
279 0.9375 52
280 0 37
280 0.0625 25
280 0.125 30
280 0.1875 25
280 0.25 9
280 0.3125 17
280 0.375 21
280 0.4375 18
280 0.5 11
280 0.5625 13
280 0.625 19
280 0.6875 19
280 0.75 26
280 0.8125 49
280 0.875 61
280 0.9375 70
281 0 35
281 0.0625 27
281 0.125 23
281 0.1875 23
281 0.25 15
281 0.3125 16
281 0.375 16
281 0.4375 18
281 0.5 19
281 0.5625 10
281 0.625 14
281 0.6875 25
281 0.75 36
281 0.8125 43
281 0.875 46
281 0.9375 47
282 0 37
282 0.0625 36
282 0.125 18
282 0.1875 16
282 0.25 25
282 0.3125 16
282 0.375 15
282 0.4375 15
282 0.5 16
282 0.5625 19
282 0.625 16
282 0.6875 24
282 0.75 32
282 0.8125 38
282 0.875 48
282 0.9375 47
283 0 32
283 0.0625 33
283 0.125 19
283 0.1875 23
283 0.25 14
283 0.3125 12
283 0.375 21
283 0.4375 22
283 0.5 5
283 0.5625 20
283 0.625 18
283 0.6875 20
283 0.75 42
283 0.8125 29
283 0.875 58
283 0.9375 35
284 0 47
284 0.0625 27
284 0.125 23
284 0.1875 18
284 0.25 21
284 0.3125 25
284 0.375 11
284 0.4375 15
284 0.5 15
284 0.5625 15
284 0.625 18
284 0.6875 17
284 0.75 39
284 0.8125 36
284 0.875 36
284 0.9375 52
285 0 36
285 0.0625 35
285 0.125 22
285 0.1875 16
285 0.25 10
285 0.3125 21
285 0.375 18
285 0.4375 15
285 0.5 12
285 0.5625 12
285 0.625 17
285 0.6875 14
285 0.75 35
285 0.8125 38
285 0.875 43
285 0.9375 35
286 0 44
286 0.0625 35
286 0.125 27
286 0.1875 19
286 0.25 23
286 0.3125 23
286 0.375 11
286 0.4375 18
286 0.5 17
286 0.5625 21
286 0.625 17
286 0.6875 22
286 0.75 30
286 0.8125 35
286 0.875 34
286 0.9375 49
287 0 32
287 0.0625 29
287 0.125 16
287 0.1875 21
287 0.25 20
287 0.3125 17
287 0.375 17
287 0.4375 19
287 0.5 9
287 0.5625 18
287 0.625 11
287 0.6875 21
287 0.75 23
287 0.8125 33
287 0.875 42
287 0.9375 55
288 0 29
288 0.0625 37
288 0.125 25
288 0.1875 20
288 0.25 21
288 0.3125 24
288 0.375 8
288 0.4375 18
288 0.5 11
288 0.5625 16
288 0.625 9
288 0.6875 25
288 0.75 29
288 0.8125 50
288 0.875 42
288 0.9375 40
289 0 37
289 0.0625 33
289 0.125 26
289 0.1875 20
289 0.25 18
289 0.3125 17
289 0.375 12
289 0.4375 11
289 0.5 8
289 0.5625 16
289 0.625 18
289 0.6875 20
289 0.75 26
289 0.8125 36
289 0.875 42
289 0.9375 40
290 0 25
290 0.0625 36
290 0.125 22
290 0.1875 24
290 0.25 14
290 0.3125 26
290 0.375 11
290 0.4375 15
290 0.5 13
290 0.5625 16
290 0.625 17
290 0.6875 18
290 0.75 27
290 0.8125 24
290 0.875 55
290 0.9375 53
291 0 39
291 0.0625 24
291 0.125 18
291 0.1875 12
291 0.25 12
291 0.3125 11
291 0.375 17
291 0.4375 13
291 0.5 23
291 0.5625 15
291 0.625 13
291 0.6875 27
291 0.75 25
291 0.8125 32
291 0.875 36
291 0.9375 46
292 0 39
292 0.0625 22
292 0.125 21
292 0.1875 16
292 0.25 13
292 0.3125 17
292 0.375 11
292 0.4375 13
292 0.5 10
292 0.5625 11
292 0.625 15
292 0.6875 24
292 0.75 26
292 0.8125 30
292 0.875 27
292 0.9375 41
293 0 41
293 0.0625 34
293 0.125 23
293 0.1875 11
293 0.25 14
293 0.3125 6
293 0.375 23
293 0.4375 13
293 0.5 9
293 0.5625 15
293 0.625 8
293 0.6875 17
293 0.75 27
293 0.8125 34
293 0.875 42
293 0.9375 40
294 0 27
294 0.0625 32
294 0.125 18
294 0.1875 17
294 0.25 9
294 0.3125 14
294 0.375 19
294 0.4375 14
294 0.5 15
294 0.5625 10
294 0.625 18
294 0.6875 29
294 0.75 27
294 0.8125 34
294 0.875 35
294 0.9375 40
295 0 32
295 0.0625 21
295 0.125 15
295 0.1875 23
295 0.25 15
295 0.3125 24
295 0.375 9
295 0.4375 17
295 0.5 12
295 0.5625 21
295 0.625 20
295 0.6875 18
295 0.75 23
295 0.8125 34
295 0.875 33
295 0.9375 44
296 0 33
296 0.0625 22
296 0.125 21
296 0.1875 20
296 0.25 14
296 0.3125 16
296 0.375 14
296 0.4375 15
296 0.5 14
296 0.5625 11
296 0.625 12
296 0.6875 19
296 0.75 22
296 0.8125 36
296 0.875 29
296 0.9375 29
297 0 46
297 0.0625 30
297 0.125 19
297 0.1875 13
297 0.25 13
297 0.3125 9
297 0.375 8
297 0.4375 8
297 0.5 7
297 0.5625 10
297 0.625 11
297 0.6875 19
297 0.75 25
297 0.8125 35
297 0.875 36
297 0.9375 42
298 0 46
298 0.0625 23
298 0.125 19
298 0.1875 18
298 0.25 18
298 0.3125 12
298 0.375 10
298 0.4375 16
298 0.5 12
298 0.5625 10
298 0.625 16
298 0.6875 16
298 0.75 30
298 0.8125 24
298 0.875 35
298 0.9375 30
299 0 25
299 0.0625 28
299 0.125 23
299 0.1875 13
299 0.25 19
299 0.3125 10
299 0.375 15
299 0.4375 18
299 0.5 8
299 0.5625 16
299 0.625 18
299 0.6875 12
299 0.75 33
299 0.8125 32
299 0.875 42
299 0.9375 27
300 0 39
300 0.0625 27
300 0.125 21
300 0.1875 19
300 0.25 9
300 0.3125 10
300 0.375 11
300 0.4375 12
300 0.5 16
300 0.5625 10
300 0.625 15
300 0.6875 15
300 0.75 27
300 0.8125 34
300 0.875 34
300 0.9375 42
