1 0 449
1 0.0625 460
1 0.125 463
1 0.1875 426
1 0.25 436
1 0.3125 450
1 0.375 437
1 0.4375 451
1 0.5 430
1 0.5625 444
1 0.625 399
1 0.6875 450
1 0.75 440
1 0.8125 456
1 0.875 495
1 0.9375 434
2 0 549
2 0.0625 528
2 0.125 525
2 0.1875 511
2 0.25 501
2 0.3125 511
2 0.375 507
2 0.4375 438
2 0.5 498
2 0.5625 488
2 0.625 538
2 0.6875 526
2 0.75 549
2 0.8125 513
2 0.875 518
2 0.9375 539
3 0 593
3 0.0625 585
3 0.125 565
3 0.1875 559
3 0.25 592
3 0.3125 567
3 0.375 516
3 0.4375 573
3 0.5 577
3 0.5625 600
3 0.625 528
3 0.6875 539
3 0.75 562
3 0.8125 583
3 0.875 581
3 0.9375 601
4 0 614
4 0.0625 577
4 0.125 595
4 0.1875 621
4 0.25 586
4 0.3125 591
4 0.375 565
4 0.4375 586
4 0.5 604
4 0.5625 589
4 0.625 600
4 0.6875 637
4 0.75 591
4 0.8125 637
4 0.875 673
4 0.9375 639
5 0 653
5 0.0625 690
5 0.125 635
5 0.1875 649
5 0.25 639
5 0.3125 644
5 0.375 576
5 0.4375 631
5 0.5 659
5 0.5625 639
5 0.625 642
5 0.6875 656
5 0.75 672
5 0.8125 673
5 0.875 697
5 0.9375 695
6 0 761
6 0.0625 751
6 0.125 681
6 0.1875 708
6 0.25 682
6 0.3125 677
6 0.375 626
6 0.4375 653
6 0.5 694
6 0.5625 670
6 0.625 637
6 0.6875 659
6 0.75 667
6 0.8125 731
6 0.875 773
6 0.9375 757
7 0 827
7 0.0625 717
7 0.125 746
7 0.1875 693
7 0.25 765
7 0.3125 657
7 0.375 642
7 0.4375 689
7 0.5 675
7 0.5625 674
7 0.625 689
7 0.6875 704
7 0.75 784
7 0.8125 775
7 0.875 784
7 0.9375 796
8 0 882
8 0.0625 798
8 0.125 808
8 0.1875 805
8 0.25 818
8 0.3125 783
8 0.375 768
8 0.4375 750
8 0.5 715
8 0.5625 713
8 0.625 776
8 0.6875 780
8 0.75 843
8 0.8125 893
8 0.875 857
8 0.9375 860
9 0 976
9 0.0625 938
9 0.125 823
9 0.1875 860
9 0.25 835
9 0.3125 751
9 0.375 797
9 0.4375 747
9 0.5 763
9 0.5625 822
9 0.625 786
9 0.6875 797
9 0.75 808
9 0.8125 930
9 0.875 901
9 0.9375 986
10 0 1052
10 0.0625 1012
10 0.125 955
10 0.1875 965
10 0.25 851
10 0.3125 869
10 0.375 784
10 0.4375 815
10 0.5 857
10 0.5625 845
10 0.625 889
10 0.6875 880
10 0.75 917
10 0.8125 1027
10 0.875 1040
10 0.9375 1056
11 0 1112
11 0.0625 1123
11 0.125 1061
11 0.1875 998
11 0.25 971
11 0.3125 941
11 0.375 908
11 0.4375 873
11 0.5 904
11 0.5625 911
11 0.625 856
11 0.6875 929
11 0.75 977
11 0.8125 1034
11 0.875 1058
11 0.9375 1140
12 0 1228
12 0.0625 1198
12 0.125 1149
12 0.1875 1023
12 0.25 1033
12 0.3125 942
12 0.375 974
12 0.4375 973
12 0.5 952
12 0.5625 935
12 0.625 1002
12 0.6875 962
12 0.75 1074
12 0.8125 1154
12 0.875 1169
12 0.9375 1213
13 0 1290
13 0.0625 1264
13 0.125 1212
13 0.1875 1200
13 0.25 1105
13 0.3125 1042
13 0.375 1034
13 0.4375 1025
13 0.5 1008
13 0.5625 971
13 0.625 988
13 0.6875 1087
13 0.75 1119
13 0.8125 1205
13 0.875 1244
13 0.9375 1331
14 0 1382
14 0.0625 1364
14 0.125 1210
14 0.1875 1184
14 0.25 1131
14 0.3125 1083
14 0.375 1027
14 0.4375 999
14 0.5 1039
14 0.5625 1025
14 0.625 1010
14 0.6875 1123
14 0.75 1210
14 0.8125 1291
14 0.875 1371
14 0.9375 1354
15 0 1438
15 0.0625 1413
15 0.125 1291
15 0.1875 1232
15 0.25 1148
15 0.3125 1111
15 0.375 1026
15 0.4375 1059
15 0.5 1015
15 0.5625 1047
15 0.625 1106
15 0.6875 1131
15 0.75 1224
15 0.8125 1315
15 0.875 1419
15 0.9375 1468
16 0 1486
16 0.0625 1453
16 0.125 1247
16 0.1875 1213
16 0.25 1145
16 0.3125 1104
16 0.375 1041
16 0.4375 1046
16 0.5 1060
16 0.5625 1039
16 0.625 1080
16 0.6875 1104
16 0.75 1189
16 0.8125 1280
16 0.875 1418
16 0.9375 1477
17 0 1463
17 0.0625 1373
17 0.125 1314
17 0.1875 1252
17 0.25 1158
17 0.3125 1154
17 0.375 1019
17 0.4375 1046
17 0.5 982
17 0.5625 1056
17 0.625 1015
17 0.6875 1121
17 0.75 1227
17 0.8125 1284
17 0.875 1427
17 0.9375 1516
18 0 1497
18 0.0625 1337
18 0.125 1352
18 0.1875 1213
18 0.25 1164
18 0.3125 1047
18 0.375 1004
18 0.4375 1062
18 0.5 991
18 0.5625 1013
18 0.625 1025
18 0.6875 998
18 0.75 1180
18 0.8125 1319
18 0.875 1446
18 0.9375 1416
19 0 1474
19 0.0625 1427
19 0.125 1392
19 0.1875 1216
19 0.25 1135
19 0.3125 1114
19 0.375 1023
19 0.4375 987
19 0.5 968
19 0.5625 990
19 0.625 1008
19 0.6875 1107
19 0.75 1159
19 0.8125 1369
19 0.875 1376
19 0.9375 1458
20 0 1348
20 0.0625 1343
20 0.125 1228
20 0.1875 1127
20 0.25 1051
20 0.3125 971
20 0.375 968
20 0.4375 953
20 0.5 933
20 0.5625 939
20 0.625 1004
20 0.6875 1037
20 0.75 1162
20 0.8125 1347
20 0.875 1426
20 0.9375 1373
21 0 1526
21 0.0625 1378
21 0.125 1230
21 0.1875 1148
21 0.25 1063
21 0.3125 969
21 0.375 833
21 0.4375 893
21 0.5 839
21 0.5625 853
21 0.625 937
21 0.6875 980
21 0.75 1142
21 0.8125 1292
21 0.875 1380
21 0.9375 1435
22 0 1459
22 0.0625 1289
22 0.125 1246
22 0.1875 1088
22 0.25 1094
22 0.3125 905
22 0.375 936
22 0.4375 867
22 0.5 832
22 0.5625 846
22 0.625 863
22 0.6875 935
22 0.75 1071
22 0.8125 1182
22 0.875 1373
22 0.9375 1421
23 0 1436
23 0.0625 1296
23 0.125 1200
23 0.1875 1074
23 0.25 1007
23 0.3125 871
23 0.375 879
23 0.4375 818
23 0.5 805
23 0.5625 831
23 0.625 862
23 0.6875 1012
23 0.75 1094
23 0.8125 1269
23 0.875 1301
23 0.9375 1429
24 0 1441
24 0.0625 1348
24 0.125 1230
24 0.1875 1069
24 0.25 909
24 0.3125 885
24 0.375 774
24 0.4375 786
24 0.5 811
24 0.5625 766
24 0.625 806
24 0.6875 955
24 0.75 1066
24 0.8125 1275
24 0.875 1435
24 0.9375 1488
25 0 1423
25 0.0625 1356
25 0.125 1293
25 0.1875 1102
25 0.25 958
25 0.3125 940
25 0.375 859
25 0.4375 706
25 0.5 816
25 0.5625 759
25 0.625 800
25 0.6875 934
25 0.75 1068
25 0.8125 1293
25 0.875 1447
25 0.9375 1412
26 0 1441
26 0.0625 1404
26 0.125 1251
26 0.1875 1064
26 0.25 975
26 0.3125 832
26 0.375 832
26 0.4375 842
26 0.5 741
26 0.5625 725
26 0.625 836
26 0.6875 930
26 0.75 1055
26 0.8125 1197
26 0.875 1411
26 0.9375 1435
27 0 1518
27 0.0625 1444
27 0.125 1231
27 0.1875 1072
27 0.25 989
27 0.3125 892
27 0.375 796
27 0.4375 797
27 0.5 757
27 0.5625 736
27 0.625 809
27 0.6875 925
27 0.75 1114
27 0.8125 1336
27 0.875 1485
27 0.9375 1530
28 0 1514
28 0.0625 1336
28 0.125 1189
28 0.1875 1127
28 0.25 966
28 0.3125 894
28 0.375 794
28 0.4375 808
28 0.5 722
28 0.5625 730
28 0.625 777
28 0.6875 934
28 0.75 1123
28 0.8125 1245
28 0.875 1470
28 0.9375 1578
29 0 1509
29 0.0625 1374
29 0.125 1297
29 0.1875 1135
29 0.25 939
29 0.3125 823
29 0.375 843
29 0.4375 804
29 0.5 778
29 0.5625 749
29 0.625 786
29 0.6875 908
29 0.75 1118
29 0.8125 1260
29 0.875 1443
29 0.9375 1565
30 0 1564
30 0.0625 1495
30 0.125 1303
30 0.1875 1094
30 0.25 973
30 0.3125 860
30 0.375 767
30 0.4375 729
30 0.5 696
30 0.5625 759
30 0.625 809
30 0.6875 902
30 0.75 1118
30 0.8125 1294
30 0.875 1511
30 0.9375 1611
31 0 1491
31 0.0625 1540
31 0.125 1323
31 0.1875 1105
31 0.25 909
31 0.3125 814
31 0.375 769
31 0.4375 721
31 0.5 759
31 0.5625 726
31 0.625 791
31 0.6875 852
31 0.75 1065
31 0.8125 1353
31 0.875 1466
31 0.9375 1561
32 0 1531
32 0.0625 1417
32 0.125 1300
32 0.1875 1061
32 0.25 912
32 0.3125 816
32 0.375 763
32 0.4375 701
32 0.5 673
32 0.5625 743
32 0.625 792
32 0.6875 844
32 0.75 1102
32 0.8125 1352
32 0.875 1539
32 0.9375 1562
33 0 1572
33 0.0625 1478
33 0.125 1235
33 0.1875 1048
33 0.25 858
33 0.3125 795
33 0.375 713
33 0.4375 678
33 0.5 698
33 0.5625 728
33 0.625 692
33 0.6875 848
33 0.75 1068
33 0.8125 1349
33 0.875 1506
33 0.9375 1587
34 0 1605
34 0.0625 1428
34 0.125 1238
34 0.1875 1059
34 0.25 911
34 0.3125 782
34 0.375 711
34 0.4375 668
34 0.5 645
34 0.5625 642
34 0.625 706
34 0.6875 858
34 0.75 1077
34 0.8125 1296
34 0.875 1510
34 0.9375 1620
35 0 1593
35 0.0625 1379
35 0.125 1228
35 0.1875 1067
35 0.25 903
35 0.3125 772
35 0.375 684
35 0.4375 654
35 0.5 635
35 0.5625 651
35 0.625 697
35 0.6875 846
35 0.75 1095
35 0.8125 1298
35 0.875 1473
35 0.9375 1530
36 0 1600
36 0.0625 1492
36 0.125 1202
36 0.1875 1056
36 0.25 906
36 0.3125 766
36 0.375 699
36 0.4375 657
36 0.5 629
36 0.5625 644
36 0.625 703
36 0.6875 807
36 0.75 1067
36 0.8125 1316
36 0.875 1525
36 0.9375 1577
37 0 1631
37 0.0625 1428
37 0.125 1246
37 0.1875 1053
37 0.25 886
37 0.3125 784
37 0.375 673
37 0.4375 664
37 0.5 542
37 0.5625 610
37 0.625 724
37 0.6875 821
37 0.75 1042
37 0.8125 1287
37 0.875 1544
37 0.9375 1683
38 0 1638
38 0.0625 1465
38 0.125 1253
38 0.1875 1078
38 0.25 901
38 0.3125 747
38 0.375 620
38 0.4375 652
38 0.5 657
38 0.5625 586
38 0.625 691
38 0.6875 803
38 0.75 1055
38 0.8125 1381
38 0.875 1510
38 0.9375 1698
39 0 1621
39 0.0625 1504
39 0.125 1236
39 0.1875 1022
39 0.25 865
39 0.3125 713
39 0.375 601
39 0.4375 618
39 0.5 641
39 0.5625 567
39 0.625 662
39 0.6875 823
39 0.75 1051
39 0.8125 1284
39 0.875 1582
39 0.9375 1702
40 0 1564
40 0.0625 1489
40 0.125 1253
40 0.1875 1025
40 0.25 824
40 0.3125 747
40 0.375 676
40 0.4375 646
40 0.5 629
40 0.5625 610
40 0.625 614
40 0.6875 803
40 0.75 1050
40 0.8125 1319
40 0.875 1572
40 0.9375 1733
41 0 1706
41 0.0625 1480
41 0.125 1284
41 0.1875 1069
41 0.25 858
41 0.3125 688
41 0.375 604
41 0.4375 578
41 0.5 586
41 0.5625 569
41 0.625 692
41 0.6875 788
41 0.75 1117
41 0.8125 1354
41 0.875 1614
41 0.9375 1712
42 0 1640
42 0.0625 1463
42 0.125 1313
42 0.1875 1084
42 0.25 899
42 0.3125 724
42 0.375 635
42 0.4375 570
42 0.5 591
42 0.5625 527
42 0.625 593
42 0.6875 780
42 0.75 1082
42 0.8125 1306
42 0.875 1597
42 0.9375 1720
43 0 1668
43 0.0625 1451
43 0.125 1193
43 0.1875 1014
43 0.25 852
43 0.3125 705
43 0.375 609
43 0.4375 566
43 0.5 552
43 0.5625 547
43 0.625 597
43 0.6875 792
43 0.75 1001
43 0.8125 1425
43 0.875 1645
43 0.9375 1651
44 0 1582
44 0.0625 1452
44 0.125 1268
44 0.1875 1041
44 0.25 887
44 0.3125 708
44 0.375 645
44 0.4375 563
44 0.5 537
44 0.5625 552
44 0.625 609
44 0.6875 782
44 0.75 1005
44 0.8125 1382
44 0.875 1526
44 0.9375 1708
45 0 1647
45 0.0625 1409
45 0.125 1269
45 0.1875 980
45 0.25 779
45 0.3125 703
45 0.375 535
45 0.4375 520
45 0.5 518
45 0.5625 495
45 0.625 542
45 0.6875 721
45 0.75 1037
45 0.8125 1384
45 0.875 1646
45 0.9375 1672
46 0 1580
46 0.0625 1424
46 0.125 1183
46 0.1875 959
46 0.25 812
46 0.3125 640
46 0.375 551
46 0.4375 481
46 0.5 534
46 0.5625 517
46 0.625 575
46 0.6875 815
46 0.75 1022
46 0.8125 1312
46 0.875 1574
46 0.9375 1651
47 0 1640
47 0.0625 1412
47 0.125 1168
47 0.1875 967
47 0.25 801
47 0.3125 638
47 0.375 546
47 0.4375 520
47 0.5 505
47 0.5625 470
47 0.625 571
47 0.6875 722
47 0.75 989
47 0.8125 1285
47 0.875 1481
47 0.9375 1647
48 0 1556
48 0.0625 1358
48 0.125 1151
48 0.1875 947
48 0.25 771
48 0.3125 631
48 0.375 558
48 0.4375 464
48 0.5 476
48 0.5625 479
48 0.625 543
48 0.6875 725
48 0.75 983
48 0.8125 1327
48 0.875 1516
48 0.9375 1585
49 0 1543
49 0.0625 1359
49 0.125 1178
49 0.1875 928
49 0.25 734
49 0.3125 606
49 0.375 525
49 0.4375 499
49 0.5 481
49 0.5625 452
49 0.625 551
49 0.6875 724
49 0.75 975
49 0.8125 1278
49 0.875 1518
49 0.9375 1597
50 0 1632
50 0.0625 1436
50 0.125 1114
50 0.1875 870
50 0.25 746
50 0.3125 595
50 0.375 498
50 0.4375 442
50 0.5 416
50 0.5625 479
50 0.625 537
50 0.6875 720
50 0.75 965
50 0.8125 1243
50 0.875 1477
50 0.9375 1653
51 0 1562
51 0.0625 1356
51 0.125 1158
51 0.1875 913
51 0.25 690
51 0.3125 592
51 0.375 480
51 0.4375 459
51 0.5 431
51 0.5625 425
51 0.625 536
51 0.6875 690
51 0.75 947
51 0.8125 1245
51 0.875 1506
51 0.9375 1659
52 0 1575
52 0.0625 1395
52 0.125 1149
52 0.1875 905
52 0.25 709
52 0.3125 570
52 0.375 450
52 0.4375 449
52 0.5 444
52 0.5625 416
52 0.625 464
52 0.6875 642
52 0.75 1046
52 0.8125 1242
52 0.875 1506
52 0.9375 1658
53 0 1587
53 0.0625 1362
53 0.125 1102
53 0.1875 945
53 0.25 684
53 0.3125 537
53 0.375 460
53 0.4375 437
53 0.5 455
53 0.5625 409
53 0.625 491
53 0.6875 676
53 0.75 955
53 0.8125 1249
53 0.875 1453
53 0.9375 1613
54 0 1520
54 0.0625 1362
54 0.125 1090
54 0.1875 875
54 0.25 761
54 0.3125 535
54 0.375 459
54 0.4375 461
54 0.5 423
54 0.5625 410
54 0.625 472
54 0.6875 657
54 0.75 954
54 0.8125 1268
54 0.875 1486
54 0.9375 1611
55 0 1598
55 0.0625 1360
55 0.125 1121
55 0.1875 919
55 0.25 715
55 0.3125 557
55 0.375 464
55 0.4375 414
55 0.5 409
55 0.5625 417
55 0.625 479
55 0.6875 665
55 0.75 889
55 0.8125 1234
55 0.875 1509
55 0.9375 1630
56 0 1685
56 0.0625 1341
56 0.125 1136
56 0.1875 870
56 0.25 659
56 0.3125 542
56 0.375 477
56 0.4375 440
56 0.5 418
56 0.5625 396
56 0.625 456
56 0.6875 617
56 0.75 932
56 0.8125 1305
56 0.875 1511
56 0.9375 1691
57 0 1617
57 0.0625 1323
57 0.125 1213
57 0.1875 900
57 0.25 688
57 0.3125 494
57 0.375 430
57 0.4375 386
57 0.5 385
57 0.5625 417
57 0.625 449
57 0.6875 635
57 0.75 923
57 0.8125 1214
57 0.875 1539
57 0.9375 1631
58 0 1552
58 0.0625 1414
58 0.125 1180
58 0.1875 825
58 0.25 629
58 0.3125 558
58 0.375 448
58 0.4375 408
58 0.5 422
58 0.5625 363
58 0.625 459
58 0.6875 642
58 0.75 929
58 0.8125 1272
58 0.875 1548
58 0.9375 1679
59 0 1557
59 0.0625 1375
59 0.125 1084
59 0.1875 815
59 0.25 653
59 0.3125 505
59 0.375 477
59 0.4375 386
59 0.5 383
59 0.5625 391
59 0.625 463
59 0.6875 640
59 0.75 923
59 0.8125 1278
59 0.875 1509
59 0.9375 1627
60 0 1598
60 0.0625 1380
60 0.125 1097
60 0.1875 808
60 0.25 653
60 0.3125 522
60 0.375 453
60 0.4375 394
60 0.5 409
60 0.5625 365
60 0.625 436
60 0.6875 620
60 0.75 962
60 0.8125 1214
60 0.875 1511
60 0.9375 1682
61 0 1648
61 0.0625 1327
61 0.125 1111
61 0.1875 899
61 0.25 616
61 0.3125 519
61 0.375 450
61 0.4375 377
61 0.5 373
61 0.5625 358
61 0.625 480
61 0.6875 627
61 0.75 891
61 0.8125 1220
61 0.875 1502
61 0.9375 1682
62 0 1625
62 0.0625 1349
62 0.125 1070
62 0.1875 835
62 0.25 602
62 0.3125 460
62 0.375 420
62 0.4375 382
62 0.5 362
62 0.5625 395
62 0.625 436
62 0.6875 578
62 0.75 947
62 0.8125 1290
62 0.875 1423
62 0.9375 1588
63 0 1549
63 0.0625 1394
63 0.125 1074
63 0.1875 856
63 0.25 659
63 0.3125 503
63 0.375 424
63 0.4375 370
63 0.5 349
63 0.5625 409
63 0.625 407
63 0.6875 658
63 0.75 915
63 0.8125 1250
63 0.875 1531
63 0.9375 1621
64 0 1618
64 0.0625 1343
64 0.125 1056
64 0.1875 820
64 0.25 600
64 0.3125 490
64 0.375 381
64 0.4375 373
64 0.5 346
64 0.5625 341
64 0.625 435
64 0.6875 637
64 0.75 951
64 0.8125 1213
64 0.875 1493
64 0.9375 1643
65 0 1547
65 0.0625 1408
65 0.125 1070
65 0.1875 858
65 0.25 621
65 0.3125 524
65 0.375 420
65 0.4375 385
65 0.5 365
65 0.5625 390
65 0.625 434
65 0.6875 628
65 0.75 892
65 0.8125 1227
65 0.875 1539
65 0.9375 1618
66 0 1484
66 0.0625 1342
66 0.125 1036
66 0.1875 858
66 0.25 619
66 0.3125 497
66 0.375 377
66 0.4375 357
66 0.5 364
66 0.5625 367
66 0.625 438
66 0.6875 586
66 0.75 903
66 0.8125 1188
66 0.875 1469
66 0.9375 1592
67 0 1554
67 0.0625 1320
67 0.125 1048
67 0.1875 822
67 0.25 600
67 0.3125 476
67 0.375 395
67 0.4375 354
67 0.5 333
67 0.5625 329
67 0.625 408
67 0.6875 604
67 0.75 873
67 0.8125 1164
67 0.875 1476
67 0.9375 1631
68 0 1548
68 0.0625 1396
68 0.125 1054
68 0.1875 815
68 0.25 616
68 0.3125 458
68 0.375 380
68 0.4375 341
68 0.5 321
68 0.5625 305
68 0.625 395
68 0.6875 580
68 0.75 904
68 0.8125 1241
68 0.875 1562
68 0.9375 1592
69 0 1557
69 0.0625 1359
69 0.125 982
69 0.1875 787
69 0.25 614
69 0.3125 463
69 0.375 401
69 0.4375 329
69 0.5 308
69 0.5625 345
69 0.625 385
69 0.6875 593
69 0.75 875
69 0.8125 1207
69 0.875 1496
69 0.9375 1656
70 0 1560
70 0.0625 1357
70 0.125 1080
70 0.1875 788
70 0.25 562
70 0.3125 416
70 0.375 402
70 0.4375 338
70 0.5 299
70 0.5625 339
70 0.625 421
70 0.6875 615
70 0.75 834
70 0.8125 1216
70 0.875 1544
70 0.9375 1669
71 0 1534
71 0.0625 1247
71 0.125 992
71 0.1875 782
71 0.25 586
71 0.3125 442
71 0.375 379
71 0.4375 314
71 0.5 296
71 0.5625 305
71 0.625 389
71 0.6875 589
71 0.75 813
71 0.8125 1215
71 0.875 1471
71 0.9375 1498
72 0 1536
72 0.0625 1287
72 0.125 996
72 0.1875 782
72 0.25 542
72 0.3125 441
72 0.375 349
72 0.4375 366
72 0.5 297
72 0.5625 294
72 0.625 366
72 0.6875 569
72 0.75 852
72 0.8125 1253
72 0.875 1505
72 0.9375 1583
73 0 1485
73 0.0625 1279
73 0.125 1012
73 0.1875 736
73 0.25 585
73 0.3125 427
73 0.375 350
73 0.4375 319
73 0.5 299
73 0.5625 302
73 0.625 354
73 0.6875 553
73 0.75 853
73 0.8125 1162
73 0.875 1446
73 0.9375 1562
74 0 1576
74 0.0625 1253
74 0.125 1002
74 0.1875 765
74 0.25 550
74 0.3125 450
74 0.375 319
74 0.4375 335
74 0.5 282
74 0.5625 279
74 0.625 373
74 0.6875 591
74 0.75 865
74 0.8125 1121
74 0.875 1464
74 0.9375 1503
75 0 1489
75 0.0625 1267
75 0.125 964
75 0.1875 772
75 0.25 561
75 0.3125 397
75 0.375 348
75 0.4375 335
75 0.5 293
75 0.5625 299
75 0.625 367
75 0.6875 564
75 0.75 850
75 0.8125 1189
75 0.875 1464
75 0.9375 1555
76 0 1434
76 0.0625 1273
76 0.125 933
76 0.1875 684
76 0.25 534
76 0.3125 368
76 0.375 329
76 0.4375 287
76 0.5 298
76 0.5625 276
76 0.625 342
76 0.6875 575
76 0.75 829
76 0.8125 1134
76 0.875 1483
76 0.9375 1610
77 0 1517
77 0.0625 1215
77 0.125 974
77 0.1875 746
77 0.25 586
77 0.3125 442
77 0.375 320
77 0.4375 281
77 0.5 279
77 0.5625 282
77 0.625 351
77 0.6875 547
77 0.75 867
77 0.8125 1167
77 0.875 1386
77 0.9375 1538
78 0 1539
78 0.0625 1236
78 0.125 948
78 0.1875 719
78 0.25 524
78 0.3125 424
78 0.375 378
78 0.4375 278
78 0.5 301
78 0.5625 273
78 0.625 383
78 0.6875 522
78 0.75 841
78 0.8125 1218
78 0.875 1451
78 0.9375 1492
79 0 1460
79 0.0625 1224
79 0.125 971
79 0.1875 763
79 0.25 524
79 0.3125 392
79 0.375 345
79 0.4375 309
79 0.5 265
79 0.5625 285
79 0.625 349
79 0.6875 486
79 0.75 837
79 0.8125 1110
79 0.875 1337
79 0.9375 1558
80 0 1395
80 0.0625 1170
80 0.125 975
80 0.1875 677
80 0.25 490
80 0.3125 411
80 0.375 315
80 0.4375 304
80 0.5 272
80 0.5625 260
80 0.625 296
80 0.6875 551
80 0.75 828
80 0.8125 1155
80 0.875 1384
80 0.9375 1531
81 0 1489
81 0.0625 1209
81 0.125 916
81 0.1875 679
81 0.25 549
81 0.3125 411
81 0.375 323
81 0.4375 277
81 0.5 260
81 0.5625 265
81 0.625 319
81 0.6875 541
81 0.75 777
81 0.8125 1136
81 0.875 1324
81 0.9375 1518
82 0 1371
82 0.0625 1198
82 0.125 917
82 0.1875 679
82 0.25 499
82 0.3125 390
82 0.375 308
82 0.4375 256
82 0.5 269
82 0.5625 255
82 0.625 286
82 0.6875 481
82 0.75 855
82 0.8125 1142
82 0.875 1304
82 0.9375 1477
83 0 1350
83 0.0625 1188
83 0.125 937
83 0.1875 666
83 0.25 480
83 0.3125 385
83 0.375 286
83 0.4375 257
83 0.5 262
83 0.5625 263
83 0.625 309
83 0.6875 499
83 0.75 793
83 0.8125 1112
83 0.875 1394
83 0.9375 1481
84 0 1390
84 0.0625 1110
84 0.125 927
84 0.1875 643
84 0.25 472
84 0.3125 401
84 0.375 297
84 0.4375 244
84 0.5 271
84 0.5625 242
84 0.625 314
84 0.6875 516
84 0.75 796
84 0.8125 1056
84 0.875 1354
84 0.9375 1506
85 0 1377
85 0.0625 1159
85 0.125 891
85 0.1875 649
85 0.25 520
85 0.3125 378
85 0.375 305
85 0.4375 234
85 0.5 257
85 0.5625 232
85 0.625 321
85 0.6875 442
85 0.75 783
85 0.8125 1121
85 0.875 1363
85 0.9375 1508
86 0 1336
86 0.0625 1131
86 0.125 863
86 0.1875 668
86 0.25 462
86 0.3125 367
86 0.375 288
86 0.4375 247
86 0.5 246
86 0.5625 234
86 0.625 296
86 0.6875 458
86 0.75 768
86 0.8125 1129
86 0.875 1364
86 0.9375 1380
87 0 1331
87 0.0625 1106
87 0.125 798
87 0.1875 688
87 0.25 446
87 0.3125 345
87 0.375 284
87 0.4375 260
87 0.5 221
87 0.5625 237
87 0.625 282
87 0.6875 459
87 0.75 723
87 0.8125 1071
87 0.875 1298
87 0.9375 1385
88 0 1334
88 0.0625 1113
88 0.125 906
88 0.1875 610
88 0.25 475
88 0.3125 354
88 0.375 297
88 0.4375 259
88 0.5 245
88 0.5625 219
88 0.625 321
88 0.6875 456
88 0.75 769
88 0.8125 1082
88 0.875 1293
88 0.9375 1437
89 0 1321
89 0.0625 1103
89 0.125 871
89 0.1875 597
89 0.25 444
89 0.3125 352
89 0.375 276
89 0.4375 245
89 0.5 234
89 0.5625 226
89 0.625 285
89 0.6875 471
89 0.75 738
89 0.8125 1028
89 0.875 1267
89 0.9375 1388
90 0 1275
90 0.0625 1088
90 0.125 871
90 0.1875 618
90 0.25 451
90 0.3125 335
90 0.375 269
90 0.4375 255
90 0.5 230
90 0.5625 254
90 0.625 313
90 0.6875 465
90 0.75 783
90 0.8125 1106
90 0.875 1348
90 0.9375 1444
91 0 1332
91 0.0625 1119
91 0.125 806
91 0.1875 615
91 0.25 410
91 0.3125 313
91 0.375 277
91 0.4375 263
91 0.5 241
91 0.5625 231
91 0.625 293
91 0.6875 428
91 0.75 725
91 0.8125 1040
91 0.875 1226
91 0.9375 1415
92 0 1307
92 0.0625 1050
92 0.125 789
92 0.1875 581
92 0.25 432
92 0.3125 365
92 0.375 257
92 0.4375 239
92 0.5 214
92 0.5625 227
92 0.625 296
92 0.6875 487
92 0.75 722
92 0.8125 1036
92 0.875 1318
92 0.9375 1350
93 0 1249
93 0.0625 1077
93 0.125 815
93 0.1875 597
93 0.25 431
93 0.3125 345
93 0.375 252
93 0.4375 225
93 0.5 211
93 0.5625 247
93 0.625 266
93 0.6875 439
93 0.75 688
93 0.8125 1020
93 0.875 1214
93 0.9375 1324
94 0 1279
94 0.0625 982
94 0.125 853
94 0.1875 617
94 0.25 412
94 0.3125 292
94 0.375 280
94 0.4375 227
94 0.5 228
94 0.5625 225
94 0.625 272
94 0.6875 444
94 0.75 700
94 0.8125 982
94 0.875 1245
94 0.9375 1392
95 0 1227
95 0.0625 998
95 0.125 788
95 0.1875 565
95 0.25 444
95 0.3125 315
95 0.375 273
95 0.4375 199
95 0.5 217
95 0.5625 213
95 0.625 282
95 0.6875 426
95 0.75 719
95 0.8125 1024
95 0.875 1265
95 0.9375 1271
96 0 1267
96 0.0625 1034
96 0.125 773
96 0.1875 574
96 0.25 399
96 0.3125 311
96 0.375 226
96 0.4375 219
96 0.5 210
96 0.5625 208
96 0.625 272
96 0.6875 400
96 0.75 712
96 0.8125 964
96 0.875 1235
96 0.9375 1332
97 0 1227
97 0.0625 1066
97 0.125 720
97 0.1875 571
97 0.25 415
97 0.3125 288
97 0.375 233
97 0.4375 172
97 0.5 204
97 0.5625 194
97 0.625 249
97 0.6875 450
97 0.75 691
97 0.8125 946
97 0.875 1259
97 0.9375 1269
98 0 1180
98 0.0625 1004
98 0.125 803
98 0.1875 534
98 0.25 416
98 0.3125 278
98 0.375 249
98 0.4375 199
98 0.5 176
98 0.5625 180
98 0.625 276
98 0.6875 427
98 0.75 719
98 0.8125 914
98 0.875 1206
98 0.9375 1311
99 0 1251
99 0.0625 906
99 0.125 770
99 0.1875 530
99 0.25 380
99 0.3125 287
99 0.375 237
99 0.4375 197
99 0.5 172
99 0.5625 192
99 0.625 273
99 0.6875 413
99 0.75 709
99 0.8125 938
99 0.875 1195
99 0.9375 1294
100 0 1179
100 0.0625 962
100 0.125 723
100 0.1875 499
100 0.25 357
100 0.3125 315
100 0.375 230
100 0.4375 221
100 0.5 203
100 0.5625 200
100 0.625 237
100 0.6875 396
100 0.75 696
100 0.8125 994
100 0.875 1150
100 0.9375 1272
101 0 1170
101 0.0625 1009
101 0.125 705
101 0.1875 521
101 0.25 381
101 0.3125 305
101 0.375 239
101 0.4375 178
101 0.5 175
101 0.5625 205
101 0.625 256
101 0.6875 385
101 0.75 702
101 0.8125 968
101 0.875 1167
101 0.9375 1312
102 0 1130
102 0.0625 916
102 0.125 749
102 0.1875 559
102 0.25 352
102 0.3125 284
102 0.375 214
102 0.4375 206
102 0.5 199
102 0.5625 197
102 0.625 231
102 0.6875 412
102 0.75 721
102 0.8125 963
102 0.875 1110
102 0.9375 1224
103 0 1097
103 0.0625 928
103 0.125 739
103 0.1875 536
103 0.25 355
103 0.3125 270
103 0.375 233
103 0.4375 194
103 0.5 200
103 0.5625 176
103 0.625 240
103 0.6875 451
103 0.75 679
103 0.8125 866
103 0.875 1113
103 0.9375 1227
104 0 1160
104 0.0625 864
104 0.125 700
104 0.1875 516
104 0.25 421
104 0.3125 291
104 0.375 229
104 0.4375 176
104 0.5 187
104 0.5625 183
104 0.625 229
104 0.6875 409
104 0.75 640
104 0.8125 935
104 0.875 1164
104 0.9375 1212
105 0 1138
105 0.0625 910
105 0.125 715
105 0.1875 527
105 0.25 363
105 0.3125 249
105 0.375 210
105 0.4375 176
105 0.5 173
105 0.5625 171
105 0.625 212
105 0.6875 383
105 0.75 646
105 0.8125 925
105 0.875 1099
105 0.9375 1214
106 0 1094
106 0.0625 917
106 0.125 675
106 0.1875 460
106 0.25 338
106 0.3125 275
106 0.375 206
106 0.4375 187
106 0.5 172
106 0.5625 180
106 0.625 231
106 0.6875 392
106 0.75 651
106 0.8125 923
106 0.875 1071
106 0.9375 1196
107 0 1077
107 0.0625 950
107 0.125 677
107 0.1875 476
107 0.25 360
107 0.3125 252
107 0.375 225
107 0.4375 207
107 0.5 160
107 0.5625 181
107 0.625 215
107 0.6875 425
107 0.75 657
107 0.8125 922
107 0.875 1058
107 0.9375 1222
108 0 1112
108 0.0625 887
108 0.125 613
108 0.1875 463
108 0.25 347
108 0.3125 277
108 0.375 207
108 0.4375 176
108 0.5 159
108 0.5625 200
108 0.625 209
108 0.6875 371
108 0.75 662
108 0.8125 862
108 0.875 1114
108 0.9375 1121
109 0 1101
109 0.0625 840
109 0.125 620
109 0.1875 446
109 0.25 335
109 0.3125 245
109 0.375 200
109 0.4375 173
109 0.5 164
109 0.5625 189
109 0.625 220
109 0.6875 360
109 0.75 622
109 0.8125 854
109 0.875 1076
109 0.9375 1150
110 0 1039
110 0.0625 929
110 0.125 625
110 0.1875 507
110 0.25 370
110 0.3125 249
110 0.375 178
110 0.4375 182
110 0.5 155
110 0.5625 162
110 0.625 228
110 0.6875 368
110 0.75 628
110 0.8125 823
110 0.875 1034
110 0.9375 1147
111 0 991
111 0.0625 831
111 0.125 658
111 0.1875 476
111 0.25 303
111 0.3125 252
111 0.375 213
111 0.4375 177
111 0.5 137
111 0.5625 198
111 0.625 193
111 0.6875 353
111 0.75 571
111 0.8125 870
111 0.875 1016
111 0.9375 1153
112 0 1029
112 0.0625 861
112 0.125 628
112 0.1875 451
112 0.25 337
112 0.3125 206
112 0.375 192
112 0.4375 182
112 0.5 169
112 0.5625 150
112 0.625 191
112 0.6875 360
112 0.75 619
112 0.8125 836
112 0.875 1002
112 0.9375 1061
113 0 1034
113 0.0625 796
113 0.125 650
113 0.1875 425
113 0.25 315
113 0.3125 231
113 0.375 170
113 0.4375 180
113 0.5 143
113 0.5625 159
113 0.625 200
113 0.6875 332
113 0.75 601
113 0.8125 788
113 0.875 997
113 0.9375 1137
114 0 959
114 0.0625 812
114 0.125 584
114 0.1875 437
114 0.25 324
114 0.3125 238
114 0.375 207
114 0.4375 166
114 0.5 167
114 0.5625 163
114 0.625 204
114 0.6875 375
114 0.75 561
114 0.8125 781
114 0.875 987
114 0.9375 1080
115 0 1030
115 0.0625 827
115 0.125 616
115 0.1875 421
115 0.25 299
115 0.3125 237
115 0.375 185
115 0.4375 149
115 0.5 141
115 0.5625 159
115 0.625 203
115 0.6875 340
115 0.75 560
115 0.8125 833
115 0.875 1063
115 0.9375 1051
116 0 1022
116 0.0625 834
116 0.125 568
116 0.1875 410
116 0.25 301
116 0.3125 245
116 0.375 213
116 0.4375 187
116 0.5 160
116 0.5625 153
116 0.625 184
116 0.6875 363
116 0.75 554
116 0.8125 818
116 0.875 957
116 0.9375 1061
117 0 1027
117 0.0625 789
117 0.125 584
117 0.1875 422
117 0.25 324
117 0.3125 231
117 0.375 195
117 0.4375 153
117 0.5 133
117 0.5625 153
117 0.625 188
117 0.6875 342
117 0.75 551
117 0.8125 776
117 0.875 996
117 0.9375 1045
118 0 978
118 0.0625 764
118 0.125 566
118 0.1875 389
118 0.25 269
118 0.3125 247
118 0.375 178
118 0.4375 153
118 0.5 178
118 0.5625 167
118 0.625 198
118 0.6875 368
118 0.75 556
118 0.8125 788
118 0.875 943
118 0.9375 1065
119 0 903
119 0.0625 778
119 0.125 559
119 0.1875 394
119 0.25 301
119 0.3125 203
119 0.375 176
119 0.4375 153
119 0.5 139
119 0.5625 148
119 0.625 183
119 0.6875 324
119 0.75 549
119 0.8125 759
119 0.875 961
119 0.9375 1018
120 0 908
120 0.0625 761
120 0.125 542
120 0.1875 397
120 0.25 290
120 0.3125 201
120 0.375 160
120 0.4375 152
120 0.5 150
120 0.5625 137
120 0.625 186
120 0.6875 323
120 0.75 509
120 0.8125 741
120 0.875 940
120 0.9375 1055
121 0 927
121 0.0625 748
121 0.125 551
121 0.1875 359
121 0.25 306
121 0.3125 202
121 0.375 172
121 0.4375 161
121 0.5 139
121 0.5625 146
121 0.625 207
121 0.6875 309
121 0.75 539
121 0.8125 744
121 0.875 850
121 0.9375 983
122 0 924
122 0.0625 747
122 0.125 570
122 0.1875 390
122 0.25 295
122 0.3125 233
122 0.375 184
122 0.4375 146
122 0.5 138
122 0.5625 143
122 0.625 176
122 0.6875 304
122 0.75 511
122 0.8125 721
122 0.875 910
122 0.9375 973
123 0 886
123 0.0625 737
123 0.125 519
123 0.1875 367
123 0.25 258
123 0.3125 206
123 0.375 163
123 0.4375 127
123 0.5 132
123 0.5625 161
123 0.625 169
123 0.6875 320
123 0.75 553
123 0.8125 775
123 0.875 960
123 0.9375 964
124 0 900
124 0.0625 669
124 0.125 541
124 0.1875 319
124 0.25 255
124 0.3125 238
124 0.375 155
124 0.4375 144
124 0.5 107
124 0.5625 144
124 0.625 174
124 0.6875 278
124 0.75 473
124 0.8125 725
124 0.875 892
124 0.9375 957
125 0 875
125 0.0625 704
125 0.125 553
125 0.1875 362
125 0.25 284
125 0.3125 191
125 0.375 163
125 0.4375 145
125 0.5 175
125 0.5625 130
125 0.625 179
125 0.6875 321
125 0.75 490
125 0.8125 703
125 0.875 905
125 0.9375 972
126 0 831
126 0.0625 703
126 0.125 474
126 0.1875 397
126 0.25 239
126 0.3125 209
126 0.375 154
126 0.4375 149
126 0.5 136
126 0.5625 153
126 0.625 185
126 0.6875 291
126 0.75 494
126 0.8125 670
126 0.875 846
126 0.9375 967
127 0 814
127 0.0625 644
127 0.125 494
127 0.1875 365
127 0.25 271
127 0.3125 185
127 0.375 152
127 0.4375 153
127 0.5 128
127 0.5625 143
127 0.625 167
127 0.6875 295
127 0.75 504
127 0.8125 721
127 0.875 833
127 0.9375 983
128 0 825
128 0.0625 694
128 0.125 522
128 0.1875 354
128 0.25 269
128 0.3125 196
128 0.375 155
128 0.4375 132
128 0.5 123
128 0.5625 148
128 0.625 170
128 0.6875 301
128 0.75 442
128 0.8125 679
128 0.875 881
128 0.9375 944
129 0 804
129 0.0625 646
129 0.125 505
129 0.1875 328
129 0.25 230
129 0.3125 162
129 0.375 139
129 0.4375 117
129 0.5 135
129 0.5625 134
129 0.625 159
129 0.6875 266
129 0.75 478
129 0.8125 693
129 0.875 850
129 0.9375 915
130 0 825
130 0.0625 687
130 0.125 492
130 0.1875 322
130 0.25 251
130 0.3125 192
130 0.375 164
130 0.4375 125
130 0.5 118
130 0.5625 123
130 0.625 176
130 0.6875 269
130 0.75 462
130 0.8125 629
130 0.875 851
130 0.9375 891
131 0 844
131 0.0625 646
131 0.125 429
131 0.1875 293
131 0.25 240
131 0.3125 158
131 0.375 146
131 0.4375 145
131 0.5 124
131 0.5625 104
131 0.625 152
131 0.6875 302
131 0.75 459
131 0.8125 642
131 0.875 823
131 0.9375 845
132 0 848
132 0.0625 671
132 0.125 463
132 0.1875 334
132 0.25 242
132 0.3125 177
132 0.375 152
132 0.4375 147
132 0.5 131
132 0.5625 125
132 0.625 162
132 0.6875 315
132 0.75 444
132 0.8125 630
132 0.875 804
132 0.9375 859
133 0 780
133 0.0625 590
133 0.125 443
133 0.1875 339
133 0.25 255
133 0.3125 160
133 0.375 155
133 0.4375 143
133 0.5 114
133 0.5625 105
133 0.625 172
133 0.6875 299
133 0.75 459
133 0.8125 655
133 0.875 824
133 0.9375 775
134 0 767
134 0.0625 616
134 0.125 445
134 0.1875 280
134 0.25 226
134 0.3125 151
134 0.375 166
134 0.4375 111
134 0.5 117
134 0.5625 120
134 0.625 150
134 0.6875 285
134 0.75 426
134 0.8125 647
134 0.875 789
134 0.9375 811
135 0 748
135 0.0625 618
135 0.125 460
135 0.1875 309
135 0.25 201
135 0.3125 164
135 0.375 133
135 0.4375 118
135 0.5 114
135 0.5625 103
135 0.625 138
135 0.6875 270
135 0.75 441
135 0.8125 619
135 0.875 778
135 0.9375 799
136 0 712
136 0.0625 545
136 0.125 457
136 0.1875 270
136 0.25 235
136 0.3125 170
136 0.375 132
136 0.4375 127
136 0.5 108
136 0.5625 118
136 0.625 175
136 0.6875 278
136 0.75 441
136 0.8125 629
136 0.875 836
136 0.9375 798
137 0 777
137 0.0625 571
137 0.125 445
137 0.1875 290
137 0.25 212
137 0.3125 164
137 0.375 146
137 0.4375 136
137 0.5 122
137 0.5625 112
137 0.625 145
137 0.6875 279
137 0.75 407
137 0.8125 561
137 0.875 780
137 0.9375 731
138 0 703
138 0.0625 542
138 0.125 422
138 0.1875 296
138 0.25 214
138 0.3125 170
138 0.375 125
138 0.4375 110
138 0.5 106
138 0.5625 100
138 0.625 159
138 0.6875 262
138 0.75 461
138 0.8125 589
138 0.875 729
138 0.9375 797
139 0 735
139 0.0625 566
139 0.125 422
139 0.1875 314
139 0.25 214
139 0.3125 170
139 0.375 134
139 0.4375 118
139 0.5 113
139 0.5625 106
139 0.625 172
139 0.6875 272
139 0.75 401
139 0.8125 573
139 0.875 727
139 0.9375 740
140 0 678
140 0.0625 534
140 0.125 423
140 0.1875 282
140 0.25 196
140 0.3125 161
140 0.375 121
140 0.4375 126
140 0.5 117
140 0.5625 137
140 0.625 142
140 0.6875 264
140 0.75 422
140 0.8125 588
140 0.875 721
140 0.9375 734
141 0 704
141 0.0625 504
141 0.125 414
141 0.1875 284
141 0.25 201
141 0.3125 156
141 0.375 141
141 0.4375 122
141 0.5 107
141 0.5625 106
141 0.625 145
141 0.6875 287
141 0.75 379
141 0.8125 564
141 0.875 681
141 0.9375 753
142 0 722
142 0.0625 554
142 0.125 415
142 0.1875 295
142 0.25 196
142 0.3125 139
142 0.375 107
142 0.4375 115
142 0.5 96
142 0.5625 113
142 0.625 152
142 0.6875 233
142 0.75 428
142 0.8125 572
142 0.875 683
142 0.9375 756
143 0 667
143 0.0625 552
143 0.125 377
143 0.1875 281
143 0.25 181
143 0.3125 154
143 0.375 124
143 0.4375 109
143 0.5 103
143 0.5625 107
143 0.625 134
143 0.6875 237
143 0.75 398
143 0.8125 585
143 0.875 670
143 0.9375 705
144 0 648
144 0.0625 534
144 0.125 412
144 0.1875 284
144 0.25 205
144 0.3125 156
144 0.375 141
144 0.4375 109
144 0.5 106
144 0.5625 115
144 0.625 121
144 0.6875 248
144 0.75 376
144 0.8125 561
144 0.875 679
144 0.9375 748
145 0 686
145 0.0625 503
145 0.125 389
145 0.1875 260
145 0.25 197
145 0.3125 142
145 0.375 116
145 0.4375 117
145 0.5 122
145 0.5625 107
145 0.625 138
145 0.6875 234
145 0.75 411
145 0.8125 541
145 0.875 620
145 0.9375 737
146 0 629
146 0.0625 491
146 0.125 378
146 0.1875 235
146 0.25 187
146 0.3125 145
146 0.375 112
146 0.4375 123
146 0.5 101
146 0.5625 100
146 0.625 157
146 0.6875 244
146 0.75 340
146 0.8125 542
146 0.875 617
146 0.9375 691
147 0 596
147 0.0625 508
147 0.125 355
147 0.1875 261
147 0.25 209
147 0.3125 128
147 0.375 112
147 0.4375 108
147 0.5 110
147 0.5625 98
147 0.625 136
147 0.6875 218
147 0.75 392
147 0.8125 531
147 0.875 627
147 0.9375 696
148 0 618
148 0.0625 489
148 0.125 374
148 0.1875 273
148 0.25 175
148 0.3125 138
148 0.375 117
148 0.4375 104
148 0.5 100
148 0.5625 98
148 0.625 128
148 0.6875 188
148 0.75 416
148 0.8125 535
148 0.875 588
148 0.9375 645
149 0 628
149 0.0625 501
149 0.125 356
149 0.1875 238
149 0.25 192
149 0.3125 144
149 0.375 133
149 0.4375 101
149 0.5 81
149 0.5625 109
149 0.625 133
149 0.6875 201
149 0.75 355
149 0.8125 515
149 0.875 599
149 0.9375 673
150 0 585
150 0.0625 437
150 0.125 325
150 0.1875 249
150 0.25 185
150 0.3125 120
150 0.375 131
150 0.4375 95
150 0.5 109
150 0.5625 101
150 0.625 130
150 0.6875 222
150 0.75 365
150 0.8125 480
150 0.875 603
150 0.9375 642
151 0 548
151 0.0625 490
151 0.125 301
151 0.1875 253
151 0.25 180
151 0.3125 153
151 0.375 126
151 0.4375 104
151 0.5 85
151 0.5625 112
151 0.625 138
151 0.6875 222
151 0.75 352
151 0.8125 495
151 0.875 567
151 0.9375 600
152 0 568
152 0.0625 449
152 0.125 299
152 0.1875 253
152 0.25 178
152 0.3125 118
152 0.375 97
152 0.4375 90
152 0.5 89
152 0.5625 97
152 0.625 103
152 0.6875 230
152 0.75 381
152 0.8125 470
152 0.875 534
152 0.9375 625
153 0 567
153 0.0625 453
153 0.125 296
153 0.1875 248
153 0.25 155
153 0.3125 123
153 0.375 118
153 0.4375 97
153 0.5 81
153 0.5625 104
153 0.625 105
153 0.6875 202
153 0.75 344
153 0.8125 473
153 0.875 558
153 0.9375 609
154 0 556
154 0.0625 407
154 0.125 313
154 0.1875 219
154 0.25 168
154 0.3125 119
154 0.375 111
154 0.4375 88
154 0.5 106
154 0.5625 91
154 0.625 118
154 0.6875 221
154 0.75 332
154 0.8125 463
154 0.875 602
154 0.9375 641
155 0 587
155 0.0625 419
155 0.125 302
155 0.1875 197
155 0.25 157
155 0.3125 120
155 0.375 108
155 0.4375 94
155 0.5 81
155 0.5625 78
155 0.625 98
155 0.6875 229
155 0.75 302
155 0.8125 431
155 0.875 554
155 0.9375 571
156 0 563
156 0.0625 437
156 0.125 316
156 0.1875 186
156 0.25 150
156 0.3125 132
156 0.375 89
156 0.4375 79
156 0.5 86
156 0.5625 95
156 0.625 123
156 0.6875 205
156 0.75 293
156 0.8125 455
156 0.875 578
156 0.9375 568
157 0 527
157 0.0625 382
157 0.125 315
157 0.1875 241
157 0.25 156
157 0.3125 118
157 0.375 118
157 0.4375 94
157 0.5 74
157 0.5625 78
157 0.625 139
157 0.6875 188
157 0.75 320
157 0.8125 454
157 0.875 496
157 0.9375 613
158 0 466
158 0.0625 409
158 0.125 264
158 0.1875 227
158 0.25 148
158 0.3125 115
158 0.375 120
158 0.4375 94
158 0.5 98
158 0.5625 74
158 0.625 116
158 0.6875 179
158 0.75 328
158 0.8125 438
158 0.875 522
158 0.9375 539
159 0 532
159 0.0625 429
159 0.125 274
159 0.1875 212
159 0.25 158
159 0.3125 99
159 0.375 111
159 0.4375 81
159 0.5 91
159 0.5625 80
159 0.625 128
159 0.6875 176
159 0.75 343
159 0.8125 442
159 0.875 530
159 0.9375 588
160 0 528
160 0.0625 428
160 0.125 269
160 0.1875 174
160 0.25 147
160 0.3125 127
160 0.375 114
160 0.4375 101
160 0.5 95
160 0.5625 74
160 0.625 120
160 0.6875 174
160 0.75 285
160 0.8125 409
160 0.875 511
160 0.9375 543
161 0 466
161 0.0625 358
161 0.125 265
161 0.1875 203
161 0.25 128
161 0.3125 113
161 0.375 87
161 0.4375 99
161 0.5 77
161 0.5625 82
161 0.625 89
161 0.6875 180
161 0.75 324
161 0.8125 423
161 0.875 500
161 0.9375 534
162 0 504
162 0.0625 412
162 0.125 276
162 0.1875 195
162 0.25 150
162 0.3125 111
162 0.375 88
162 0.4375 87
162 0.5 83
162 0.5625 80
162 0.625 109
162 0.6875 187
162 0.75 336
162 0.8125 397
162 0.875 537
162 0.9375 529
163 0 458
163 0.0625 377
163 0.125 285
163 0.1875 220
163 0.25 155
163 0.3125 123
163 0.375 96
163 0.4375 92
163 0.5 83
163 0.5625 95
163 0.625 99
163 0.6875 174
163 0.75 309
163 0.8125 405
163 0.875 512
163 0.9375 514
164 0 476
164 0.0625 372
164 0.125 261
164 0.1875 198
164 0.25 146
164 0.3125 115
164 0.375 93
164 0.4375 90
164 0.5 78
164 0.5625 68
164 0.625 88
164 0.6875 175
164 0.75 305
164 0.8125 396
164 0.875 509
164 0.9375 525
165 0 426
165 0.0625 401
165 0.125 270
165 0.1875 197
165 0.25 134
165 0.3125 115
165 0.375 80
165 0.4375 90
165 0.5 80
165 0.5625 85
165 0.625 94
165 0.6875 175
165 0.75 280
165 0.8125 418
165 0.875 496
165 0.9375 535
166 0 422
166 0.0625 361
166 0.125 276
166 0.1875 178
166 0.25 138
166 0.3125 122
166 0.375 99
166 0.4375 76
166 0.5 77
166 0.5625 93
166 0.625 106
166 0.6875 182
166 0.75 291
166 0.8125 416
166 0.875 470
166 0.9375 517
167 0 453
167 0.0625 335
167 0.125 265
167 0.1875 180
167 0.25 122
167 0.3125 92
167 0.375 80
167 0.4375 91
167 0.5 77
167 0.5625 77
167 0.625 100
167 0.6875 176
167 0.75 267
167 0.8125 400
167 0.875 462
167 0.9375 511
168 0 466
168 0.0625 347
168 0.125 239
168 0.1875 192
168 0.25 125
168 0.3125 101
168 0.375 83
168 0.4375 63
168 0.5 70
168 0.5625 73
168 0.625 105
168 0.6875 195
168 0.75 264
168 0.8125 375
168 0.875 425
168 0.9375 503
169 0 411
169 0.0625 377
169 0.125 265
169 0.1875 170
169 0.25 135
169 0.3125 90
169 0.375 81
169 0.4375 88
169 0.5 74
169 0.5625 90
169 0.625 99
169 0.6875 173
169 0.75 285
169 0.8125 379
169 0.875 406
169 0.9375 445
170 0 408
170 0.0625 325
170 0.125 245
170 0.1875 177
170 0.25 107
170 0.3125 89
170 0.375 74
170 0.4375 66
170 0.5 74
170 0.5625 91
170 0.625 103
170 0.6875 162
170 0.75 295
170 0.8125 401
170 0.875 446
170 0.9375 472
171 0 424
171 0.0625 349
171 0.125 263
171 0.1875 159
171 0.25 110
171 0.3125 95
171 0.375 95
171 0.4375 78
171 0.5 78
171 0.5625 65
171 0.625 92
171 0.6875 144
171 0.75 258
171 0.8125 417
171 0.875 427
171 0.9375 471
172 0 401
172 0.0625 317
172 0.125 234
172 0.1875 161
172 0.25 129
172 0.3125 91
172 0.375 81
172 0.4375 74
172 0.5 74
172 0.5625 81
172 0.625 91
172 0.6875 146
172 0.75 235
172 0.8125 372
172 0.875 413
172 0.9375 482
173 0 426
173 0.0625 307
173 0.125 242
173 0.1875 175
173 0.25 119
173 0.3125 105
173 0.375 72
173 0.4375 84
173 0.5 63
173 0.5625 83
173 0.625 86
173 0.6875 150
173 0.75 259
173 0.8125 339
173 0.875 447
173 0.9375 433
174 0 381
174 0.0625 320
174 0.125 224
174 0.1875 166
174 0.25 117
174 0.3125 97
174 0.375 82
174 0.4375 72
174 0.5 71
174 0.5625 80
174 0.625 87
174 0.6875 140
174 0.75 246
174 0.8125 334
174 0.875 399
174 0.9375 464
175 0 355
175 0.0625 307
175 0.125 201
175 0.1875 147
175 0.25 108
175 0.3125 69
175 0.375 67
175 0.4375 63
175 0.5 76
175 0.5625 74
175 0.625 78
175 0.6875 150
175 0.75 253
175 0.8125 332
175 0.875 411
175 0.9375 433
176 0 376
176 0.0625 313
176 0.125 201
176 0.1875 157
176 0.25 113
176 0.3125 85
176 0.375 92
176 0.4375 62
176 0.5 70
176 0.5625 64
176 0.625 107
176 0.6875 159
176 0.75 229
176 0.8125 337
176 0.875 428
176 0.9375 397
177 0 364
177 0.0625 303
177 0.125 199
177 0.1875 153
177 0.25 119
177 0.3125 95
177 0.375 86
177 0.4375 56
177 0.5 68
177 0.5625 73
177 0.625 91
177 0.6875 150
177 0.75 261
177 0.8125 345
177 0.875 361
177 0.9375 406
178 0 362
178 0.0625 270
178 0.125 166
178 0.1875 127
178 0.25 123
178 0.3125 76
178 0.375 78
178 0.4375 50
178 0.5 52
178 0.5625 56
178 0.625 90
178 0.6875 139
178 0.75 217
178 0.8125 309
178 0.875 361
178 0.9375 420
179 0 347
179 0.0625 264
179 0.125 192
179 0.1875 142
179 0.25 102
179 0.3125 76
179 0.375 73
179 0.4375 66
179 0.5 56
179 0.5625 69
179 0.625 76
179 0.6875 134
179 0.75 212
179 0.8125 337
179 0.875 410
179 0.9375 392
180 0 344
180 0.0625 245
180 0.125 192
180 0.1875 105
180 0.25 112
180 0.3125 78
180 0.375 86
180 0.4375 79
180 0.5 71
180 0.5625 71
180 0.625 80
180 0.6875 122
180 0.75 219
180 0.8125 312
180 0.875 374
180 0.9375 406
181 0 342
181 0.0625 267
181 0.125 167
181 0.1875 144
181 0.25 99
181 0.3125 82
181 0.375 65
181 0.4375 61
181 0.5 67
181 0.5625 71
181 0.625 76
181 0.6875 132
181 0.75 215
181 0.8125 294
181 0.875 365
181 0.9375 380
182 0 309
182 0.0625 261
182 0.125 210
182 0.1875 152
182 0.25 92
182 0.3125 77
182 0.375 69
182 0.4375 55
182 0.5 48
182 0.5625 64
182 0.625 90
182 0.6875 122
182 0.75 200
182 0.8125 292
182 0.875 362
182 0.9375 352
183 0 291
183 0.0625 267
183 0.125 188
183 0.1875 136
183 0.25 100
183 0.3125 81
183 0.375 66
183 0.4375 57
183 0.5 66
183 0.5625 53
183 0.625 74
183 0.6875 148
183 0.75 198
183 0.8125 274
183 0.875 340
183 0.9375 355
184 0 318
184 0.0625 232
184 0.125 169
184 0.1875 117
184 0.25 101
184 0.3125 79
184 0.375 77
184 0.4375 55
184 0.5 54
184 0.5625 56
184 0.625 66
184 0.6875 128
184 0.75 179
184 0.8125 292
184 0.875 310
184 0.9375 370
185 0 305
185 0.0625 230
185 0.125 167
185 0.1875 125
185 0.25 104
185 0.3125 96
185 0.375 57
185 0.4375 59
185 0.5 58
185 0.5625 48
185 0.625 88
185 0.6875 141
185 0.75 201
185 0.8125 295
185 0.875 303
185 0.9375 345
186 0 262
186 0.0625 252
186 0.125 148
186 0.1875 137
186 0.25 93
186 0.3125 79
186 0.375 61
186 0.4375 57
186 0.5 69
186 0.5625 59
186 0.625 75
186 0.6875 127
186 0.75 223
186 0.8125 265
186 0.875 321
186 0.9375 347
187 0 309
187 0.0625 211
187 0.125 153
187 0.1875 130
187 0.25 100
187 0.3125 72
187 0.375 71
187 0.4375 47
187 0.5 59
187 0.5625 66
187 0.625 79
187 0.6875 144
187 0.75 184
187 0.8125 269
187 0.875 326
187 0.9375 376
188 0 301
188 0.0625 249
188 0.125 169
188 0.1875 133
188 0.25 111
188 0.3125 76
188 0.375 67
188 0.4375 70
188 0.5 42
188 0.5625 60
188 0.625 81
188 0.6875 124
188 0.75 198
188 0.8125 269
188 0.875 309
188 0.9375 344
189 0 285
189 0.0625 232
189 0.125 169
189 0.1875 121
189 0.25 97
189 0.3125 57
189 0.375 62
189 0.4375 56
189 0.5 46
189 0.5625 46
189 0.625 56
189 0.6875 121
189 0.75 186
189 0.8125 255
189 0.875 291
189 0.9375 295
190 0 302
190 0.0625 199
190 0.125 153
190 0.1875 116
190 0.25 89
190 0.3125 73
190 0.375 69
190 0.4375 51
190 0.5 51
190 0.5625 55
190 0.625 74
190 0.6875 117
190 0.75 178
190 0.8125 244
190 0.875 312
190 0.9375 318
191 0 256
191 0.0625 214
191 0.125 150
191 0.1875 124
191 0.25 85
191 0.3125 86
191 0.375 59
191 0.4375 56
191 0.5 56
191 0.5625 61
191 0.625 66
191 0.6875 115
191 0.75 188
191 0.8125 261
191 0.875 309
191 0.9375 283
192 0 282
192 0.0625 221
192 0.125 157
192 0.1875 104
192 0.25 78
192 0.3125 80
192 0.375 57
192 0.4375 69
192 0.5 70
192 0.5625 61
192 0.625 66
192 0.6875 108
192 0.75 188
192 0.8125 267
192 0.875 314
192 0.9375 297
193 0 272
193 0.0625 238
193 0.125 176
193 0.1875 110
193 0.25 66
193 0.3125 51
193 0.375 51
193 0.4375 59
193 0.5 40
193 0.5625 56
193 0.625 68
193 0.6875 112
193 0.75 191
193 0.8125 252
193 0.875 301
193 0.9375 278
194 0 302
194 0.0625 201
194 0.125 154
194 0.1875 103
194 0.25 92
194 0.3125 69
194 0.375 64
194 0.4375 55
194 0.5 45
194 0.5625 49
194 0.625 58
194 0.6875 107
194 0.75 165
194 0.8125 261
194 0.875 259
194 0.9375 300
195 0 260
195 0.0625 221
195 0.125 155
195 0.1875 103
195 0.25 77
195 0.3125 69
195 0.375 57
195 0.4375 57
195 0.5 60
195 0.5625 51
195 0.625 70
195 0.6875 96
195 0.75 182
195 0.8125 213
195 0.875 286
195 0.9375 264
196 0 254
196 0.0625 180
196 0.125 145
196 0.1875 100
196 0.25 84
196 0.3125 62
196 0.375 58
196 0.4375 47
196 0.5 52
196 0.5625 50
196 0.625 67
196 0.6875 107
196 0.75 177
196 0.8125 256
196 0.875 265
196 0.9375 326
197 0 274
197 0.0625 241
197 0.125 135
197 0.1875 117
197 0.25 87
197 0.3125 66
197 0.375 58
197 0.4375 49
197 0.5 64
197 0.5625 52
197 0.625 64
197 0.6875 110
197 0.75 168
197 0.8125 230
197 0.875 247
197 0.9375 298
198 0 241
198 0.0625 194
198 0.125 136
198 0.1875 86
198 0.25 97
198 0.3125 48
198 0.375 61
198 0.4375 50
198 0.5 46
198 0.5625 50
198 0.625 69
198 0.6875 105
198 0.75 155
198 0.8125 235
198 0.875 244
198 0.9375 277
199 0 261
199 0.0625 178
199 0.125 136
199 0.1875 114
199 0.25 81
199 0.3125 69
199 0.375 57
199 0.4375 51
199 0.5 53
199 0.5625 53
199 0.625 64
199 0.6875 97
199 0.75 148
199 0.8125 214
199 0.875 220
199 0.9375 278
200 0 226
200 0.0625 208
200 0.125 129
200 0.1875 101
200 0.25 83
200 0.3125 76
200 0.375 59
200 0.4375 49
200 0.5 52
200 0.5625 44
200 0.625 60
200 0.6875 105
200 0.75 144
200 0.8125 246
200 0.875 249
200 0.9375 261
201 0 219
201 0.0625 194
201 0.125 138
201 0.1875 94
201 0.25 63
201 0.3125 51
201 0.375 48
201 0.4375 50
201 0.5 46
201 0.5625 44
201 0.625 59
201 0.6875 90
201 0.75 174
201 0.8125 209
201 0.875 224
201 0.9375 218
202 0 235
202 0.0625 168
202 0.125 130
202 0.1875 105
202 0.25 54
202 0.3125 56
202 0.375 40
202 0.4375 41
202 0.5 45
202 0.5625 61
202 0.625 42
202 0.6875 108
202 0.75 151
202 0.8125 222
202 0.875 233
202 0.9375 275
203 0 214
203 0.0625 156
203 0.125 129
203 0.1875 120
203 0.25 61
203 0.3125 46
203 0.375 42
203 0.4375 46
203 0.5 44
203 0.5625 47
203 0.625 50
203 0.6875 93
203 0.75 146
203 0.8125 174
203 0.875 222
203 0.9375 291
204 0 226
204 0.0625 156
204 0.125 131
204 0.1875 115
204 0.25 64
204 0.3125 52
204 0.375 54
204 0.4375 49
204 0.5 47
204 0.5625 39
204 0.625 52
204 0.6875 91
204 0.75 148
204 0.8125 182
204 0.875 229
204 0.9375 224
205 0 186
205 0.0625 146
205 0.125 125
205 0.1875 95
205 0.25 58
205 0.3125 59
205 0.375 40
205 0.4375 38
205 0.5 55
205 0.5625 51
205 0.625 58
205 0.6875 93
205 0.75 126
205 0.8125 197
205 0.875 238
205 0.9375 221
206 0 209
206 0.0625 179
206 0.125 98
206 0.1875 76
206 0.25 71
206 0.3125 42
206 0.375 61
206 0.4375 43
206 0.5 45
206 0.5625 62
206 0.625 54
206 0.6875 86
206 0.75 149
206 0.8125 188
206 0.875 230
206 0.9375 231
207 0 188
207 0.0625 154
207 0.125 104
207 0.1875 84
207 0.25 59
207 0.3125 55
207 0.375 49
207 0.4375 34
207 0.5 48
207 0.5625 55
207 0.625 40
207 0.6875 93
207 0.75 129
207 0.8125 161
207 0.875 220
207 0.9375 228
208 0 176
208 0.0625 172
208 0.125 106
208 0.1875 74
208 0.25 59
208 0.3125 49
208 0.375 43
208 0.4375 44
208 0.5 35
208 0.5625 33
208 0.625 44
208 0.6875 83
208 0.75 115
208 0.8125 185
208 0.875 195
208 0.9375 242
209 0 182
209 0.0625 131
209 0.125 105
209 0.1875 102
209 0.25 61
209 0.3125 57
209 0.375 40
209 0.4375 49
209 0.5 35
209 0.5625 41
209 0.625 44
209 0.6875 73
209 0.75 133
209 0.8125 141
209 0.875 198
209 0.9375 198
210 0 141
210 0.0625 135
210 0.125 100
210 0.1875 77
210 0.25 55
210 0.3125 45
210 0.375 40
210 0.4375 33
210 0.5 37
210 0.5625 48
210 0.625 51
210 0.6875 74
210 0.75 106
210 0.8125 162
210 0.875 194
210 0.9375 184
211 0 156
211 0.0625 130
211 0.125 112
211 0.1875 85
211 0.25 52
211 0.3125 46
211 0.375 54
211 0.4375 34
211 0.5 41
211 0.5625 33
211 0.625 49
211 0.6875 87
211 0.75 123
211 0.8125 137
211 0.875 151
211 0.9375 205
212 0 182
212 0.0625 102
212 0.125 92
212 0.1875 68
212 0.25 54
212 0.3125 37
212 0.375 37
212 0.4375 34
212 0.5 36
212 0.5625 34
212 0.625 50
212 0.6875 54
212 0.75 133
212 0.8125 138
212 0.875 186
212 0.9375 180
213 0 143
213 0.0625 101
213 0.125 90
213 0.1875 74
213 0.25 42
213 0.3125 47
213 0.375 41
213 0.4375 34
213 0.5 32
213 0.5625 27
213 0.625 47
213 0.6875 64
213 0.75 128
213 0.8125 129
213 0.875 178
213 0.9375 154
214 0 138
214 0.0625 117
214 0.125 64
214 0.1875 57
214 0.25 58
214 0.3125 49
214 0.375 27
214 0.4375 35
214 0.5 23
214 0.5625 21
214 0.625 35
214 0.6875 73
214 0.75 108
214 0.8125 128
214 0.875 166
214 0.9375 146
215 0 121
215 0.0625 105
215 0.125 77
215 0.1875 55
215 0.25 38
215 0.3125 35
215 0.375 34
215 0.4375 32
215 0.5 39
215 0.5625 23
215 0.625 38
215 0.6875 43
215 0.75 93
215 0.8125 107
215 0.875 146
215 0.9375 157
216 0 129
216 0.0625 83
216 0.125 63
216 0.1875 58
216 0.25 41
216 0.3125 27
216 0.375 29
216 0.4375 28
216 0.5 31
216 0.5625 31
216 0.625 41
216 0.6875 61
216 0.75 68
216 0.8125 111
216 0.875 132
216 0.9375 133
217 0 111
217 0.0625 96
217 0.125 62
217 0.1875 52
217 0.25 52
217 0.3125 33
217 0.375 28
217 0.4375 29
217 0.5 32
217 0.5625 23
217 0.625 29
217 0.6875 39
217 0.75 91
217 0.8125 103
217 0.875 121
217 0.9375 123
218 0 110
218 0.0625 67
218 0.125 65
218 0.1875 53
218 0.25 45
218 0.3125 39
218 0.375 26
218 0.4375 32
218 0.5 28
218 0.5625 27
218 0.625 23
218 0.6875 52
218 0.75 66
218 0.8125 96
218 0.875 119
218 0.9375 114
219 0 119
219 0.0625 71
219 0.125 58
219 0.1875 38
219 0.25 30
219 0.3125 34
219 0.375 25
219 0.4375 32
219 0.5 24
219 0.5625 34
219 0.625 29
219 0.6875 57
219 0.75 63
219 0.8125 116
219 0.875 108
219 0.9375 131
220 0 102
220 0.0625 69
220 0.125 63
220 0.1875 34
220 0.25 38
220 0.3125 39
220 0.375 26
220 0.4375 21
220 0.5 13
220 0.5625 23
220 0.625 19
220 0.6875 46
220 0.75 67
220 0.8125 99
220 0.875 113
220 0.9375 116
221 0 86
221 0.0625 76
221 0.125 51
221 0.1875 43
221 0.25 29
221 0.3125 34
221 0.375 33
221 0.4375 22
221 0.5 26
221 0.5625 16
221 0.625 25
221 0.6875 46
221 0.75 78
221 0.8125 91
221 0.875 106
221 0.9375 115
222 0 97
222 0.0625 69
222 0.125 61
222 0.1875 51
222 0.25 25
222 0.3125 33
222 0.375 25
222 0.4375 26
222 0.5 22
222 0.5625 25
222 0.625 29
222 0.6875 40
222 0.75 67
222 0.8125 82
222 0.875 89
222 0.9375 93
223 0 93
223 0.0625 79
223 0.125 61
223 0.1875 35
223 0.25 31
223 0.3125 23
223 0.375 21
223 0.4375 32
223 0.5 22
223 0.5625 24
223 0.625 23
223 0.6875 46
223 0.75 77
223 0.8125 88
223 0.875 89
223 0.9375 92
224 0 88
224 0.0625 68
224 0.125 54
224 0.1875 46
224 0.25 22
224 0.3125 18
224 0.375 13
224 0.4375 27
224 0.5 22
224 0.5625 23
224 0.625 22
224 0.6875 33
224 0.75 66
224 0.8125 94
224 0.875 91
224 0.9375 85
225 0 93
225 0.0625 70
225 0.125 53
225 0.1875 40
225 0.25 25
225 0.3125 21
225 0.375 24
225 0.4375 14
225 0.5 13
225 0.5625 21
225 0.625 22
225 0.6875 32
225 0.75 54
225 0.8125 76
225 0.875 89
225 0.9375 84
226 0 72
226 0.0625 60
226 0.125 32
226 0.1875 35
226 0.25 25
226 0.3125 27
226 0.375 18
226 0.4375 22
226 0.5 16
226 0.5625 22
226 0.625 24
226 0.6875 53
226 0.75 48
226 0.8125 64
226 0.875 98
226 0.9375 97
227 0 72
227 0.0625 68
227 0.125 48
227 0.1875 28
227 0.25 28
227 0.3125 28
227 0.375 25
227 0.4375 28
227 0.5 16
227 0.5625 19
227 0.625 24
227 0.6875 40
227 0.75 63
227 0.8125 90
227 0.875 109
227 0.9375 78
228 0 66
228 0.0625 47
228 0.125 35
228 0.1875 40
228 0.25 19
228 0.3125 30
228 0.375 30
228 0.4375 17
228 0.5 14
228 0.5625 11
228 0.625 30
228 0.6875 36
228 0.75 48
228 0.8125 81
228 0.875 81
228 0.9375 85
229 0 83
229 0.0625 69
229 0.125 39
229 0.1875 27
229 0.25 23
229 0.3125 22
229 0.375 25
229 0.4375 23
229 0.5 19
229 0.5625 18
229 0.625 20
229 0.6875 27
229 0.75 55
229 0.8125 92
229 0.875 93
229 0.9375 98
230 0 77
230 0.0625 53
230 0.125 45
230 0.1875 15
230 0.25 31
230 0.3125 18
230 0.375 13
230 0.4375 20
230 0.5 25
230 0.5625 23
230 0.625 20
230 0.6875 40
230 0.75 53
230 0.8125 82
230 0.875 85
230 0.9375 91
231 0 78
231 0.0625 59
231 0.125 42
231 0.1875 32
231 0.25 40
231 0.3125 24
231 0.375 11
231 0.4375 27
231 0.5 26
231 0.5625 12
231 0.625 26
231 0.6875 39
231 0.75 54
231 0.8125 88
231 0.875 84
231 0.9375 85
232 0 78
232 0.0625 61
232 0.125 49
232 0.1875 37
232 0.25 20
232 0.3125 16
232 0.375 14
232 0.4375 17
232 0.5 21
232 0.5625 13
232 0.625 27
232 0.6875 33
232 0.75 43
232 0.8125 84
232 0.875 87
232 0.9375 101
233 0 84
233 0.0625 73
233 0.125 50
233 0.1875 26
233 0.25 16
233 0.3125 25
233 0.375 25
233 0.4375 22
233 0.5 22
233 0.5625 24
233 0.625 19
233 0.6875 32
233 0.75 63
233 0.8125 87
233 0.875 96
233 0.9375 75
234 0 56
234 0.0625 64
234 0.125 44
234 0.1875 38
234 0.25 23
234 0.3125 19
234 0.375 20
234 0.4375 19
234 0.5 20
234 0.5625 15
234 0.625 25
234 0.6875 40
234 0.75 55
234 0.8125 71
234 0.875 93
234 0.9375 84
235 0 83
235 0.0625 54
235 0.125 51
235 0.1875 31
235 0.25 43
235 0.3125 26
235 0.375 19
235 0.4375 27
235 0.5 19
235 0.5625 16
235 0.625 31
235 0.6875 28
235 0.75 56
235 0.8125 72
235 0.875 78
235 0.9375 72
236 0 69
236 0.0625 64
236 0.125 37
236 0.1875 25
236 0.25 32
236 0.3125 26
236 0.375 23
236 0.4375 22
236 0.5 20
236 0.5625 10
236 0.625 24
236 0.6875 34
236 0.75 50
236 0.8125 61
236 0.875 80
236 0.9375 82
237 0 78
237 0.0625 71
237 0.125 39
237 0.1875 39
237 0.25 29
237 0.3125 20
237 0.375 23
237 0.4375 23
237 0.5 14
237 0.5625 17
237 0.625 28
237 0.6875 46
237 0.75 48
237 0.8125 61
237 0.875 76
237 0.9375 65
238 0 74
238 0.0625 37
238 0.125 40
238 0.1875 25
238 0.25 17
238 0.3125 20
238 0.375 27
238 0.4375 17
238 0.5 17
238 0.5625 27
238 0.625 21
238 0.6875 26
238 0.75 58
238 0.8125 61
238 0.875 80
238 0.9375 72
239 0 74
239 0.0625 58
239 0.125 39
239 0.1875 44
239 0.25 30
239 0.3125 21
239 0.375 14
239 0.4375 17
239 0.5 20
239 0.5625 21
239 0.625 21
239 0.6875 42
239 0.75 56
239 0.8125 63
239 0.875 94
239 0.9375 112
240 0 63
240 0.0625 47
240 0.125 52
240 0.1875 24
240 0.25 24
240 0.3125 25
240 0.375 22
240 0.4375 14
240 0.5 18
240 0.5625 24
240 0.625 22
240 0.6875 30
240 0.75 52
240 0.8125 74
240 0.875 99
240 0.9375 86
241 0 79
241 0.0625 50
241 0.125 36
241 0.1875 32
241 0.25 30
241 0.3125 23
241 0.375 16
241 0.4375 20
241 0.5 22
241 0.5625 15
241 0.625 27
241 0.6875 44
241 0.75 58
241 0.8125 70
241 0.875 72
241 0.9375 81
242 0 87
242 0.0625 39
242 0.125 37
242 0.1875 20
242 0.25 22
242 0.3125 28
242 0.375 20
242 0.4375 18
242 0.5 12
242 0.5625 32
242 0.625 22
242 0.6875 41
242 0.75 72
242 0.8125 69
242 0.875 78
242 0.9375 81
243 0 57
243 0.0625 65
243 0.125 41
243 0.1875 39
243 0.25 19
243 0.3125 24
243 0.375 19
243 0.4375 24
243 0.5 24
243 0.5625 21
243 0.625 25
243 0.6875 34
243 0.75 69
243 0.8125 74
243 0.875 83
243 0.9375 80
244 0 73
244 0.0625 54
244 0.125 40
244 0.1875 38
244 0.25 19
244 0.3125 27
244 0.375 13
244 0.4375 23
244 0.5 17
244 0.5625 20
244 0.625 18
244 0.6875 37
244 0.75 59
244 0.8125 62
244 0.875 81
244 0.9375 74
245 0 60
245 0.0625 53
245 0.125 47
245 0.1875 36
245 0.25 24
245 0.3125 27
245 0.375 18
245 0.4375 13
245 0.5 18
245 0.5625 17
245 0.625 23
245 0.6875 38
245 0.75 50
245 0.8125 75
245 0.875 89
245 0.9375 79
246 0 81
246 0.0625 45
246 0.125 40
246 0.1875 31
246 0.25 28
246 0.3125 19
246 0.375 25
246 0.4375 17
246 0.5 28
246 0.5625 18
246 0.625 21
246 0.6875 29
246 0.75 62
246 0.8125 56
246 0.875 79
246 0.9375 82
247 0 68
247 0.0625 61
247 0.125 44
247 0.1875 29
247 0.25 31
247 0.3125 20
247 0.375 17
247 0.4375 16
247 0.5 14
247 0.5625 14
247 0.625 21
247 0.6875 43
247 0.75 43
247 0.8125 56
247 0.875 61
247 0.9375 71
248 0 70
248 0.0625 67
248 0.125 36
248 0.1875 36
248 0.25 24
248 0.3125 25
248 0.375 19
248 0.4375 21
248 0.5 22
248 0.5625 21
248 0.625 26
248 0.6875 31
248 0.75 36
248 0.8125 78
248 0.875 69
248 0.9375 83
249 0 53
249 0.0625 65
249 0.125 40
249 0.1875 26
249 0.25 25
249 0.3125 26
249 0.375 19
249 0.4375 14
249 0.5 14
249 0.5625 17
249 0.625 28
249 0.6875 32
249 0.75 44
249 0.8125 54
249 0.875 69
249 0.9375 63
250 0 75
250 0.0625 51
250 0.125 46
250 0.1875 14
250 0.25 24
250 0.3125 24
250 0.375 20
250 0.4375 26
250 0.5 17
250 0.5625 27
250 0.625 23
250 0.6875 28
250 0.75 63
250 0.8125 59
250 0.875 77
250 0.9375 66
251 0 67
251 0.0625 48
251 0.125 38
251 0.1875 36
251 0.25 36
251 0.3125 21
251 0.375 18
251 0.4375 18
251 0.5 17
251 0.5625 17
251 0.625 28
251 0.6875 45
251 0.75 39
251 0.8125 50
251 0.875 70
251 0.9375 61
252 0 62
252 0.0625 56
252 0.125 31
252 0.1875 36
252 0.25 17
252 0.3125 19
252 0.375 14
252 0.4375 21
252 0.5 22
252 0.5625 16
252 0.625 31
252 0.6875 39
252 0.75 54
252 0.8125 52
252 0.875 66
252 0.9375 80
253 0 68
253 0.0625 55
253 0.125 32
253 0.1875 24
253 0.25 25
253 0.3125 13
253 0.375 21
253 0.4375 16
253 0.5 21
253 0.5625 14
253 0.625 25
253 0.6875 28
253 0.75 41
253 0.8125 69
253 0.875 75
253 0.9375 69
254 0 52
254 0.0625 59
254 0.125 36
254 0.1875 30
254 0.25 17
254 0.3125 15
254 0.375 13
254 0.4375 18
254 0.5 23
254 0.5625 19
254 0.625 23
254 0.6875 37
254 0.75 54
254 0.8125 66
254 0.875 67
254 0.9375 52
255 0 71
255 0.0625 35
255 0.125 34
255 0.1875 32
255 0.25 18
255 0.3125 21
255 0.375 18
255 0.4375 18
255 0.5 21
255 0.5625 14
255 0.625 23
255 0.6875 27
255 0.75 42
255 0.8125 71
255 0.875 52
255 0.9375 67
256 0 37
256 0.0625 46
256 0.125 32
256 0.1875 34
256 0.25 28
256 0.3125 18
256 0.375 17
256 0.4375 18
256 0.5 20
256 0.5625 14
256 0.625 18
256 0.6875 30
256 0.75 50
256 0.8125 59
256 0.875 60
256 0.9375 67
257 0 49
257 0.0625 53
257 0.125 25
257 0.1875 24
257 0.25 20
257 0.3125 25
257 0.375 23
257 0.4375 22
257 0.5 17
257 0.5625 16
257 0.625 24
257 0.6875 23
257 0.75 48
257 0.8125 56
257 0.875 66
257 0.9375 62
258 0 48
258 0.0625 43
258 0.125 26
258 0.1875 25
258 0.25 21
258 0.3125 18
258 0.375 15
258 0.4375 25
258 0.5 18
258 0.5625 14
258 0.625 23
258 0.6875 29
258 0.75 42
258 0.8125 55
258 0.875 68
258 0.9375 70
259 0 49
259 0.0625 42
259 0.125 36
259 0.1875 25
259 0.25 19
259 0.3125 25
259 0.375 23
259 0.4375 11
259 0.5 20
259 0.5625 16
259 0.625 16
259 0.6875 37
259 0.75 46
259 0.8125 49
259 0.875 74
259 0.9375 58
260 0 55
260 0.0625 39
260 0.125 39
260 0.1875 30
260 0.25 22
260 0.3125 17
260 0.375 23
260 0.4375 10
260 0.5 18
260 0.5625 24
260 0.625 22
260 0.6875 28
260 0.75 40
260 0.8125 58
260 0.875 71
260 0.9375 62
261 0 59
261 0.0625 56
261 0.125 27
261 0.1875 22
261 0.25 24
261 0.3125 21
261 0.375 16
261 0.4375 10
261 0.5 16
261 0.5625 11
261 0.625 19
261 0.6875 36
261 0.75 47
261 0.8125 45
261 0.875 57
261 0.9375 46
262 0 59
262 0.0625 39
262 0.125 32
262 0.1875 19
262 0.25 20
262 0.3125 29
262 0.375 16
262 0.4375 23
262 0.5 27
262 0.5625 9
262 0.625 26
262 0.6875 31
262 0.75 46
262 0.8125 52
262 0.875 67
262 0.9375 65
263 0 73
263 0.0625 42
263 0.125 33
263 0.1875 26
263 0.25 23
263 0.3125 17
263 0.375 15
263 0.4375 17
263 0.5 20
263 0.5625 14
263 0.625 8
263 0.6875 23
263 0.75 34
263 0.8125 56
263 0.875 60
263 0.9375 61
264 0 50
264 0.0625 44
264 0.125 25
264 0.1875 17
264 0.25 27
264 0.3125 17
264 0.375 12
264 0.4375 14
264 0.5 19
264 0.5625 21
264 0.625 26
264 0.6875 28
264 0.75 33
264 0.8125 53
264 0.875 64
264 0.9375 51
265 0 60
265 0.0625 42
265 0.125 33
265 0.1875 21
265 0.25 22
265 0.3125 17
265 0.375 13
265 0.4375 12
265 0.5 15
265 0.5625 26
265 0.625 24
265 0.6875 22
265 0.75 41
265 0.8125 43
265 0.875 47
265 0.9375 52
266 0 49
266 0.0625 39
266 0.125 24
266 0.1875 29
266 0.25 20
266 0.3125 17
266 0.375 12
266 0.4375 18
266 0.5 16
266 0.5625 18
266 0.625 23
266 0.6875 26
266 0.75 42
266 0.8125 54
266 0.875 72
266 0.9375 54
267 0 40
267 0.0625 43
267 0.125 31
267 0.1875 36
267 0.25 19
267 0.3125 22
267 0.375 15
267 0.4375 10
267 0.5 13
267 0.5625 17
267 0.625 12
267 0.6875 21
267 0.75 36
267 0.8125 53
267 0.875 46
267 0.9375 54
268 0 49
268 0.0625 27
268 0.125 28
268 0.1875 23
268 0.25 32
268 0.3125 12
268 0.375 16
268 0.4375 15
268 0.5 18
268 0.5625 11
268 0.625 23
268 0.6875 27
268 0.75 33
268 0.8125 43
268 0.875 60
268 0.9375 57
269 0 56
269 0.0625 36
269 0.125 27
269 0.1875 20
269 0.25 23
269 0.3125 16
269 0.375 16
269 0.4375 15
269 0.5 12
269 0.5625 8
269 0.625 20
269 0.6875 31
269 0.75 40
269 0.8125 48
269 0.875 46
269 0.9375 43
270 0 48
270 0.0625 29
270 0.125 31
270 0.1875 23
270 0.25 21
270 0.3125 23
270 0.375 18
270 0.4375 27
270 0.5 18
270 0.5625 14
270 0.625 18
270 0.6875 27
270 0.75 32
270 0.8125 53
270 0.875 48
270 0.9375 44
271 0 42
271 0.0625 34
271 0.125 34
271 0.1875 24
271 0.25 12
271 0.3125 17
271 0.375 21
271 0.4375 11
271 0.5 17
271 0.5625 9
271 0.625 21
271 0.6875 25
271 0.75 25
271 0.8125 45
271 0.875 52
271 0.9375 38
272 0 48
272 0.0625 51
272 0.125 23
272 0.1875 23
272 0.25 25
272 0.3125 13
272 0.375 16
272 0.4375 18
272 0.5 17
272 0.5625 12
272 0.625 16
272 0.6875 23
272 0.75 36
272 0.8125 43
272 0.875 56
272 0.9375 55
273 0 48
273 0.0625 36
273 0.125 26
273 0.1875 23
273 0.25 21
273 0.3125 17
273 0.375 4
273 0.4375 12
273 0.5 24
273 0.5625 16
273 0.625 15
273 0.6875 21
273 0.75 44
273 0.8125 37
273 0.875 35
273 0.9375 48
274 0 38
274 0.0625 31
274 0.125 24
274 0.1875 16
274 0.25 18
274 0.3125 16
274 0.375 13
274 0.4375 20
274 0.5 15
274 0.5625 9
274 0.625 17
274 0.6875 21
274 0.75 32
274 0.8125 48
274 0.875 31
274 0.9375 39
275 0 39
275 0.0625 32
275 0.125 21
275 0.1875 17
275 0.25 18
275 0.3125 18
275 0.375 18
275 0.4375 14
275 0.5 15
275 0.5625 17
275 0.625 12
275 0.6875 33
275 0.75 34
275 0.8125 51
275 0.875 56
275 0.9375 38
276 0 41
276 0.0625 36
276 0.125 23
276 0.1875 22
276 0.25 19
276 0.3125 16
276 0.375 18
276 0.4375 16
276 0.5 14
276 0.5625 14
276 0.625 24
276 0.6875 22
276 0.75 37
276 0.8125 28
276 0.875 60
276 0.9375 40
277 0 47
277 0.0625 28
277 0.125 30
277 0.1875 22
277 0.25 15
277 0.3125 16
277 0.375 9
277 0.4375 12
277 0.5 11
277 0.5625 16
277 0.625 21
277 0.6875 22
277 0.75 31
277 0.8125 51
277 0.875 50
277 0.9375 66
278 0 45
278 0.0625 32
278 0.125 24
278 0.1875 20
278 0.25 11
278 0.3125 15
278 0.375 22
278 0.4375 11
278 0.5 16
278 0.5625 12
278 0.625 23
278 0.6875 24
278 0.75 34
278 0.8125 33
278 0.875 43
278 0.9375 45
279 0 35
279 0.0625 31
279 0.125 30
279 0.1875 23
279 0.25 18
279 0.3125 9
279 0.375 16
279 0.4375 15
279 0.5 16
279 0.5625 16
279 0.625 13
279 0.6875 24
279 0.75 34
279 0.8125 48
279 0.875 56
279 0.9375 47
280 0 38
280 0.0625 30
280 0.125 30
280 0.1875 19
280 0.25 16
280 0.3125 17
280 0.375 11
280 0.4375 13
280 0.5 11
280 0.5625 21
280 0.625 17
280 0.6875 18
280 0.75 29
280 0.8125 49
280 0.875 45
280 0.9375 48
281 0 35
281 0.0625 21
281 0.125 33
281 0.1875 29
281 0.25 20
281 0.3125 18
281 0.375 5
281 0.4375 12
281 0.5 16
281 0.5625 12
281 0.625 12
281 0.6875 31
281 0.75 30
281 0.8125 41
281 0.875 56
281 0.9375 34
282 0 44
282 0.0625 33
282 0.125 22
282 0.1875 12
282 0.25 15
282 0.3125 11
282 0.375 15
282 0.4375 10
282 0.5 13
282 0.5625 11
282 0.625 18
282 0.6875 23
282 0.75 36
282 0.8125 53
282 0.875 37
282 0.9375 59
283 0 23
283 0.0625 31
283 0.125 25
283 0.1875 13
283 0.25 16
283 0.3125 11
283 0.375 19
283 0.4375 15
283 0.5 16
283 0.5625 11
283 0.625 8
283 0.6875 24
283 0.75 26
283 0.8125 41
283 0.875 43
283 0.9375 40
284 0 40
284 0.0625 34
284 0.125 24
284 0.1875 27
284 0.25 24
284 0.3125 14
284 0.375 14
284 0.4375 11
284 0.5 14
284 0.5625 16
284 0.625 10
284 0.6875 23
284 0.75 35
284 0.8125 40
284 0.875 49
284 0.9375 49
285 0 38
285 0.0625 29
285 0.125 19
285 0.1875 22
285 0.25 17
285 0.3125 22
285 0.375 20
285 0.4375 18
285 0.5 14
285 0.5625 14
285 0.625 15
285 0.6875 25
285 0.75 34
285 0.8125 49
285 0.875 45
285 0.9375 34
286 0 35
286 0.0625 22
286 0.125 28
286 0.1875 17
286 0.25 18
286 0.3125 15
286 0.375 17
286 0.4375 17
286 0.5 15
286 0.5625 16
286 0.625 18
286 0.6875 17
286 0.75 34
286 0.8125 39
286 0.875 41
286 0.9375 43
287 0 30
287 0.0625 34
287 0.125 29
287 0.1875 16
287 0.25 17
287 0.3125 12
287 0.375 13
287 0.4375 9
287 0.5 14
287 0.5625 14
287 0.625 14
287 0.6875 23
287 0.75 24
287 0.8125 39
287 0.875 44
287 0.9375 33
288 0 34
288 0.0625 32
288 0.125 24
288 0.1875 16
288 0.25 19
288 0.3125 13
288 0.375 17
288 0.4375 15
288 0.5 11
288 0.5625 12
288 0.625 12
288 0.6875 19
288 0.75 31
288 0.8125 39
288 0.875 36
288 0.9375 44
289 0 39
289 0.0625 35
289 0.125 21
289 0.1875 15
289 0.25 16
289 0.3125 15
289 0.375 14
289 0.4375 14
289 0.5 11
289 0.5625 16
289 0.625 11
289 0.6875 17
289 0.75 32
289 0.8125 26
289 0.875 35
289 0.9375 29
290 0 27
290 0.0625 38
290 0.125 24
290 0.1875 11
290 0.25 11
290 0.3125 12
290 0.375 12
290 0.4375 6
290 0.5 16
290 0.5625 16
290 0.625 12
290 0.6875 24
290 0.75 35
290 0.8125 39
290 0.875 40
290 0.9375 35
291 0 38
291 0.0625 25
291 0.125 23
291 0.1875 15
291 0.25 18
291 0.3125 14
291 0.375 12
291 0.4375 13
291 0.5 9
291 0.5625 16
291 0.625 15
291 0.6875 18
291 0.75 26
291 0.8125 20
291 0.875 39
291 0.9375 37
292 0 43
292 0.0625 29
292 0.125 19
292 0.1875 26
292 0.25 20
292 0.3125 13
292 0.375 14
292 0.4375 20
292 0.5 15
292 0.5625 17
292 0.625 16
292 0.6875 15
292 0.75 25
292 0.8125 43
292 0.875 44
292 0.9375 52
293 0 36
293 0.0625 41
293 0.125 14
293 0.1875 20
293 0.25 14
293 0.3125 12
293 0.375 17
293 0.4375 13
293 0.5 12
293 0.5625 9
293 0.625 13
293 0.6875 20
293 0.75 30
293 0.8125 47
293 0.875 42
293 0.9375 43
294 0 47
294 0.0625 21
294 0.125 20
294 0.1875 18
294 0.25 19
294 0.3125 15
294 0.375 13
294 0.4375 15
294 0.5 7
294 0.5625 13
294 0.625 16
294 0.6875 19
294 0.75 24
294 0.8125 32
294 0.875 46
294 0.9375 43
295 0 27
295 0.0625 30
295 0.125 18
295 0.1875 21
295 0.25 18
295 0.3125 12
295 0.375 13
295 0.4375 11
295 0.5 21
295 0.5625 6
295 0.625 15
295 0.6875 18
295 0.75 23
295 0.8125 33
295 0.875 42
295 0.9375 32
296 0 27
296 0.0625 30
296 0.125 17
296 0.1875 11
296 0.25 10
296 0.3125 18
296 0.375 14
296 0.4375 9
296 0.5 14
296 0.5625 21
296 0.625 23
296 0.6875 20
296 0.75 31
296 0.8125 29
296 0.875 37
296 0.9375 46
297 0 28
297 0.0625 27
297 0.125 33
297 0.1875 19
297 0.25 18
297 0.3125 12
297 0.375 9
297 0.4375 17
297 0.5 12
297 0.5625 8
297 0.625 16
297 0.6875 15
297 0.75 34
297 0.8125 31
297 0.875 27
297 0.9375 40
298 0 37
298 0.0625 19
298 0.125 20
298 0.1875 13
298 0.25 15
298 0.3125 15
298 0.375 13
298 0.4375 7
298 0.5 11
298 0.5625 19
298 0.625 15
298 0.6875 15
298 0.75 29
298 0.8125 38
298 0.875 30
298 0.9375 41
299 0 32
299 0.0625 24
299 0.125 20
299 0.1875 17
299 0.25 10
299 0.3125 13
299 0.375 12
299 0.4375 15
299 0.5 11
299 0.5625 10
299 0.625 19
299 0.6875 19
299 0.75 22
299 0.8125 25
299 0.875 42
299 0.9375 42
300 0 32
300 0.0625 25
300 0.125 18
300 0.1875 15
300 0.25 12
300 0.3125 14
300 0.375 13
300 0.4375 24
300 0.5 15
300 0.5625 12
300 0.625 9
300 0.6875 14
300 0.75 22
300 0.8125 39
300 0.875 24
300 0.9375 34
