1 0 4
1 0.0625 4
1 0.125 4
1 0.1875 2
1 0.25 1
1 0.3125 0
1 0.375 1
1 0.4375 5
1 0.5 8
1 0.5625 5
1 0.625 1
1 0.6875 6
1 0.75 7
1 0.8125 2
1 0.875 1
1 0.9375 4
2 0 6
2 0.0625 3
2 0.125 6
2 0.1875 7
2 0.25 9
2 0.3125 7
2 0.375 5
2 0.4375 8
2 0.5 8
2 0.5625 5
2 0.625 4
2 0.6875 7
2 0.75 4
2 0.8125 5
2 0.875 3
2 0.9375 3
3 0 3
3 0.0625 3
3 0.125 9
3 0.1875 3
3 0.25 9
3 0.3125 7
3 0.375 7
3 0.4375 6
3 0.5 5
3 0.5625 4
3 0.625 5
3 0.6875 8
3 0.75 4
3 0.8125 4
3 0.875 3
3 0.9375 4
4 0 6
4 0.0625 4
4 0.125 6
4 0.1875 9
4 0.25 9
4 0.3125 10
4 0.375 4
4 0.4375 9
4 0.5 5
4 0.5625 9
4 0.625 5
4 0.6875 7
4 0.75 5
4 0.8125 6
4 0.875 10
4 0.9375 7
5 0 13
5 0.0625 7
5 0.125 9
5 0.1875 9
5 0.25 5
5 0.3125 4
5 0.375 5
5 0.4375 4
5 0.5 8
5 0.5625 4
5 0.625 6
5 0.6875 4
5 0.75 7
5 0.8125 7
5 0.875 4
5 0.9375 11
6 0 12
6 0.0625 7
6 0.125 8
6 0.1875 8
6 0.25 3
6 0.3125 9
6 0.375 8
6 0.4375 8
6 0.5 8
6 0.5625 6
6 0.625 8
6 0.6875 8
6 0.75 6
6 0.8125 6
6 0.875 5
6 0.9375 14
7 0 5
7 0.0625 6
7 0.125 11
7 0.1875 3
7 0.25 7
7 0.3125 6
7 0.375 6
7 0.4375 7
7 0.5 9
7 0.5625 9
7 0.625 5
7 0.6875 9
7 0.75 7
7 0.8125 5
7 0.875 4
7 0.9375 5
8 0 7
8 0.0625 11
8 0.125 8
8 0.1875 11
8 0.25 8
8 0.3125 3
8 0.375 8
8 0.4375 7
8 0.5 8
8 0.5625 5
8 0.625 10
8 0.6875 2
8 0.75 10
8 0.8125 11
8 0.875 8
8 0.9375 6
9 0 9
9 0.0625 11
9 0.125 11
9 0.1875 8
9 0.25 7
9 0.3125 4
9 0.375 1
9 0.4375 4
9 0.5 8
9 0.5625 4
9 0.625 6
9 0.6875 9
9 0.75 8
9 0.8125 13
9 0.875 11
9 0.9375 10
10 0 7
10 0.0625 6
10 0.125 10
10 0.1875 12
10 0.25 5
10 0.3125 5
10 0.375 2
10 0.4375 7
10 0.5 9
10 0.5625 9
10 0.625 8
10 0.6875 9
10 0.75 9
10 0.8125 11
10 0.875 6
10 0.9375 5
11 0 7
11 0.0625 10
11 0.125 7
11 0.1875 8
11 0.25 12
11 0.3125 12
11 0.375 11
11 0.4375 10
11 0.5 5
11 0.5625 18
11 0.625 6
11 0.6875 8
11 0.75 7
11 0.8125 10
11 0.875 8
11 0.9375 12
12 0 16
12 0.0625 13
12 0.125 11
12 0.1875 14
12 0.25 15
12 0.3125 10
12 0.375 11
12 0.4375 10
12 0.5 2
12 0.5625 14
12 0.625 11
12 0.6875 7
12 0.75 8
12 0.8125 16
12 0.875 16
12 0.9375 17
13 0 11
13 0.0625 13
13 0.125 13
13 0.1875 13
13 0.25 16
13 0.3125 10
13 0.375 15
13 0.4375 11
13 0.5 3
13 0.5625 8
13 0.625 12
13 0.6875 11
13 0.75 9
13 0.8125 13
13 0.875 10
13 0.9375 12
14 0 12
14 0.0625 9
14 0.125 19
14 0.1875 11
14 0.25 4
14 0.3125 10
14 0.375 9
14 0.4375 11
14 0.5 12
14 0.5625 5
14 0.625 7
14 0.6875 7
14 0.75 11
14 0.8125 17
14 0.875 9
14 0.9375 9
15 0 6
15 0.0625 18
15 0.125 11
15 0.1875 11
15 0.25 16
15 0.3125 9
15 0.375 12
15 0.4375 10
15 0.5 5
15 0.5625 13
15 0.625 12
15 0.6875 12
15 0.75 11
15 0.8125 12
15 0.875 14
15 0.9375 15
16 0 10
16 0.0625 15
16 0.125 12
16 0.1875 9
16 0.25 8
16 0.3125 16
16 0.375 1
16 0.4375 17
16 0.5 12
16 0.5625 10
16 0.625 11
16 0.6875 13
16 0.75 7
16 0.8125 14
16 0.875 9
16 0.9375 13
17 0 16
17 0.0625 16
17 0.125 17
17 0.1875 11
17 0.25 13
17 0.3125 9
17 0.375 6
17 0.4375 11
17 0.5 8
17 0.5625 11
17 0.625 8
17 0.6875 7
17 0.75 14
17 0.8125 12
17 0.875 16
17 0.9375 18
18 0 18
18 0.0625 15
18 0.125 13
18 0.1875 14
18 0.25 18
18 0.3125 10
18 0.375 8
18 0.4375 10
18 0.5 11
18 0.5625 10
18 0.625 9
18 0.6875 14
18 0.75 9
18 0.8125 17
18 0.875 14
18 0.9375 16
19 0 16
19 0.0625 12
19 0.125 12
19 0.1875 9
19 0.25 10
19 0.3125 10
19 0.375 9
19 0.4375 6
19 0.5 9
19 0.5625 9
19 0.625 5
19 0.6875 9
19 0.75 14
19 0.8125 10
19 0.875 12
19 0.9375 11
20 0 15
20 0.0625 10
20 0.125 12
20 0.1875 20
20 0.25 10
20 0.3125 13
20 0.375 9
20 0.4375 7
20 0.5 4
20 0.5625 8
20 0.625 9
20 0.6875 16
20 0.75 17
20 0.8125 11
20 0.875 17
20 0.9375 20
21 0 13
21 0.0625 11
21 0.125 14
21 0.1875 12
21 0.25 10
21 0.3125 14
21 0.375 13
21 0.4375 7
21 0.5 7
21 0.5625 7
21 0.625 5
21 0.6875 5
21 0.75 11
21 0.8125 12
21 0.875 15
21 0.9375 16
22 0 16
22 0.0625 14
22 0.125 13
22 0.1875 6
22 0.25 14
22 0.3125 11
22 0.375 11
22 0.4375 12
22 0.5 11
22 0.5625 6
22 0.625 11
22 0.6875 13
22 0.75 15
22 0.8125 15
22 0.875 19
22 0.9375 20
23 0 21
23 0.0625 19
23 0.125 21
23 0.1875 11
23 0.25 7
23 0.3125 10
23 0.375 10
23 0.4375 5
23 0.5 5
23 0.5625 8
23 0.625 5
23 0.6875 13
23 0.75 14
23 0.8125 13
23 0.875 18
23 0.9375 12
24 0 14
24 0.0625 12
24 0.125 12
24 0.1875 10
24 0.25 7
24 0.3125 9
24 0.375 5
24 0.4375 6
24 0.5 7
24 0.5625 12
24 0.625 4
24 0.6875 4
24 0.75 10
24 0.8125 10
24 0.875 8
24 0.9375 13
25 0 15
25 0.0625 13
25 0.125 17
25 0.1875 11
25 0.25 9
25 0.3125 7
25 0.375 5
25 0.4375 18
25 0.5 6
25 0.5625 8
25 0.625 8
25 0.6875 10
25 0.75 11
25 0.8125 10
25 0.875 10
25 0.9375 18
26 0 13
26 0.0625 9
26 0.125 14
26 0.1875 17
26 0.25 7
26 0.3125 9
26 0.375 8
26 0.4375 6
26 0.5 3
26 0.5625 4
26 0.625 12
26 0.6875 5
26 0.75 9
26 0.8125 8
26 0.875 13
26 0.9375 20
27 0 19
27 0.0625 14
27 0.125 13
27 0.1875 5
27 0.25 11
27 0.3125 12
27 0.375 6
27 0.4375 5
27 0.5 8
27 0.5625 5
27 0.625 9
27 0.6875 12
27 0.75 13
27 0.8125 13
27 0.875 9
27 0.9375 9
28 0 14
28 0.0625 11
28 0.125 15
28 0.1875 11
28 0.25 13
28 0.3125 13
28 0.375 8
28 0.4375 9
28 0.5 9
28 0.5625 7
28 0.625 14
28 0.6875 6
28 0.75 13
28 0.8125 10
28 0.875 11
28 0.9375 10
29 0 20
29 0.0625 13
29 0.125 9
29 0.1875 13
29 0.25 10
29 0.3125 6
29 0.375 9
29 0.4375 11
29 0.5 11
29 0.5625 8
29 0.625 7
29 0.6875 9
29 0.75 25
29 0.8125 16
29 0.875 14
29 0.9375 18
30 0 8
30 0.0625 20
30 0.125 10
30 0.1875 14
30 0.25 10
30 0.3125 9
30 0.375 6
30 0.4375 10
30 0.5 9
30 0.5625 7
30 0.625 12
30 0.6875 17
30 0.75 23
30 0.8125 9
30 0.875 18
30 0.9375 21
31 0 9
31 0.0625 8
31 0.125 17
31 0.1875 11
31 0.25 5
31 0.3125 8
31 0.375 4
31 0.4375 3
31 0.5 10
31 0.5625 10
31 0.625 7
31 0.6875 6
31 0.75 11
31 0.8125 8
31 0.875 12
31 0.9375 15
32 0 15
32 0.0625 19
32 0.125 12
32 0.1875 8
32 0.25 11
32 0.3125 11
32 0.375 11
32 0.4375 7
32 0.5 6
32 0.5625 9
32 0.625 6
32 0.6875 6
32 0.75 15
32 0.8125 14
32 0.875 14
32 0.9375 19
33 0 16
33 0.0625 14
33 0.125 11
33 0.1875 9
33 0.25 5
33 0.3125 10
33 0.375 3
33 0.4375 8
33 0.5 4
33 0.5625 6
33 0.625 5
33 0.6875 13
33 0.75 6
33 0.8125 14
33 0.875 16
33 0.9375 16
34 0 16
34 0.0625 11
34 0.125 18
34 0.1875 11
34 0.25 5
34 0.3125 12
34 0.375 7
34 0.4375 4
34 0.5 7
34 0.5625 12
34 0.625 6
34 0.6875 8
34 0.75 11
34 0.8125 11
34 0.875 9
34 0.9375 21
35 0 12
35 0.0625 20
35 0.125 12
35 0.1875 12
35 0.25 7
35 0.3125 5
35 0.375 2
35 0.4375 7
35 0.5 3
35 0.5625 4
35 0.625 4
35 0.6875 13
35 0.75 14
35 0.8125 25
35 0.875 10
35 0.9375 19
36 0 14
36 0.0625 14
36 0.125 17
36 0.1875 12
36 0.25 6
36 0.3125 6
36 0.375 7
36 0.4375 2
36 0.5 4
36 0.5625 10
36 0.625 4
36 0.6875 9
36 0.75 12
36 0.8125 13
36 0.875 14
36 0.9375 20
37 0 18
37 0.0625 16
37 0.125 11
37 0.1875 14
37 0.25 13
37 0.3125 7
37 0.375 9
37 0.4375 6
37 0.5 6
37 0.5625 6
37 0.625 3
37 0.6875 12
37 0.75 7
37 0.8125 9
37 0.875 15
37 0.9375 20
38 0 16
38 0.0625 14
38 0.125 14
38 0.1875 12
38 0.25 10
38 0.3125 5
38 0.375 8
38 0.4375 10
38 0.5 8
38 0.5625 10
38 0.625 8
38 0.6875 8
38 0.75 16
38 0.8125 13
38 0.875 20
38 0.9375 23
39 0 15
39 0.0625 9
39 0.125 13
39 0.1875 11
39 0.25 9
39 0.3125 9
39 0.375 8
39 0.4375 5
39 0.5 7
39 0.5625 7
39 0.625 3
39 0.6875 10
39 0.75 10
39 0.8125 18
39 0.875 18
39 0.9375 23
40 0 18
40 0.0625 20
40 0.125 14
40 0.1875 10
40 0.25 7
40 0.3125 7
40 0.375 5
40 0.4375 4
40 0.5 6
40 0.5625 6
40 0.625 12
40 0.6875 6
40 0.75 16
40 0.8125 13
40 0.875 14
40 0.9375 15
41 0 18
41 0.0625 10
41 0.125 19
41 0.1875 10
41 0.25 5
41 0.3125 11
41 0.375 4
41 0.4375 7
41 0.5 4
41 0.5625 9
41 0.625 3
41 0.6875 6
41 0.75 10
41 0.8125 14
41 0.875 17
41 0.9375 16
42 0 22
42 0.0625 12
42 0.125 20
42 0.1875 11
42 0.25 6
42 0.3125 10
42 0.375 9
42 0.4375 9
42 0.5 6
42 0.5625 5
42 0.625 7
42 0.6875 8
42 0.75 15
42 0.8125 16
42 0.875 13
42 0.9375 14
43 0 18
43 0.0625 17
43 0.125 7
43 0.1875 11
43 0.25 6
43 0.3125 8
43 0.375 6
43 0.4375 8
43 0.5 5
43 0.5625 7
43 0.625 0
43 0.6875 8
43 0.75 9
43 0.8125 13
43 0.875 15
43 0.9375 14
44 0 13
44 0.0625 18
44 0.125 11
44 0.1875 11
44 0.25 6
44 0.3125 9
44 0.375 5
44 0.4375 12
44 0.5 5
44 0.5625 2
44 0.625 4
44 0.6875 7
44 0.75 4
44 0.8125 13
44 0.875 13
44 0.9375 15
45 0 21
45 0.0625 13
45 0.125 16
45 0.1875 9
45 0.25 4
45 0.3125 7
45 0.375 4
45 0.4375 6
45 0.5 5
45 0.5625 7
45 0.625 9
45 0.6875 8
45 0.75 14
45 0.8125 16
45 0.875 16
45 0.9375 19
46 0 18
46 0.0625 12
46 0.125 13
46 0.1875 14
46 0.25 4
46 0.3125 10
46 0.375 4
46 0.4375 6
46 0.5 2
46 0.5625 6
46 0.625 3
46 0.6875 7
46 0.75 9
46 0.8125 14
46 0.875 16
46 0.9375 13
47 0 18
47 0.0625 15
47 0.125 7
47 0.1875 13
47 0.25 5
47 0.3125 6
47 0.375 4
47 0.4375 7
47 0.5 8
47 0.5625 3
47 0.625 4
47 0.6875 6
47 0.75 11
47 0.8125 8
47 0.875 15
47 0.9375 13
48 0 15
48 0.0625 18
48 0.125 14
48 0.1875 5
48 0.25 7
48 0.3125 6
48 0.375 3
48 0.4375 4
48 0.5 5
48 0.5625 8
48 0.625 5
48 0.6875 9
48 0.75 1
48 0.8125 11
48 0.875 13
48 0.9375 11
49 0 12
49 0.0625 18
49 0.125 14
49 0.1875 8
49 0.25 6
49 0.3125 4
49 0.375 3
49 0.4375 6
49 0.5 3
49 0.5625 4
49 0.625 7
49 0.6875 9
49 0.75 12
49 0.8125 9
49 0.875 16
49 0.9375 16
50 0 14
50 0.0625 11
50 0.125 18
50 0.1875 9
50 0.25 5
50 0.3125 9
50 0.375 5
50 0.4375 0
50 0.5 1
50 0.5625 8
50 0.625 7
50 0.6875 9
50 0.75 12
50 0.8125 12
50 0.875 19
50 0.9375 14
51 0 11
51 0.0625 17
51 0.125 17
51 0.1875 6
51 0.25 7
51 0.3125 4
51 0.375 4
51 0.4375 3
51 0.5 3
51 0.5625 6
51 0.625 4
51 0.6875 5
51 0.75 12
51 0.8125 11
51 0.875 13
51 0.9375 12
52 0 15
52 0.0625 8
52 0.125 7
52 0.1875 8
52 0.25 9
52 0.3125 5
52 0.375 5
52 0.4375 4
52 0.5 7
52 0.5625 4
52 0.625 5
52 0.6875 10
52 0.75 11
52 0.8125 14
52 0.875 17
52 0.9375 15
53 0 11
53 0.0625 16
53 0.125 15
53 0.1875 9
53 0.25 8
53 0.3125 7
53 0.375 8
53 0.4375 3
53 0.5 4
53 0.5625 4
53 0.625 5
53 0.6875 7
53 0.75 9
53 0.8125 15
53 0.875 19
53 0.9375 22
54 0 10
54 0.0625 14
54 0.125 9
54 0.1875 7
54 0.25 5
54 0.3125 7
54 0.375 8
54 0.4375 3
54 0.5 4
54 0.5625 3
54 0.625 7
54 0.6875 8
54 0.75 8
54 0.8125 5
54 0.875 15
54 0.9375 13
55 0 18
55 0.0625 12
55 0.125 6
55 0.1875 7
55 0.25 7
55 0.3125 7
55 0.375 7
55 0.4375 4
55 0.5 6
55 0.5625 3
55 0.625 2
55 0.6875 13
55 0.75 6
55 0.8125 14
55 0.875 9
55 0.9375 13
56 0 13
56 0.0625 8
56 0.125 11
56 0.1875 12
56 0.25 3
56 0.3125 6
56 0.375 5
56 0.4375 9
56 0.5 5
56 0.5625 1
56 0.625 4
56 0.6875 8
56 0.75 8
56 0.8125 17
56 0.875 12
56 0.9375 24
57 0 15
57 0.0625 17
57 0.125 15
57 0.1875 6
57 0.25 7
57 0.3125 7
57 0.375 5
57 0.4375 5
57 0.5 2
57 0.5625 3
57 0.625 3
57 0.6875 9
57 0.75 7
57 0.8125 13
57 0.875 13
57 0.9375 11
58 0 16
58 0.0625 14
58 0.125 9
58 0.1875 12
58 0.25 2
58 0.3125 7
58 0.375 4
58 0.4375 7
58 0.5 5
58 0.5625 5
58 0.625 1
58 0.6875 6
58 0.75 6
58 0.8125 10
58 0.875 19
58 0.9375 14
59 0 23
59 0.0625 7
59 0.125 15
59 0.1875 10
59 0.25 6
59 0.3125 2
59 0.375 4
59 0.4375 5
59 0.5 3
59 0.5625 3
59 0.625 5
59 0.6875 4
59 0.75 7
59 0.8125 12
59 0.875 15
59 0.9375 17
60 0 10
60 0.0625 13
60 0.125 4
60 0.1875 11
60 0.25 3
60 0.3125 4
60 0.375 6
60 0.4375 5
60 0.5 2
60 0.5625 1
60 0.625 4
60 0.6875 9
60 0.75 6
60 0.8125 9
60 0.875 14
60 0.9375 13
61 0 17
61 0.0625 8
61 0.125 8
61 0.1875 9
61 0.25 6
61 0.3125 5
61 0.375 3
61 0.4375 5
61 0.5 2
61 0.5625 5
61 0.625 3
61 0.6875 7
61 0.75 7
61 0.8125 18
61 0.875 25
61 0.9375 17
62 0 18
62 0.0625 11
62 0.125 10
62 0.1875 8
62 0.25 6
62 0.3125 8
62 0.375 5
62 0.4375 4
62 0.5 2
62 0.5625 1
62 0.625 6
62 0.6875 8
62 0.75 8
62 0.8125 15
62 0.875 11
62 0.9375 13
63 0 20
63 0.0625 10
63 0.125 14
63 0.1875 8
63 0.25 10
63 0.3125 7
63 0.375 5
63 0.4375 7
63 0.5 6
63 0.5625 0
63 0.625 2
63 0.6875 8
63 0.75 6
63 0.8125 11
63 0.875 19
63 0.9375 17
64 0 17
64 0.0625 11
64 0.125 14
64 0.1875 4
64 0.25 1
64 0.3125 4
64 0.375 5
64 0.4375 7
64 0.5 2
64 0.5625 3
64 0.625 0
64 0.6875 6
64 0.75 8
64 0.8125 13
64 0.875 15
64 0.9375 16
65 0 12
65 0.0625 12
65 0.125 19
65 0.1875 10
65 0.25 3
65 0.3125 3
65 0.375 5
65 0.4375 4
65 0.5 3
65 0.5625 1
65 0.625 3
65 0.6875 3
65 0.75 10
65 0.8125 19
65 0.875 17
65 0.9375 13
66 0 24
66 0.0625 18
66 0.125 5
66 0.1875 4
66 0.25 2
66 0.3125 4
66 0.375 5
66 0.4375 2
66 0.5 4
66 0.5625 1
66 0.625 4
66 0.6875 7
66 0.75 7
66 0.8125 14
66 0.875 16
66 0.9375 14
67 0 19
67 0.0625 11
67 0.125 8
67 0.1875 9
67 0.25 6
67 0.3125 4
67 0.375 5
67 0.4375 5
67 0.5 4
67 0.5625 4
67 0.625 3
67 0.6875 5
67 0.75 10
67 0.8125 13
67 0.875 16
67 0.9375 10
68 0 23
68 0.0625 9
68 0.125 7
68 0.1875 3
68 0.25 8
68 0.3125 5
68 0.375 1
68 0.4375 3
68 0.5 1
68 0.5625 4
68 0.625 5
68 0.6875 8
68 0.75 8
68 0.8125 12
68 0.875 18
68 0.9375 19
69 0 10
69 0.0625 6
69 0.125 8
69 0.1875 5
69 0.25 13
69 0.3125 6
69 0.375 2
69 0.4375 2
69 0.5 4
69 0.5625 6
69 0.625 2
69 0.6875 7
69 0.75 8
69 0.8125 19
69 0.875 10
69 0.9375 13
70 0 19
70 0.0625 10
70 0.125 18
70 0.1875 9
70 0.25 12
70 0.3125 5
70 0.375 5
70 0.4375 4
70 0.5 1
70 0.5625 3
70 0.625 5
70 0.6875 7
70 0.75 10
70 0.8125 18
70 0.875 26
70 0.9375 9
71 0 12
71 0.0625 13
71 0.125 8
71 0.1875 5
71 0.25 7
71 0.3125 3
71 0.375 2
71 0.4375 3
71 0.5 3
71 0.5625 3
71 0.625 4
71 0.6875 6
71 0.75 7
71 0.8125 16
71 0.875 20
71 0.9375 8
72 0 20
72 0.0625 4
72 0.125 5
72 0.1875 6
72 0.25 6
72 0.3125 8
72 0.375 3
72 0.4375 2
72 0.5 4
72 0.5625 4
72 0.625 1
72 0.6875 4
72 0.75 13
72 0.8125 13
72 0.875 11
72 0.9375 9
73 0 15
73 0.0625 18
73 0.125 11
73 0.1875 5
73 0.25 7
73 0.3125 4
73 0.375 3
73 0.4375 4
73 0.5 5
73 0.5625 4
73 0.625 2
73 0.6875 4
73 0.75 10
73 0.8125 8
73 0.875 16
73 0.9375 16
74 0 19
74 0.0625 13
74 0.125 6
74 0.1875 4
74 0.25 7
74 0.3125 6
74 0.375 3
74 0.4375 3
74 0.5 3
74 0.5625 6
74 0.625 9
74 0.6875 5
74 0.75 9
74 0.8125 9
74 0.875 9
74 0.9375 15
75 0 15
75 0.0625 14
75 0.125 6
75 0.1875 10
75 0.25 6
75 0.3125 1
75 0.375 5
75 0.4375 1
75 0.5 3
75 0.5625 3
75 0.625 3
75 0.6875 5
75 0.75 11
75 0.8125 8
75 0.875 10
75 0.9375 11
76 0 18
76 0.0625 9
76 0.125 10
76 0.1875 6
76 0.25 8
76 0.3125 3
76 0.375 2
76 0.4375 3
76 0.5 2
76 0.5625 4
76 0.625 4
76 0.6875 3
76 0.75 11
76 0.8125 12
76 0.875 11
76 0.9375 19
77 0 17
77 0.0625 11
77 0.125 10
77 0.1875 10
77 0.25 3
77 0.3125 4
77 0.375 4
77 0.4375 1
77 0.5 3
77 0.5625 3
77 0.625 1
77 0.6875 5
77 0.75 7
77 0.8125 6
77 0.875 15
77 0.9375 16
78 0 8
78 0.0625 9
78 0.125 8
78 0.1875 3
78 0.25 6
78 0.3125 4
78 0.375 1
78 0.4375 1
78 0.5 3
78 0.5625 2
78 0.625 2
78 0.6875 2
78 0.75 13
78 0.8125 10
78 0.875 12
78 0.9375 15
79 0 15
79 0.0625 7
79 0.125 13
79 0.1875 10
79 0.25 6
79 0.3125 2
79 0.375 1
79 0.4375 3
79 0.5 4
79 0.5625 1
79 0.625 0
79 0.6875 6
79 0.75 7
79 0.8125 7
79 0.875 15
79 0.9375 9
80 0 9
80 0.0625 13
80 0.125 7
80 0.1875 5
80 0.25 3
80 0.3125 5
80 0.375 3
80 0.4375 1
80 0.5 3
80 0.5625 4
80 0.625 5
80 0.6875 5
80 0.75 6
80 0.8125 5
80 0.875 10
80 0.9375 13
81 0 14
81 0.0625 22
81 0.125 9
81 0.1875 6
81 0.25 6
81 0.3125 6
81 0.375 4
81 0.4375 3
81 0.5 1
81 0.5625 4
81 0.625 5
81 0.6875 4
81 0.75 9
81 0.8125 15
81 0.875 13
81 0.9375 11
82 0 9
82 0.0625 17
82 0.125 7
82 0.1875 7
82 0.25 8
82 0.3125 4
82 0.375 4
82 0.4375 0
82 0.5 1
82 0.5625 3
82 0.625 3
82 0.6875 6
82 0.75 8
82 0.8125 12
82 0.875 17
82 0.9375 11
83 0 12
83 0.0625 8
83 0.125 15
83 0.1875 6
83 0.25 8
83 0.3125 4
83 0.375 4
83 0.4375 1
83 0.5 3
83 0.5625 3
83 0.625 3
83 0.6875 4
83 0.75 10
83 0.8125 7
83 0.875 16
83 0.9375 11
84 0 13
84 0.0625 18
84 0.125 14
84 0.1875 5
84 0.25 2
84 0.3125 2
84 0.375 0
84 0.4375 3
84 0.5 5
84 0.5625 0
84 0.625 0
84 0.6875 5
84 0.75 10
84 0.8125 10
84 0.875 13
84 0.9375 12
85 0 7
85 0.0625 10
85 0.125 6
85 0.1875 6
85 0.25 4
85 0.3125 4
85 0.375 3
85 0.4375 1
85 0.5 0
85 0.5625 0
85 0.625 3
85 0.6875 3
85 0.75 3
85 0.8125 9
85 0.875 17
85 0.9375 22
86 0 13
86 0.0625 18
86 0.125 10
86 0.1875 7
86 0.25 2
86 0.3125 1
86 0.375 3
86 0.4375 4
86 0.5 4
86 0.5625 2
86 0.625 2
86 0.6875 1
86 0.75 9
86 0.8125 7
86 0.875 9
86 0.9375 16
87 0 13
87 0.0625 9
87 0.125 10
87 0.1875 3
87 0.25 8
87 0.3125 3
87 0.375 3
87 0.4375 1
87 0.5 4
87 0.5625 4
87 0.625 6
87 0.6875 6
87 0.75 7
87 0.8125 16
87 0.875 11
87 0.9375 14
88 0 14
88 0.0625 16
88 0.125 10
88 0.1875 9
88 0.25 5
88 0.3125 2
88 0.375 0
88 0.4375 1
88 0.5 4
88 0.5625 0
88 0.625 2
88 0.6875 9
88 0.75 9
88 0.8125 16
88 0.875 20
88 0.9375 13
89 0 15
89 0.0625 19
89 0.125 7
89 0.1875 7
89 0.25 4
89 0.3125 3
89 0.375 1
89 0.4375 2
89 0.5 0
89 0.5625 0
89 0.625 3
89 0.6875 1
89 0.75 7
89 0.8125 12
89 0.875 18
89 0.9375 20
90 0 10
90 0.0625 13
90 0.125 13
90 0.1875 7
90 0.25 5
90 0.3125 2
90 0.375 3
90 0.4375 5
90 0.5 3
90 0.5625 0
90 0.625 1
90 0.6875 7
90 0.75 13
90 0.8125 8
90 0.875 11
90 0.9375 10
91 0 12
91 0.0625 8
91 0.125 12
91 0.1875 7
91 0.25 6
91 0.3125 6
91 0.375 2
91 0.4375 4
91 0.5 1
91 0.5625 3
91 0.625 2
91 0.6875 3
91 0.75 10
91 0.8125 13
91 0.875 13
91 0.9375 13
92 0 14
92 0.0625 12
92 0.125 10
92 0.1875 4
92 0.25 5
92 0.3125 4
92 0.375 5
92 0.4375 4
92 0.5 1
92 0.5625 2
92 0.625 2
92 0.6875 3
92 0.75 6
92 0.8125 3
92 0.875 12
92 0.9375 18
93 0 7
93 0.0625 13
93 0.125 12
93 0.1875 10
93 0.25 4
93 0.3125 3
93 0.375 0
93 0.4375 0
93 0.5 1
93 0.5625 3
93 0.625 2
93 0.6875 1
93 0.75 9
93 0.8125 12
93 0.875 13
93 0.9375 9
94 0 13
94 0.0625 16
94 0.125 5
94 0.1875 7
94 0.25 6
94 0.3125 3
94 0.375 4
94 0.4375 3
94 0.5 3
94 0.5625 4
94 0.625 3
94 0.6875 4
94 0.75 6
94 0.8125 12
94 0.875 12
94 0.9375 10
95 0 14
95 0.0625 12
95 0.125 9
95 0.1875 10
95 0.25 4
95 0.3125 3
95 0.375 1
95 0.4375 5
95 0.5 3
95 0.5625 2
95 0.625 0
95 0.6875 2
95 0.75 5
95 0.8125 7
95 0.875 17
95 0.9375 16
96 0 11
96 0.0625 8
96 0.125 10
96 0.1875 4
96 0.25 2
96 0.3125 3
96 0.375 4
96 0.4375 8
96 0.5 2
96 0.5625 2
96 0.625 1
96 0.6875 5
96 0.75 6
96 0.8125 11
96 0.875 17
96 0.9375 7
97 0 20
97 0.0625 5
97 0.125 5
97 0.1875 1
97 0.25 4
97 0.3125 5
97 0.375 7
97 0.4375 0
97 0.5 3
97 0.5625 3
97 0.625 2
97 0.6875 4
97 0.75 6
97 0.8125 10
97 0.875 13
97 0.9375 18
98 0 11
98 0.0625 13
98 0.125 8
98 0.1875 5
98 0.25 3
98 0.3125 4
98 0.375 0
98 0.4375 3
98 0.5 4
98 0.5625 3
98 0.625 1
98 0.6875 2
98 0.75 5
98 0.8125 12
98 0.875 23
98 0.9375 15
99 0 11
99 0.0625 13
99 0.125 8
99 0.1875 6
99 0.25 1
99 0.3125 3
99 0.375 5
99 0.4375 1
99 0.5 4
99 0.5625 3
99 0.625 2
99 0.6875 2
99 0.75 7
99 0.8125 11
99 0.875 5
99 0.9375 12
100 0 11
100 0.0625 9
100 0.125 3
100 0.1875 4
100 0.25 1
100 0.3125 3
100 0.375 5
100 0.4375 0
100 0.5 1
100 0.5625 5
100 0.625 4
100 0.6875 6
100 0.75 3
100 0.8125 11
100 0.875 17
100 0.9375 8
101 0 10
101 0.0625 18
101 0.125 8
101 0.1875 5
101 0.25 2
101 0.3125 2
101 0.375 0
101 0.4375 1
101 0.5 2
101 0.5625 1
101 0.625 2
101 0.6875 6
101 0.75 8
101 0.8125 7
101 0.875 11
101 0.9375 13
102 0 15
102 0.0625 7
102 0.125 7
102 0.1875 4
102 0.25 1
102 0.3125 2
102 0.375 3
102 0.4375 1
102 0.5 0
102 0.5625 0
102 0.625 3
102 0.6875 4
102 0.75 6
102 0.8125 13
102 0.875 11
102 0.9375 13
103 0 7
103 0.0625 4
103 0.125 5
103 0.1875 5
103 0.25 7
103 0.3125 5
103 0.375 3
103 0.4375 2
103 0.5 1
103 0.5625 5
103 0.625 2
103 0.6875 9
103 0.75 1
103 0.8125 8
103 0.875 12
103 0.9375 14
104 0 8
104 0.0625 9
104 0.125 5
104 0.1875 9
104 0.25 3
104 0.3125 0
104 0.375 5
104 0.4375 3
104 0.5 1
104 0.5625 2
104 0.625 8
104 0.6875 3
104 0.75 4
104 0.8125 6
104 0.875 13
104 0.9375 8
105 0 11
105 0.0625 13
105 0.125 2
105 0.1875 4
105 0.25 3
105 0.3125 4
105 0.375 4
105 0.4375 1
105 0.5 6
105 0.5625 3
105 0.625 2
105 0.6875 5
105 0.75 9
105 0.8125 8
105 0.875 6
105 0.9375 7
106 0 9
106 0.0625 6
106 0.125 7
106 0.1875 4
106 0.25 2
106 0.3125 1
106 0.375 1
106 0.4375 2
106 0.5 0
106 0.5625 2
106 0.625 1
106 0.6875 4
106 0.75 9
106 0.8125 10
106 0.875 5
106 0.9375 12
107 0 11
107 0.0625 6
107 0.125 4
107 0.1875 5
107 0.25 2
107 0.3125 4
107 0.375 1
107 0.4375 3
107 0.5 2
107 0.5625 2
107 0.625 2
107 0.6875 0
107 0.75 5
107 0.8125 8
107 0.875 7
107 0.9375 10
108 0 13
108 0.0625 7
108 0.125 5
108 0.1875 7
108 0.25 5
108 0.3125 3
108 0.375 1
108 0.4375 1
108 0.5 2
108 0.5625 2
108 0.625 4
108 0.6875 4
108 0.75 5
108 0.8125 8
108 0.875 7
108 0.9375 15
109 0 13
109 0.0625 11
109 0.125 9
109 0.1875 5
109 0.25 4
109 0.3125 4
109 0.375 2
109 0.4375 1
109 0.5 2
109 0.5625 2
109 0.625 0
109 0.6875 3
109 0.75 2
109 0.8125 8
109 0.875 10
109 0.9375 9
110 0 15
110 0.0625 8
110 0.125 2
110 0.1875 3
110 0.25 3
110 0.3125 4
110 0.375 2
110 0.4375 1
110 0.5 2
110 0.5625 1
110 0.625 1
110 0.6875 6
110 0.75 7
110 0.8125 12
110 0.875 4
110 0.9375 11
111 0 7
111 0.0625 9
111 0.125 3
111 0.1875 7
111 0.25 2
111 0.3125 3
111 0.375 2
111 0.4375 2
111 0.5 0
111 0.5625 1
111 0.625 2
111 0.6875 0
111 0.75 7
111 0.8125 8
111 0.875 11
111 0.9375 16
112 0 18
112 0.0625 13
112 0.125 5
112 0.1875 2
112 0.25 4
112 0.3125 1
112 0.375 2
112 0.4375 1
112 0.5 2
112 0.5625 2
112 0.625 5
112 0.6875 4
112 0.75 7
112 0.8125 9
112 0.875 7
112 0.9375 12
113 0 8
113 0.0625 5
113 0.125 4
113 0.1875 4
113 0.25 7
113 0.3125 2
113 0.375 3
113 0.4375 2
113 0.5 0
113 0.5625 3
113 0.625 1
113 0.6875 5
113 0.75 8
113 0.8125 8
113 0.875 10
113 0.9375 3
114 0 11
114 0.0625 10
114 0.125 7
114 0.1875 3
114 0.25 3
114 0.3125 2
114 0.375 1
114 0.4375 3
114 0.5 1
114 0.5625 2
114 0.625 0
114 0.6875 2
114 0.75 13
114 0.8125 5
114 0.875 7
114 0.9375 9
115 0 16
115 0.0625 10
115 0.125 8
115 0.1875 2
115 0.25 8
115 0.3125 0
115 0.375 0
115 0.4375 2
115 0.5 1
115 0.5625 2
115 0.625 2
115 0.6875 0
115 0.75 2
115 0.8125 8
115 0.875 12
115 0.9375 6
116 0 5
116 0.0625 9
116 0.125 7
116 0.1875 5
116 0.25 3
116 0.3125 0
116 0.375 0
116 0.4375 3
116 0.5 2
116 0.5625 1
116 0.625 1
116 0.6875 4
116 0.75 3
116 0.8125 11
116 0.875 6
116 0.9375 12
117 0 6
117 0.0625 22
117 0.125 8
117 0.1875 5
117 0.25 1
117 0.3125 6
117 0.375 1
117 0.4375 3
117 0.5 1
117 0.5625 1
117 0.625 3
117 0.6875 2
117 0.75 6
117 0.8125 14
117 0.875 11
117 0.9375 6
118 0 15
118 0.0625 9
118 0.125 6
118 0.1875 2
118 0.25 2
118 0.3125 3
118 0.375 3
118 0.4375 0
118 0.5 1
118 0.5625 1
118 0.625 1
118 0.6875 5
118 0.75 5
118 0.8125 6
118 0.875 10
118 0.9375 8
119 0 16
119 0.0625 8
119 0.125 5
119 0.1875 1
119 0.25 6
119 0.3125 3
119 0.375 1
119 0.4375 0
119 0.5 1
119 0.5625 0
119 0.625 1
119 0.6875 2
119 0.75 3
119 0.8125 11
119 0.875 11
119 0.9375 5
120 0 10
120 0.0625 8
120 0.125 6
120 0.1875 1
120 0.25 0
120 0.3125 2
120 0.375 1
120 0.4375 2
120 0.5 4
120 0.5625 0
120 0.625 2
120 0.6875 6
120 0.75 3
120 0.8125 2
120 0.875 14
120 0.9375 8
121 0 9
121 0.0625 4
121 0.125 4
121 0.1875 3
121 0.25 3
121 0.3125 0
121 0.375 2
121 0.4375 1
121 0.5 0
121 0.5625 1
121 0.625 1
121 0.6875 4
121 0.75 8
121 0.8125 7
121 0.875 8
121 0.9375 11
122 0 10
122 0.0625 11
122 0.125 8
122 0.1875 7
122 0.25 4
122 0.3125 4
122 0.375 2
122 0.4375 2
122 0.5 1
122 0.5625 1
122 0.625 3
122 0.6875 2
122 0.75 6
122 0.8125 10
122 0.875 12
122 0.9375 8
123 0 11
123 0.0625 3
123 0.125 7
123 0.1875 1
123 0.25 5
123 0.3125 3
123 0.375 1
123 0.4375 1
123 0.5 1
123 0.5625 3
123 0.625 3
123 0.6875 4
123 0.75 4
123 0.8125 4
123 0.875 9
123 0.9375 9
124 0 8
124 0.0625 7
124 0.125 8
124 0.1875 4
124 0.25 2
124 0.3125 0
124 0.375 1
124 0.4375 0
124 0.5 2
124 0.5625 0
124 0.625 7
124 0.6875 2
124 0.75 3
124 0.8125 8
124 0.875 11
124 0.9375 5
125 0 7
125 0.0625 12
125 0.125 5
125 0.1875 2
125 0.25 3
125 0.3125 1
125 0.375 0
125 0.4375 0
125 0.5 0
125 0.5625 1
125 0.625 2
125 0.6875 1
125 0.75 5
125 0.8125 8
125 0.875 5
125 0.9375 10
126 0 16
126 0.0625 9
126 0.125 6
126 0.1875 2
126 0.25 1
126 0.3125 1
126 0.375 1
126 0.4375 0
126 0.5 1
126 0.5625 1
126 0.625 2
126 0.6875 3
126 0.75 8
126 0.8125 6
126 0.875 8
126 0.9375 7
127 0 5
127 0.0625 8
127 0.125 3
127 0.1875 7
127 0.25 2
127 0.3125 2
127 0.375 2
127 0.4375 2
127 0.5 1
127 0.5625 2
127 0.625 1
127 0.6875 1
127 0.75 7
127 0.8125 15
127 0.875 8
127 0.9375 9
128 0 15
128 0.0625 9
128 0.125 7
128 0.1875 4
128 0.25 4
128 0.3125 3
128 0.375 3
128 0.4375 2
128 0.5 1
128 0.5625 1
128 0.625 2
128 0.6875 3
128 0.75 4
128 0.8125 6
128 0.875 7
128 0.9375 11
129 0 8
129 0.0625 5
129 0.125 5
129 0.1875 2
129 0.25 2
129 0.3125 3
129 0.375 1
129 0.4375 0
129 0.5 2
129 0.5625 1
129 0.625 4
129 0.6875 1
129 0.75 6
129 0.8125 7
129 0.875 6
129 0.9375 5
130 0 9
130 0.0625 15
130 0.125 5
130 0.1875 2
130 0.25 1
130 0.3125 1
130 0.375 0
130 0.4375 0
130 0.5 2
130 0.5625 3
130 0.625 0
130 0.6875 2
130 0.75 6
130 0.8125 7
130 0.875 8
130 0.9375 6
131 0 11
131 0.0625 2
131 0.125 8
131 0.1875 3
131 0.25 6
131 0.3125 1
131 0.375 4
131 0.4375 2
131 0.5 0
131 0.5625 1
131 0.625 1
131 0.6875 3
131 0.75 5
131 0.8125 5
131 0.875 11
131 0.9375 13
132 0 9
132 0.0625 8
132 0.125 11
132 0.1875 5
132 0.25 3
132 0.3125 2
132 0.375 3
132 0.4375 3
132 0.5 1
132 0.5625 0
132 0.625 2
132 0.6875 1
132 0.75 5
132 0.8125 11
132 0.875 7
132 0.9375 8
133 0 13
133 0.0625 5
133 0.125 6
133 0.1875 2
133 0.25 1
133 0.3125 1
133 0.375 0
133 0.4375 0
133 0.5 0
133 0.5625 2
133 0.625 1
133 0.6875 2
133 0.75 3
133 0.8125 5
133 0.875 8
133 0.9375 6
134 0 8
134 0.0625 6
134 0.125 3
134 0.1875 5
134 0.25 3
134 0.3125 0
134 0.375 0
134 0.4375 0
134 0.5 0
134 0.5625 0
134 0.625 0
134 0.6875 3
134 0.75 4
134 0.8125 9
134 0.875 5
134 0.9375 5
135 0 4
135 0.0625 9
135 0.125 7
135 0.1875 4
135 0.25 2
135 0.3125 1
135 0.375 2
135 0.4375 0
135 0.5 0
135 0.5625 1
135 0.625 0
135 0.6875 3
135 0.75 2
135 0.8125 6
135 0.875 5
135 0.9375 11
136 0 5
136 0.0625 6
136 0.125 4
136 0.1875 5
136 0.25 1
136 0.3125 2
136 0.375 1
136 0.4375 1
136 0.5 0
136 0.5625 4
136 0.625 1
136 0.6875 1
136 0.75 2
136 0.8125 8
136 0.875 9
136 0.9375 9
137 0 5
137 0.0625 8
137 0.125 8
137 0.1875 1
137 0.25 0
137 0.3125 2
137 0.375 1
137 0.4375 1
137 0.5 2
137 0.5625 2
137 0.625 1
137 0.6875 0
137 0.75 3
137 0.8125 6
137 0.875 4
137 0.9375 9
138 0 4
138 0.0625 9
138 0.125 6
138 0.1875 3
138 0.25 2
138 0.3125 3
138 0.375 2
138 0.4375 2
138 0.5 2
138 0.5625 2
138 0.625 2
138 0.6875 1
138 0.75 7
138 0.8125 7
138 0.875 10
138 0.9375 7
139 0 3
139 0.0625 8
139 0.125 3
139 0.1875 0
139 0.25 2
139 0.3125 3
139 0.375 0
139 0.4375 2
139 0.5 1
139 0.5625 3
139 0.625 1
139 0.6875 5
139 0.75 4
139 0.8125 3
139 0.875 6
139 0.9375 5
140 0 6
140 0.0625 2
140 0.125 7
140 0.1875 1
140 0.25 2
140 0.3125 0
140 0.375 2
140 0.4375 1
140 0.5 2
140 0.5625 0
140 0.625 1
140 0.6875 2
140 0.75 5
140 0.8125 9
140 0.875 7
140 0.9375 10
141 0 2
141 0.0625 6
141 0.125 2
141 0.1875 3
141 0.25 1
141 0.3125 3
141 0.375 3
141 0.4375 1
141 0.5 0
141 0.5625 1
141 0.625 1
141 0.6875 5
141 0.75 1
141 0.8125 4
141 0.875 9
141 0.9375 5
142 0 5
142 0.0625 3
142 0.125 1
142 0.1875 2
142 0.25 1
142 0.3125 1
142 0.375 1
142 0.4375 3
142 0.5 0
142 0.5625 1
142 0.625 0
142 0.6875 3
142 0.75 6
142 0.8125 11
142 0.875 6
142 0.9375 5
143 0 6
143 0.0625 3
143 0.125 4
143 0.1875 1
143 0.25 3
143 0.3125 1
143 0.375 0
143 0.4375 2
143 0.5 1
143 0.5625 0
143 0.625 1
143 0.6875 1
143 0.75 3
143 0.8125 12
143 0.875 6
143 0.9375 6
144 0 6
144 0.0625 4
144 0.125 1
144 0.1875 3
144 0.25 1
144 0.3125 1
144 0.375 0
144 0.4375 3
144 0.5 0
144 0.5625 2
144 0.625 2
144 0.6875 2
144 0.75 1
144 0.8125 6
144 0.875 5
144 0.9375 7
145 0 7
145 0.0625 4
145 0.125 3
145 0.1875 4
145 0.25 2
145 0.3125 2
145 0.375 0
145 0.4375 2
145 0.5 1
145 0.5625 0
145 0.625 2
145 0.6875 1
145 0.75 3
145 0.8125 8
145 0.875 8
145 0.9375 8
146 0 6
146 0.0625 6
146 0.125 3
146 0.1875 3
146 0.25 2
146 0.3125 2
146 0.375 1
146 0.4375 0
146 0.5 0
146 0.5625 1
146 0.625 0
146 0.6875 1
146 0.75 5
146 0.8125 4
146 0.875 10
146 0.9375 6
147 0 6
147 0.0625 10
147 0.125 2
147 0.1875 4
147 0.25 2
147 0.3125 2
147 0.375 1
147 0.4375 0
147 0.5 0
147 0.5625 0
147 0.625 2
147 0.6875 0
147 0.75 1
147 0.8125 6
147 0.875 5
147 0.9375 6
148 0 12
148 0.0625 5
148 0.125 4
148 0.1875 3
148 0.25 2
148 0.3125 0
148 0.375 1
148 0.4375 2
148 0.5 0
148 0.5625 1
148 0.625 0
148 0.6875 1
148 0.75 1
148 0.8125 3
148 0.875 3
148 0.9375 2
149 0 14
149 0.0625 8
149 0.125 5
149 0.1875 3
149 0.25 2
149 0.3125 2
149 0.375 5
149 0.4375 2
149 0.5 2
149 0.5625 1
149 0.625 2
149 0.6875 2
149 0.75 3
149 0.8125 5
149 0.875 7
149 0.9375 2
150 0 6
150 0.0625 8
150 0.125 4
150 0.1875 1
150 0.25 0
150 0.3125 0
150 0.375 1
150 0.4375 0
150 0.5 2
150 0.5625 0
150 0.625 2
150 0.6875 3
150 0.75 2
150 0.8125 7
150 0.875 4
150 0.9375 6
151 0 9
151 0.0625 3
151 0.125 6
151 0.1875 4
151 0.25 2
151 0.3125 1
151 0.375 0
151 0.4375 0
151 0.5 0
151 0.5625 2
151 0.625 0
151 0.6875 1
151 0.75 5
151 0.8125 8
151 0.875 7
151 0.9375 4
152 0 7
152 0.0625 4
152 0.125 0
152 0.1875 3
152 0.25 1
152 0.3125 1
152 0.375 1
152 0.4375 1
152 0.5 0
152 0.5625 0
152 0.625 1
152 0.6875 3
152 0.75 5
152 0.8125 3
152 0.875 7
152 0.9375 7
153 0 4
153 0.0625 3
153 0.125 3
153 0.1875 4
153 0.25 6
153 0.3125 0
153 0.375 1
153 0.4375 0
153 0.5 0
153 0.5625 0
153 0.625 4
153 0.6875 0
153 0.75 8
153 0.8125 11
153 0.875 5
153 0.9375 3
154 0 7
154 0.0625 5
154 0.125 4
154 0.1875 1
154 0.25 1
154 0.3125 1
154 0.375 0
154 0.4375 1
154 0.5 2
154 0.5625 2
154 0.625 1
154 0.6875 3
154 0.75 3
154 0.8125 3
154 0.875 6
154 0.9375 5
155 0 6
155 0.0625 4
155 0.125 3
155 0.1875 1
155 0.25 4
155 0.3125 0
155 0.375 0
155 0.4375 1
155 0.5 1
155 0.5625 0
155 0.625 1
155 0.6875 0
155 0.75 3
155 0.8125 6
155 0.875 4
155 0.9375 11
156 0 4
156 0.0625 4
156 0.125 6
156 0.1875 2
156 0.25 3
156 0.3125 1
156 0.375 1
156 0.4375 3
156 0.5 2
156 0.5625 1
156 0.625 2
156 0.6875 1
156 0.75 5
156 0.8125 5
156 0.875 2
156 0.9375 7
157 0 6
157 0.0625 6
157 0.125 5
157 0.1875 2
157 0.25 0
157 0.3125 0
157 0.375 2
157 0.4375 0
157 0.5 3
157 0.5625 0
157 0.625 1
157 0.6875 0
157 0.75 3
157 0.8125 6
157 0.875 4
157 0.9375 3
158 0 5
158 0.0625 4
158 0.125 1
158 0.1875 0
158 0.25 0
158 0.3125 2
158 0.375 0
158 0.4375 0
158 0.5 1
158 0.5625 1
158 0.625 1
158 0.6875 4
158 0.75 4
158 0.8125 3
158 0.875 5
158 0.9375 5
159 0 4
159 0.0625 6
159 0.125 3
159 0.1875 1
159 0.25 1
159 0.3125 1
159 0.375 0
159 0.4375 1
159 0.5 1
159 0.5625 0
159 0.625 0
159 0.6875 4
159 0.75 2
159 0.8125 4
159 0.875 8
159 0.9375 7
160 0 5
160 0.0625 4
160 0.125 6
160 0.1875 3
160 0.25 0
160 0.3125 2
160 0.375 0
160 0.4375 0
160 0.5 0
160 0.5625 1
160 0.625 1
160 0.6875 2
160 0.75 6
160 0.8125 7
160 0.875 3
160 0.9375 10
161 0 6
161 0.0625 2
161 0.125 1
161 0.1875 3
161 0.25 0
161 0.3125 1
161 0.375 1
161 0.4375 0
161 0.5 0
161 0.5625 0
161 0.625 1
161 0.6875 0
161 0.75 5
161 0.8125 2
161 0.875 9
161 0.9375 4
162 0 5
162 0.0625 6
162 0.125 2
162 0.1875 1
162 0.25 0
162 0.3125 0
162 0.375 0
162 0.4375 1
162 0.5 0
162 0.5625 0
162 0.625 0
162 0.6875 1
162 0.75 9
162 0.8125 3
162 0.875 1
162 0.9375 9
163 0 5
163 0.0625 4
163 0.125 3
163 0.1875 1
163 0.25 0
163 0.3125 0
163 0.375 2
163 0.4375 2
163 0.5 0
163 0.5625 0
163 0.625 2
163 0.6875 2
163 0.75 1
163 0.8125 5
163 0.875 4
163 0.9375 9
164 0 4
164 0.0625 1
164 0.125 3
164 0.1875 1
164 0.25 1
164 0.3125 2
164 0.375 0
164 0.4375 0
164 0.5 2
164 0.5625 0
164 0.625 0
164 0.6875 0
164 0.75 2
164 0.8125 7
164 0.875 7
164 0.9375 0
165 0 3
165 0.0625 2
165 0.125 2
165 0.1875 1
165 0.25 3
165 0.3125 0
165 0.375 0
165 0.4375 1
165 0.5 0
165 0.5625 0
165 0.625 1
165 0.6875 3
165 0.75 2
165 0.8125 3
165 0.875 9
165 0.9375 5
166 0 3
166 0.0625 3
166 0.125 0
166 0.1875 2
166 0.25 1
166 0.3125 2
166 0.375 0
166 0.4375 1
166 0.5 2
166 0.5625 1
166 0.625 1
166 0.6875 2
166 0.75 9
166 0.8125 3
166 0.875 3
166 0.9375 3
167 0 7
167 0.0625 3
167 0.125 4
167 0.1875 0
167 0.25 5
167 0.3125 0
167 0.375 0
167 0.4375 0
167 0.5 0
167 0.5625 2
167 0.625 2
167 0.6875 2
167 0.75 2
167 0.8125 2
167 0.875 3
167 0.9375 7
168 0 4
168 0.0625 2
168 0.125 1
168 0.1875 2
168 0.25 0
168 0.3125 1
168 0.375 0
168 0.4375 1
168 0.5 0
168 0.5625 1
168 0.625 1
168 0.6875 1
168 0.75 3
168 0.8125 3
168 0.875 6
168 0.9375 2
169 0 0
169 0.0625 4
169 0.125 0
169 0.1875 0
169 0.25 2
169 0.3125 2
169 0.375 1
169 0.4375 0
169 0.5 0
169 0.5625 0
169 0.625 0
169 0.6875 2
169 0.75 0
169 0.8125 3
169 0.875 5
169 0.9375 2
170 0 3
170 0.0625 4
170 0.125 4
170 0.1875 0
170 0.25 1
170 0.3125 1
170 0.375 1
170 0.4375 0
170 0.5 1
170 0.5625 0
170 0.625 1
170 0.6875 1
170 0.75 4
170 0.8125 1
170 0.875 4
170 0.9375 7
171 0 6
171 0.0625 1
171 0.125 4
171 0.1875 0
171 0.25 0
171 0.3125 2
171 0.375 1
171 0.4375 0
171 0.5 2
171 0.5625 0
171 0.625 1
171 0.6875 4
171 0.75 2
171 0.8125 4
171 0.875 6
171 0.9375 2
172 0 5
172 0.0625 6
172 0.125 2
172 0.1875 0
172 0.25 0
172 0.3125 1
172 0.375 0
172 0.4375 0
172 0.5 0
172 0.5625 0
172 0.625 0
172 0.6875 2
172 0.75 6
172 0.8125 5
172 0.875 0
172 0.9375 5
173 0 2
173 0.0625 3
173 0.125 1
173 0.1875 0
173 0.25 1
173 0.3125 0
173 0.375 1
173 0.4375 0
173 0.5 0
173 0.5625 1
173 0.625 2
173 0.6875 2
173 0.75 2
173 0.8125 2
173 0.875 3
173 0.9375 7
174 0 5
174 0.0625 4
174 0.125 1
174 0.1875 3
174 0.25 0
174 0.3125 1
174 0.375 1
174 0.4375 0
174 0.5 0
174 0.5625 0
174 0.625 2
174 0.6875 1
174 0.75 1
174 0.8125 6
174 0.875 7
174 0.9375 2
175 0 5
175 0.0625 1
175 0.125 3
175 0.1875 1
175 0.25 2
175 0.3125 0
175 0.375 1
175 0.4375 1
175 0.5 1
175 0.5625 0
175 0.625 0
175 0.6875 1
175 0.75 2
175 0.8125 3
175 0.875 5
175 0.9375 4
176 0 9
176 0.0625 4
176 0.125 3
176 0.1875 1
176 0.25 1
176 0.3125 0
176 0.375 0
176 0.4375 1
176 0.5 1
176 0.5625 0
176 0.625 2
176 0.6875 3
176 0.75 1
176 0.8125 4
176 0.875 8
176 0.9375 2
177 0 7
177 0.0625 1
177 0.125 2
177 0.1875 1
177 0.25 0
177 0.3125 0
177 0.375 0
177 0.4375 0
177 0.5 0
177 0.5625 0
177 0.625 1
177 0.6875 2
177 0.75 2
177 0.8125 1
177 0.875 5
177 0.9375 9
178 0 6
178 0.0625 2
178 0.125 1
178 0.1875 1
178 0.25 3
178 0.3125 1
178 0.375 2
178 0.4375 0
178 0.5 1
178 0.5625 0
178 0.625 0
178 0.6875 2
178 0.75 1
178 0.8125 5
178 0.875 7
178 0.9375 3
179 0 6
179 0.0625 0
179 0.125 3
179 0.1875 2
179 0.25 0
179 0.3125 1
179 0.375 2
179 0.4375 0
179 0.5 1
179 0.5625 1
179 0.625 0
179 0.6875 2
179 0.75 1
179 0.8125 6
179 0.875 4
179 0.9375 3
180 0 1
180 0.0625 5
180 0.125 1
180 0.1875 2
180 0.25 1
180 0.3125 0
180 0.375 1
180 0.4375 0
180 0.5 2
180 0.5625 1
180 0.625 1
180 0.6875 1
180 0.75 1
180 0.8125 4
180 0.875 5
180 0.9375 4
181 0 3
181 0.0625 2
181 0.125 1
181 0.1875 1
181 0.25 1
181 0.3125 2
181 0.375 0
181 0.4375 1
181 0.5 0
181 0.5625 1
181 0.625 0
181 0.6875 2
181 0.75 3
181 0.8125 6
181 0.875 6
181 0.9375 2
182 0 6
182 0.0625 3
182 0.125 3
182 0.1875 2
182 0.25 1
182 0.3125 0
182 0.375 0
182 0.4375 0
182 0.5 1
182 0.5625 1
182 0.625 0
182 0.6875 1
182 0.75 4
182 0.8125 4
182 0.875 7
182 0.9375 7
183 0 0
183 0.0625 4
183 0.125 2
183 0.1875 1
183 0.25 2
183 0.3125 1
183 0.375 0
183 0.4375 0
183 0.5 1
183 0.5625 0
183 0.625 1
183 0.6875 0
183 0.75 6
183 0.8125 2
183 0.875 4
183 0.9375 2
184 0 4
184 0.0625 4
184 0.125 2
184 0.1875 2
184 0.25 0
184 0.3125 1
184 0.375 1
184 0.4375 0
184 0.5 0
184 0.5625 0
184 0.625 2
184 0.6875 2
184 0.75 3
184 0.8125 2
184 0.875 1
184 0.9375 6
185 0 7
185 0.0625 3
185 0.125 1
185 0.1875 1
185 0.25 1
185 0.3125 0
185 0.375 0
185 0.4375 0
185 0.5 0
185 0.5625 0
185 0.625 0
185 0.6875 1
185 0.75 2
185 0.8125 5
185 0.875 5
185 0.9375 1
186 0 5
186 0.0625 2
186 0.125 0
186 0.1875 2
186 0.25 2
186 0.3125 0
186 0.375 0
186 0.4375 2
186 0.5 0
186 0.5625 1
186 0.625 0
186 0.6875 1
186 0.75 1
186 0.8125 4
186 0.875 2
186 0.9375 4
187 0 2
187 0.0625 4
187 0.125 3
187 0.1875 3
187 0.25 1
187 0.3125 0
187 0.375 0
187 0.4375 0
187 0.5 2
187 0.5625 1
187 0.625 0
187 0.6875 0
187 0.75 4
187 0.8125 3
187 0.875 4
187 0.9375 2
188 0 3
188 0.0625 0
188 0.125 2
188 0.1875 0
188 0.25 0
188 0.3125 0
188 0.375 1
188 0.4375 2
188 0.5 0
188 0.5625 0
188 0.625 1
188 0.6875 2
188 0.75 2
188 0.8125 2
188 0.875 2
188 0.9375 5
189 0 5
189 0.0625 2
189 0.125 6
189 0.1875 0
189 0.25 1
189 0.3125 1
189 0.375 0
189 0.4375 0
189 0.5 0
189 0.5625 0
189 0.625 0
189 0.6875 2
189 0.75 2
189 0.8125 3
189 0.875 2
189 0.9375 2
190 0 3
190 0.0625 1
190 0.125 3
190 0.1875 0
190 0.25 0
190 0.3125 2
190 0.375 1
190 0.4375 0
190 0.5 1
190 0.5625 1
190 0.625 2
190 0.6875 1
190 0.75 2
190 0.8125 4
190 0.875 4
190 0.9375 3
191 0 4
191 0.0625 3
191 0.125 2
191 0.1875 1
191 0.25 2
191 0.3125 3
191 0.375 0
191 0.4375 2
191 0.5 0
191 0.5625 3
191 0.625 1
191 0.6875 0
191 0.75 1
191 0.8125 6
191 0.875 3
191 0.9375 1
192 0 3
192 0.0625 2
192 0.125 1
192 0.1875 1
192 0.25 0
192 0.3125 1
192 0.375 1
192 0.4375 2
192 0.5 0
192 0.5625 0
192 0.625 2
192 0.6875 1
192 0.75 4
192 0.8125 5
192 0.875 1
192 0.9375 3
193 0 3
193 0.0625 0
193 0.125 2
193 0.1875 2
193 0.25 2
193 0.3125 0
193 0.375 0
193 0.4375 0
193 0.5 2
193 0.5625 2
193 0.625 2
193 0.6875 1
193 0.75 5
193 0.8125 2
193 0.875 2
193 0.9375 5
194 0 3
194 0.0625 4
194 0.125 2
194 0.1875 0
194 0.25 1
194 0.3125 0
194 0.375 2
194 0.4375 0
194 0.5 2
194 0.5625 0
194 0.625 0
194 0.6875 0
194 0.75 1
194 0.8125 1
194 0.875 3
194 0.9375 5
195 0 1
195 0.0625 0
195 0.125 1
195 0.1875 0
195 0.25 0
195 0.3125 1
195 0.375 2
195 0.4375 0
195 0.5 2
195 0.5625 0
195 0.625 0
195 0.6875 2
195 0.75 1
195 0.8125 0
195 0.875 4
195 0.9375 4
196 0 0
196 0.0625 3
196 0.125 0
196 0.1875 0
196 0.25 1
196 0.3125 2
196 0.375 1
196 0.4375 1
196 0.5 0
196 0.5625 0
196 0.625 1
196 0.6875 1
196 0.75 3
196 0.8125 2
196 0.875 1
196 0.9375 3
197 0 1
197 0.0625 6
197 0.125 1
197 0.1875 1
197 0.25 1
197 0.3125 0
197 0.375 0
197 0.4375 0
197 0.5 0
197 0.5625 1
197 0.625 2
197 0.6875 2
197 0.75 0
197 0.8125 2
197 0.875 4
197 0.9375 2
198 0 2
198 0.0625 2
198 0.125 1
198 0.1875 1
198 0.25 1
198 0.3125 1
198 0.375 0
198 0.4375 0
198 0.5 0
198 0.5625 0
198 0.625 0
198 0.6875 0
198 0.75 2
198 0.8125 1
198 0.875 4
198 0.9375 2
199 0 5
199 0.0625 1
199 0.125 3
199 0.1875 1
199 0.25 1
199 0.3125 0
199 0.375 1
199 0.4375 0
199 0.5 1
199 0.5625 0
199 0.625 2
199 0.6875 0
199 0.75 1
199 0.8125 5
199 0.875 2
199 0.9375 1
200 0 1
200 0.0625 3
200 0.125 1
200 0.1875 0
200 0.25 0
200 0.3125 1
200 0.375 1
200 0.4375 1
200 0.5 1
200 0.5625 0
200 0.625 0
200 0.6875 0
200 0.75 2
200 0.8125 2
200 0.875 4
200 0.9375 6
201 0 4
201 0.0625 1
201 0.125 1
201 0.1875 0
201 0.25 1
201 0.3125 0
201 0.375 0
201 0.4375 0
201 0.5 0
201 0.5625 3
201 0.625 0
201 0.6875 2
201 0.75 1
201 0.8125 3
201 0.875 1
201 0.9375 2
202 0 2
202 0.0625 3
202 0.125 3
202 0.1875 0
202 0.25 0
202 0.3125 0
202 0.375 0
202 0.4375 0
202 0.5 0
202 0.5625 1
202 0.625 0
202 0.6875 1
202 0.75 1
202 0.8125 2
202 0.875 5
202 0.9375 3
203 0 1
203 0.0625 0
203 0.125 5
203 0.1875 1
203 0.25 0
203 0.3125 3
203 0.375 0
203 0.4375 0
203 0.5 0
203 0.5625 1
203 0.625 0
203 0.6875 0
203 0.75 3
203 0.8125 2
203 0.875 6
203 0.9375 3
204 0 0
204 0.0625 0
204 0.125 2
204 0.1875 1
204 0.25 4
204 0.3125 1
204 0.375 1
204 0.4375 1
204 0.5 1
204 0.5625 0
204 0.625 0
204 0.6875 0
204 0.75 2
204 0.8125 1
204 0.875 0
204 0.9375 2
205 0 1
205 0.0625 0
205 0.125 0
205 0.1875 0
205 0.25 0
205 0.3125 0
205 0.375 0
205 0.4375 2
205 0.5 1
205 0.5625 1
205 0.625 0
205 0.6875 1
205 0.75 1
205 0.8125 2
205 0.875 2
205 0.9375 1
206 0 2
206 0.0625 2
206 0.125 3
206 0.1875 1
206 0.25 0
206 0.3125 1
206 0.375 1
206 0.4375 0
206 0.5 0
206 0.5625 0
206 0.625 0
206 0.6875 2
206 0.75 2
206 0.8125 1
206 0.875 3
206 0.9375 2
207 0 1
207 0.0625 1
207 0.125 1
207 0.1875 2
207 0.25 0
207 0.3125 3
207 0.375 0
207 0.4375 0
207 0.5 0
207 0.5625 0
207 0.625 0
207 0.6875 0
207 0.75 1
207 0.8125 2
207 0.875 4
207 0.9375 2
208 0 0
208 0.0625 1
208 0.125 1
208 0.1875 0
208 0.25 2
208 0.3125 0
208 0.375 0
208 0.4375 0
208 0.5 0
208 0.5625 1
208 0.625 1
208 0.6875 0
208 0.75 1
208 0.8125 0
208 0.875 2
208 0.9375 3
209 0 0
209 0.0625 1
209 0.125 1
209 0.1875 0
209 0.25 0
209 0.3125 0
209 0.375 0
209 0.4375 0
209 0.5 1
209 0.5625 2
209 0.625 0
209 0.6875 2
209 0.75 1
209 0.8125 3
209 0.875 2
209 0.9375 2
210 0 3
210 0.0625 2
210 0.125 0
210 0.1875 1
210 0.25 0
210 0.3125 2
210 0.375 1
210 0.4375 0
210 0.5 0
210 0.5625 1
210 0.625 2
210 0.6875 2
210 0.75 1
210 0.8125 2
210 0.875 2
210 0.9375 5
211 0 0
211 0.0625 0
211 0.125 0
211 0.1875 0
211 0.25 0
211 0.3125 0
211 0.375 0
211 0.4375 1
211 0.5 0
211 0.5625 1
211 0.625 1
211 0.6875 0
211 0.75 0
211 0.8125 1
211 0.875 1
211 0.9375 2
212 0 1
212 0.0625 1
212 0.125 2
212 0.1875 2
212 0.25 0
212 0.3125 1
212 0.375 0
212 0.4375 1
212 0.5 0
212 0.5625 0
212 0.625 1
212 0.6875 1
212 0.75 1
212 0.8125 3
212 0.875 2
212 0.9375 0
213 0 3
213 0.0625 0
213 0.125 1
213 0.1875 2
213 0.25 0
213 0.3125 1
213 0.375 1
213 0.4375 0
213 0.5 0
213 0.5625 0
213 0.625 2
213 0.6875 0
213 0.75 0
213 0.8125 4
213 0.875 0
213 0.9375 3
214 0 2
214 0.0625 1
214 0.125 0
214 0.1875 0
214 0.25 1
214 0.3125 0
214 0.375 0
214 0.4375 0
214 0.5 0
214 0.5625 0
214 0.625 0
214 0.6875 3
214 0.75 1
214 0.8125 3
214 0.875 2
214 0.9375 1
215 0 0
215 0.0625 0
215 0.125 0
215 0.1875 1
215 0.25 0
215 0.3125 0
215 0.375 0
215 0.4375 1
215 0.5 0
215 0.5625 0
215 0.625 0
215 0.6875 1
215 0.75 1
215 0.8125 0
215 0.875 1
215 0.9375 2
216 0 1
216 0.0625 0
216 0.125 1
216 0.1875 0
216 0.25 0
216 0.3125 1
216 0.375 0
216 0.4375 1
216 0.5 0
216 0.5625 0
216 0.625 0
216 0.6875 2
216 0.75 4
216 0.8125 1
216 0.875 1
216 0.9375 2
217 0 1
217 0.0625 2
217 0.125 0
217 0.1875 0
217 0.25 1
217 0.3125 1
217 0.375 1
217 0.4375 0
217 0.5 0
217 0.5625 1
217 0.625 0
217 0.6875 1
217 0.75 1
217 0.8125 1
217 0.875 2
217 0.9375 1
218 0 0
218 0.0625 0
218 0.125 0
218 0.1875 0
218 0.25 0
218 0.3125 0
218 0.375 0
218 0.4375 0
218 0.5 0
218 0.5625 0
218 0.625 0
218 0.6875 0
218 0.75 0
218 0.8125 0
218 0.875 2
218 0.9375 3
219 0 2
219 0.0625 0
219 0.125 1
219 0.1875 0
219 0.25 0
219 0.3125 0
219 0.375 0
219 0.4375 0
219 0.5 0
219 0.5625 0
219 0.625 0
219 0.6875 0
219 0.75 0
219 0.8125 0
219 0.875 3
219 0.9375 2
220 0 1
220 0.0625 2
220 0.125 0
220 0.1875 0
220 0.25 0
220 0.3125 0
220 0.375 0
220 0.4375 0
220 0.5 0
220 0.5625 0
220 0.625 0
220 0.6875 0
220 0.75 0
220 0.8125 0
220 0.875 2
220 0.9375 3
221 0 2
221 0.0625 1
221 0.125 1
221 0.1875 1
221 0.25 0
221 0.3125 0
221 0.375 0
221 0.4375 2
221 0.5 1
221 0.5625 0
221 0.625 0
221 0.6875 0
221 0.75 0
221 0.8125 0
221 0.875 1
221 0.9375 2
222 0 2
222 0.0625 0
222 0.125 2
222 0.1875 0
222 0.25 0
222 0.3125 0
222 0.375 1
222 0.4375 0
222 0.5 0
222 0.5625 0
222 0.625 0
222 0.6875 2
222 0.75 1
222 0.8125 1
222 0.875 0
222 0.9375 2
223 0 0
223 0.0625 1
223 0.125 0
223 0.1875 3
223 0.25 0
223 0.3125 1
223 0.375 0
223 0.4375 2
223 0.5 0
223 0.5625 0
223 0.625 1
223 0.6875 1
223 0.75 0
223 0.8125 1
223 0.875 1
223 0.9375 0
224 0 2
224 0.0625 0
224 0.125 0
224 0.1875 0
224 0.25 1
224 0.3125 0
224 0.375 0
224 0.4375 0
224 0.5 0
224 0.5625 0
224 0.625 0
224 0.6875 2
224 0.75 1
224 0.8125 0
224 0.875 1
224 0.9375 0
225 0 2
225 0.0625 0
225 0.125 1
225 0.1875 0
225 0.25 0
225 0.3125 0
225 0.375 0
225 0.4375 0
225 0.5 1
225 0.5625 0
225 0.625 1
225 0.6875 2
225 0.75 2
225 0.8125 2
225 0.875 0
225 0.9375 0
226 0 0
226 0.0625 0
226 0.125 1
226 0.1875 1
226 0.25 0
226 0.3125 2
226 0.375 0
226 0.4375 0
226 0.5 1
226 0.5625 0
226 0.625 0
226 0.6875 0
226 0.75 0
226 0.8125 0
226 0.875 0
226 0.9375 2
227 0 0
227 0.0625 0
227 0.125 1
227 0.1875 0
227 0.25 0
227 0.3125 0
227 0.375 0
227 0.4375 0
227 0.5 0
227 0.5625 0
227 0.625 0
227 0.6875 0
227 0.75 1
227 0.8125 0
227 0.875 1
227 0.9375 1
228 0 1
228 0.0625 0
228 0.125 0
228 0.1875 0
228 0.25 0
228 0.3125 0
228 0.375 0
228 0.4375 0
228 0.5 0
228 0.5625 0
228 0.625 0
228 0.6875 0
228 0.75 1
228 0.8125 2
228 0.875 1
228 0.9375 1
229 0 2
229 0.0625 0
229 0.125 0
229 0.1875 1
229 0.25 0
229 0.3125 0
229 0.375 0
229 0.4375 0
229 0.5 0
229 0.5625 0
229 0.625 0
229 0.6875 0
229 0.75 0
229 0.8125 0
229 0.875 1
229 0.9375 0
230 0 0
230 0.0625 2
230 0.125 0
230 0.1875 0
230 0.25 0
230 0.3125 0
230 0.375 0
230 0.4375 0
230 0.5 0
230 0.5625 0
230 0.625 0
230 0.6875 1
230 0.75 1
230 0.8125 0
230 0.875 1
230 0.9375 3
231 0 0
231 0.0625 1
231 0.125 0
231 0.1875 1
231 0.25 1
231 0.3125 0
231 0.375 0
231 0.4375 0
231 0.5 0
231 0.5625 0
231 0.625 0
231 0.6875 0
231 0.75 0
231 0.8125 0
231 0.875 1
231 0.9375 0
232 0 1
232 0.0625 1
232 0.125 1
232 0.1875 0
232 0.25 0
232 0.3125 0
232 0.375 0
232 0.4375 0
232 0.5 0
232 0.5625 0
232 0.625 0
232 0.6875 1
232 0.75 0
232 0.8125 1
232 0.875 0
232 0.9375 1
233 0 1
233 0.0625 0
233 0.125 0
233 0.1875 0
233 0.25 1
233 0.3125 1
233 0.375 0
233 0.4375 0
233 0.5 0
233 0.5625 0
233 0.625 0
233 0.6875 0
233 0.75 1
233 0.8125 1
233 0.875 2
233 0.9375 0
234 0 0
234 0.0625 1
234 0.125 0
234 0.1875 0
234 0.25 0
234 0.3125 0
234 0.375 0
234 0.4375 1
234 0.5 1
234 0.5625 1
234 0.625 0
234 0.6875 1
234 0.75 1
234 0.8125 1
234 0.875 1
234 0.9375 0
235 0 2
235 0.0625 0
235 0.125 0
235 0.1875 1
235 0.25 0
235 0.3125 0
235 0.375 0
235 0.4375 0
235 0.5 0
235 0.5625 0
235 0.625 0
235 0.6875 1
235 0.75 1
235 0.8125 0
235 0.875 0
235 0.9375 1
236 0 0
236 0.0625 2
236 0.125 0
236 0.1875 0
236 0.25 0
236 0.3125 0
236 0.375 0
236 0.4375 0
236 0.5 0
236 0.5625 0
236 0.625 1
236 0.6875 0
236 0.75 1
236 0.8125 0
236 0.875 1
236 0.9375 0
237 0 0
237 0.0625 0
237 0.125 0
237 0.1875 0
237 0.25 0
237 0.3125 0
237 0.375 0
237 0.4375 0
237 0.5 0
237 0.5625 0
237 0.625 1
237 0.6875 0
237 0.75 0
237 0.8125 1
237 0.875 1
237 0.9375 2
238 0 1
238 0.0625 1
238 0.125 0
238 0.1875 1
238 0.25 0
238 0.3125 1
238 0.375 1
238 0.4375 1
238 0.5 0
238 0.5625 0
238 0.625 1
238 0.6875 0
238 0.75 1
238 0.8125 0
238 0.875 2
238 0.9375 0
239 0 1
239 0.0625 1
239 0.125 1
239 0.1875 2
239 0.25 1
239 0.3125 1
239 0.375 0
239 0.4375 0
239 0.5 0
239 0.5625 0
239 0.625 0
239 0.6875 1
239 0.75 0
239 0.8125 2
239 0.875 1
239 0.9375 1
240 0 1
240 0.0625 0
240 0.125 1
240 0.1875 2
240 0.25 0
240 0.3125 0
240 0.375 0
240 0.4375 0
240 0.5 0
240 0.5625 0
240 0.625 0
240 0.6875 0
240 0.75 0
240 0.8125 0
240 0.875 0
240 0.9375 0
241 0 0
241 0.0625 2
241 0.125 1
241 0.1875 0
241 0.25 0
241 0.3125 0
241 0.375 0
241 0.4375 1
241 0.5 0
241 0.5625 0
241 0.625 1
241 0.6875 1
241 0.75 2
241 0.8125 1
241 0.875 0
241 0.9375 1
242 0 0
242 0.0625 2
242 0.125 0
242 0.1875 1
242 0.25 0
242 0.3125 2
242 0.375 0
242 0.4375 0
242 0.5 0
242 0.5625 0
242 0.625 0
242 0.6875 1
242 0.75 0
242 0.8125 1
242 0.875 1
242 0.9375 0
243 0 0
243 0.0625 0
243 0.125 2
243 0.1875 0
243 0.25 0
243 0.3125 2
243 0.375 1
243 0.4375 1
243 0.5 0
243 0.5625 1
243 0.625 0
243 0.6875 0
243 0.75 0
243 0.8125 1
243 0.875 1
243 0.9375 0
244 0 0
244 0.0625 1
244 0.125 2
244 0.1875 0
244 0.25 0
244 0.3125 0
244 0.375 0
244 0.4375 1
244 0.5 0
244 0.5625 0
244 0.625 0
244 0.6875 0
244 0.75 1
244 0.8125 2
244 0.875 0
244 0.9375 1
245 0 1
245 0.0625 1
245 0.125 1
245 0.1875 1
245 0.25 0
245 0.3125 1
245 0.375 1
245 0.4375 0
245 0.5 0
245 0.5625 0
245 0.625 0
245 0.6875 1
245 0.75 0
245 0.8125 2
245 0.875 0
245 0.9375 0
246 0 0
246 0.0625 0
246 0.125 0
246 0.1875 0
246 0.25 0
246 0.3125 0
246 0.375 2
246 0.4375 0
246 0.5 0
246 0.5625 0
246 0.625 1
246 0.6875 0
246 0.75 0
246 0.8125 0
246 0.875 1
246 0.9375 2
247 0 3
247 0.0625 0
247 0.125 1
247 0.1875 0
247 0.25 0
247 0.3125 0
247 0.375 0
247 0.4375 0
247 0.5 0
247 0.5625 2
247 0.625 0
247 0.6875 0
247 0.75 0
247 0.8125 2
247 0.875 0
247 0.9375 0
248 0 0
248 0.0625 0
248 0.125 0
248 0.1875 0
248 0.25 0
248 0.3125 0
248 0.375 0
248 0.4375 0
248 0.5 0
248 0.5625 1
248 0.625 0
248 0.6875 0
248 0.75 0
248 0.8125 0
248 0.875 0
248 0.9375 0
249 0 0
249 0.0625 0
249 0.125 1
249 0.1875 0
249 0.25 0
249 0.3125 0
249 0.375 0
249 0.4375 0
249 0.5 0
249 0.5625 0
249 0.625 0
249 0.6875 0
249 0.75 0
249 0.8125 2
249 0.875 0
249 0.9375 0
250 0 0
250 0.0625 0
250 0.125 0
250 0.1875 0
250 0.25 0
250 0.3125 1
250 0.375 0
250 0.4375 0
250 0.5 0
250 0.5625 0
250 0.625 0
250 0.6875 0
250 0.75 0
250 0.8125 0
250 0.875 0
250 0.9375 0
251 0 1
251 0.0625 1
251 0.125 0
251 0.1875 0
251 0.25 0
251 0.3125 0
251 0.375 1
251 0.4375 0
251 0.5 2
251 0.5625 0
251 0.625 0
251 0.6875 0
251 0.75 1
251 0.8125 0
251 0.875 2
251 0.9375 0
252 0 2
252 0.0625 1
252 0.125 0
252 0.1875 0
252 0.25 0
252 0.3125 0
252 0.375 0
252 0.4375 1
252 0.5 0
252 0.5625 0
252 0.625 0
252 0.6875 0
252 0.75 1
252 0.8125 0
252 0.875 0
252 0.9375 1
253 0 1
253 0.0625 0
253 0.125 1
253 0.1875 0
253 0.25 0
253 0.3125 0
253 0.375 0
253 0.4375 0
253 0.5 0
253 0.5625 0
253 0.625 0
253 0.6875 1
253 0.75 0
253 0.8125 1
253 0.875 0
253 0.9375 0
254 0 1
254 0.0625 1
254 0.125 1
254 0.1875 0
254 0.25 0
254 0.3125 0
254 0.375 0
254 0.4375 0
254 0.5 0
254 0.5625 0
254 0.625 0
254 0.6875 1
254 0.75 0
254 0.8125 0
254 0.875 0
254 0.9375 2
255 0 0
255 0.0625 0
255 0.125 0
255 0.1875 1
255 0.25 0
255 0.3125 1
255 0.375 0
255 0.4375 0
255 0.5 0
255 0.5625 1
255 0.625 0
255 0.6875 1
255 0.75 0
255 0.8125 1
255 0.875 0
255 0.9375 1
256 0 0
256 0.0625 0
256 0.125 1
256 0.1875 1
256 0.25 0
256 0.3125 0
256 0.375 0
256 0.4375 0
256 0.5 1
256 0.5625 0
256 0.625 0
256 0.6875 1
256 0.75 1
256 0.8125 0
256 0.875 0
256 0.9375 0
257 0 1
257 0.0625 2
257 0.125 0
257 0.1875 0
257 0.25 0
257 0.3125 0
257 0.375 0
257 0.4375 0
257 0.5 0
257 0.5625 0
257 0.625 0
257 0.6875 1
257 0.75 0
257 0.8125 1
257 0.875 2
257 0.9375 0
258 0 1
258 0.0625 1
258 0.125 0
258 0.1875 0
258 0.25 0
258 0.3125 0
258 0.375 0
258 0.4375 0
258 0.5 0
258 0.5625 0
258 0.625 0
258 0.6875 1
258 0.75 0
258 0.8125 0
258 0.875 0
258 0.9375 1
259 0 0
259 0.0625 0
259 0.125 0
259 0.1875 0
259 0.25 0
259 0.3125 0
259 0.375 0
259 0.4375 0
259 0.5 0
259 0.5625 0
259 0.625 0
259 0.6875 0
259 0.75 1
259 0.8125 1
259 0.875 0
259 0.9375 4
260 0 0
260 0.0625 0
260 0.125 0
260 0.1875 1
260 0.25 1
260 0.3125 0
260 0.375 0
260 0.4375 0
260 0.5 0
260 0.5625 1
260 0.625 0
260 0.6875 0
260 0.75 0
260 0.8125 0
260 0.875 0
260 0.9375 1
261 0 0
261 0.0625 1
261 0.125 0
261 0.1875 1
261 0.25 1
261 0.3125 0
261 0.375 0
261 0.4375 0
261 0.5 0
261 0.5625 0
261 0.625 0
261 0.6875 0
261 0.75 1
261 0.8125 0
261 0.875 0
261 0.9375 1
262 0 1
262 0.0625 1
262 0.125 0
262 0.1875 0
262 0.25 0
262 0.3125 0
262 0.375 0
262 0.4375 0
262 0.5 0
262 0.5625 0
262 0.625 1
262 0.6875 0
262 0.75 0
262 0.8125 0
262 0.875 0
262 0.9375 0
263 0 3
263 0.0625 0
263 0.125 2
263 0.1875 1
263 0.25 0
263 0.3125 0
263 0.375 0
263 0.4375 0
263 0.5 0
263 0.5625 0
263 0.625 0
263 0.6875 0
263 0.75 0
263 0.8125 0
263 0.875 0
263 0.9375 0
264 0 0
264 0.0625 0
264 0.125 0
264 0.1875 0
264 0.25 1
264 0.3125 0
264 0.375 0
264 0.4375 0
264 0.5 0
264 0.5625 0
264 0.625 0
264 0.6875 1
264 0.75 2
264 0.8125 1
264 0.875 0
264 0.9375 1
265 0 0
265 0.0625 0
265 0.125 0
265 0.1875 0
265 0.25 1
265 0.3125 0
265 0.375 0
265 0.4375 0
265 0.5 0
265 0.5625 0
265 0.625 0
265 0.6875 0
265 0.75 0
265 0.8125 0
265 0.875 0
265 0.9375 1
266 0 0
266 0.0625 0
266 0.125 0
266 0.1875 0
266 0.25 0
266 0.3125 0
266 0.375 0
266 0.4375 0
266 0.5 0
266 0.5625 0
266 0.625 1
266 0.6875 0
266 0.75 0
266 0.8125 1
266 0.875 0
266 0.9375 1
267 0 0
267 0.0625 1
267 0.125 1
267 0.1875 0
267 0.25 1
267 0.3125 0
267 0.375 0
267 0.4375 0
267 0.5 0
267 0.5625 0
267 0.625 1
267 0.6875 0
267 0.75 0
267 0.8125 2
267 0.875 0
267 0.9375 1
268 0 0
268 0.0625 0
268 0.125 0
268 0.1875 0
268 0.25 0
268 0.3125 0
268 0.375 0
268 0.4375 0
268 0.5 0
268 0.5625 1
268 0.625 0
268 0.6875 0
268 0.75 0
268 0.8125 0
268 0.875 0
268 0.9375 0
269 0 0
269 0.0625 1
269 0.125 0
269 0.1875 0
269 0.25 0
269 0.3125 0
269 0.375 0
269 0.4375 0
269 0.5 1
269 0.5625 0
269 0.625 0
269 0.6875 0
269 0.75 0
269 0.8125 0
269 0.875 0
269 0.9375 0
270 0 0
270 0.0625 0
270 0.125 0
270 0.1875 0
270 0.25 1
270 0.3125 0
270 0.375 0
270 0.4375 0
270 0.5 0
270 0.5625 0
270 0.625 0
270 0.6875 0
270 0.75 1
270 0.8125 0
270 0.875 0
270 0.9375 0
271 0 1
271 0.0625 0
271 0.125 0
271 0.1875 0
271 0.25 0
271 0.3125 0
271 0.375 0
271 0.4375 0
271 0.5 0
271 0.5625 0
271 0.625 1
271 0.6875 0
271 0.75 0
271 0.8125 0
271 0.875 0
271 0.9375 0
272 0 1
272 0.0625 0
272 0.125 0
272 0.1875 0
272 0.25 1
272 0.3125 1
272 0.375 0
272 0.4375 0
272 0.5 0
272 0.5625 0
272 0.625 0
272 0.6875 0
272 0.75 1
272 0.8125 0
272 0.875 3
272 0.9375 0
273 0 0
273 0.0625 0
273 0.125 0
273 0.1875 0
273 0.25 1
273 0.3125 0
273 0.375 0
273 0.4375 2
273 0.5 0
273 0.5625 0
273 0.625 0
273 0.6875 1
273 0.75 0
273 0.8125 0
273 0.875 0
273 0.9375 1
274 0 1
274 0.0625 0
274 0.125 0
274 0.1875 0
274 0.25 0
274 0.3125 0
274 0.375 0
274 0.4375 0
274 0.5 0
274 0.5625 0
274 0.625 0
274 0.6875 1
274 0.75 0
274 0.8125 2
274 0.875 0
274 0.9375 0
275 0 0
275 0.0625 0
275 0.125 2
275 0.1875 0
275 0.25 0
275 0.3125 1
275 0.375 0
275 0.4375 0
275 0.5 0
275 0.5625 0
275 0.625 0
275 0.6875 1
275 0.75 0
275 0.8125 0
275 0.875 0
275 0.9375 0
276 0 1
276 0.0625 0
276 0.125 0
276 0.1875 0
276 0.25 0
276 0.3125 1
276 0.375 1
276 0.4375 0
276 0.5 0
276 0.5625 0
276 0.625 0
276 0.6875 0
276 0.75 0
276 0.8125 1
276 0.875 0
276 0.9375 0
277 0 1
277 0.0625 0
277 0.125 0
277 0.1875 0
277 0.25 2
277 0.3125 0
277 0.375 1
277 0.4375 0
277 0.5 0
277 0.5625 0
277 0.625 0
277 0.6875 2
277 0.75 1
277 0.8125 0
277 0.875 0
277 0.9375 1
278 0 0
278 0.0625 0
278 0.125 0
278 0.1875 0
278 0.25 0
278 0.3125 0
278 0.375 0
278 0.4375 0
278 0.5 0
278 0.5625 0
278 0.625 0
278 0.6875 0
278 0.75 1
278 0.8125 0
278 0.875 0
278 0.9375 0
279 0 0
279 0.0625 0
279 0.125 0
279 0.1875 0
279 0.25 0
279 0.3125 0
279 0.375 0
279 0.4375 0
279 0.5 0
279 0.5625 0
279 0.625 0
279 0.6875 1
279 0.75 2
279 0.8125 0
279 0.875 1
279 0.9375 0
280 0 1
280 0.0625 1
280 0.125 0
280 0.1875 0
280 0.25 0
280 0.3125 1
280 0.375 0
280 0.4375 0
280 0.5 0
280 0.5625 0
280 0.625 0
280 0.6875 0
280 0.75 2
280 0.8125 0
280 0.875 0
280 0.9375 1
281 0 0
281 0.0625 0
281 0.125 0
281 0.1875 0
281 0.25 1
281 0.3125 0
281 0.375 0
281 0.4375 0
281 0.5 1
281 0.5625 0
281 0.625 1
281 0.6875 0
281 0.75 0
281 0.8125 1
281 0.875 0
281 0.9375 1
282 0 1
282 0.0625 0
282 0.125 0
282 0.1875 0
282 0.25 0
282 0.3125 0
282 0.375 0
282 0.4375 0
282 0.5 0
282 0.5625 0
282 0.625 0
282 0.6875 1
282 0.75 1
282 0.8125 1
282 0.875 0
282 0.9375 0
283 0 0
283 0.0625 1
283 0.125 0
283 0.1875 0
283 0.25 0
283 0.3125 0
283 0.375 1
283 0.4375 1
283 0.5 0
283 0.5625 0
283 0.625 1
283 0.6875 1
283 0.75 1
283 0.8125 0
283 0.875 1
283 0.9375 1
284 0 0
284 0.0625 0
284 0.125 2
284 0.1875 0
284 0.25 0
284 0.3125 1
284 0.375 0
284 0.4375 0
284 0.5 0
284 0.5625 0
284 0.625 0
284 0.6875 0
284 0.75 0
284 0.8125 3
284 0.875 0
284 0.9375 0
285 0 1
285 0.0625 0
285 0.125 0
285 0.1875 0
285 0.25 0
285 0.3125 0
285 0.375 0
285 0.4375 0
285 0.5 0
285 0.5625 0
285 0.625 0
285 0.6875 0
285 0.75 0
285 0.8125 0
285 0.875 1
285 0.9375 2
286 0 1
286 0.0625 0
286 0.125 0
286 0.1875 0
286 0.25 0
286 0.3125 0
286 0.375 0
286 0.4375 0
286 0.5 0
286 0.5625 0
286 0.625 0
286 0.6875 0
286 0.75 1
286 0.8125 0
286 0.875 0
286 0.9375 0
287 0 0
287 0.0625 1
287 0.125 0
287 0.1875 0
287 0.25 0
287 0.3125 1
287 0.375 0
287 0.4375 0
287 0.5 0
287 0.5625 0
287 0.625 0
287 0.6875 1
287 0.75 0
287 0.8125 0
287 0.875 1
287 0.9375 0
288 0 0
288 0.0625 0
288 0.125 0
288 0.1875 0
288 0.25 1
288 0.3125 0
288 0.375 0
288 0.4375 0
288 0.5 0
288 0.5625 0
288 0.625 0
288 0.6875 0
288 0.75 0
288 0.8125 0
288 0.875 1
288 0.9375 0
289 0 0
289 0.0625 0
289 0.125 0
289 0.1875 0
289 0.25 0
289 0.3125 0
289 0.375 0
289 0.4375 0
289 0.5 1
289 0.5625 0
289 0.625 0
289 0.6875 0
289 0.75 0
289 0.8125 1
289 0.875 0
289 0.9375 0
290 0 0
290 0.0625 1
290 0.125 0
290 0.1875 0
290 0.25 0
290 0.3125 0
290 0.375 0
290 0.4375 0
290 0.5 1
290 0.5625 0
290 0.625 0
290 0.6875 0
290 0.75 0
290 0.8125 0
290 0.875 3
290 0.9375 2
291 0 0
291 0.0625 0
291 0.125 1
291 0.1875 0
291 0.25 1
291 0.3125 0
291 0.375 1
291 0.4375 0
291 0.5 1
291 0.5625 0
291 0.625 0
291 0.6875 0
291 0.75 0
291 0.8125 0
291 0.875 0
291 0.9375 2
292 0 0
292 0.0625 0
292 0.125 1
292 0.1875 1
292 0.25 0
292 0.3125 0
292 0.375 0
292 0.4375 0
292 0.5 0
292 0.5625 0
292 0.625 1
292 0.6875 2
292 0.75 0
292 0.8125 0
292 0.875 1
292 0.9375 1
293 0 0
293 0.0625 0
293 0.125 0
293 0.1875 0
293 0.25 0
293 0.3125 0
293 0.375 0
293 0.4375 0
293 0.5 1
293 0.5625 0
293 0.625 0
293 0.6875 0
293 0.75 2
293 0.8125 1
293 0.875 0
293 0.9375 1
294 0 0
294 0.0625 0
294 0.125 1
294 0.1875 0
294 0.25 0
294 0.3125 0
294 0.375 0
294 0.4375 0
294 0.5 1
294 0.5625 0
294 0.625 0
294 0.6875 1
294 0.75 0
294 0.8125 0
294 0.875 0
294 0.9375 0
295 0 0
295 0.0625 1
295 0.125 0
295 0.1875 0
295 0.25 0
295 0.3125 0
295 0.375 0
295 0.4375 1
295 0.5 0
295 0.5625 0
295 0.625 1
295 0.6875 0
295 0.75 0
295 0.8125 0
295 0.875 1
295 0.9375 0
296 0 1
296 0.0625 0
296 0.125 0
296 0.1875 0
296 0.25 0
296 0.3125 0
296 0.375 0
296 0.4375 1
296 0.5 0
296 0.5625 0
296 0.625 0
296 0.6875 0
296 0.75 0
296 0.8125 0
296 0.875 1
296 0.9375 1
297 0 0
297 0.0625 0
297 0.125 0
297 0.1875 0
297 0.25 0
297 0.3125 0
297 0.375 0
297 0.4375 0
297 0.5 1
297 0.5625 1
297 0.625 0
297 0.6875 0
297 0.75 0
297 0.8125 0
297 0.875 0
297 0.9375 0
298 0 0
298 0.0625 0
298 0.125 0
298 0.1875 0
298 0.25 0
298 0.3125 0
298 0.375 0
298 0.4375 0
298 0.5 0
298 0.5625 0
298 0.625 0
298 0.6875 2
298 0.75 0
298 0.8125 0
298 0.875 2
298 0.9375 0
299 0 0
299 0.0625 1
299 0.125 2
299 0.1875 0
299 0.25 0
299 0.3125 0
299 0.375 0
299 0.4375 0
299 0.5 0
299 0.5625 0
299 0.625 0
299 0.6875 0
299 0.75 0
299 0.8125 0
299 0.875 0
299 0.9375 0
300 0 0
300 0.0625 0
300 0.125 0
300 0.1875 0
300 0.25 0
300 0.3125 0
300 0.375 0
300 0.4375 0
300 0.5 0
300 0.5625 0
300 0.625 0
300 0.6875 0
300 0.75 0
300 0.8125 0
300 0.875 0
300 0.9375 0
