1 0 456
1 0.0625 462
1 0.125 479
1 0.1875 447
1 0.25 449
1 0.3125 462
1 0.375 432
1 0.4375 432
1 0.5 411
1 0.5625 446
1 0.625 403
1 0.6875 477
1 0.75 412
1 0.8125 463
1 0.875 408
1 0.9375 468
2 0 479
2 0.0625 541
2 0.125 544
2 0.1875 535
2 0.25 536
2 0.3125 458
2 0.375 456
2 0.4375 501
2 0.5 517
2 0.5625 499
2 0.625 508
2 0.6875 522
2 0.75 493
2 0.8125 525
2 0.875 521
2 0.9375 550
3 0 577
3 0.0625 587
3 0.125 588
3 0.1875 597
3 0.25 512
3 0.3125 564
3 0.375 584
3 0.4375 572
3 0.5 563
3 0.5625 509
3 0.625 538
3 0.6875 551
3 0.75 533
3 0.8125 613
3 0.875 574
3 0.9375 564
4 0 618
4 0.0625 657
4 0.125 639
4 0.1875 586
4 0.25 634
4 0.3125 617
4 0.375 593
4 0.4375 546
4 0.5 577
4 0.5625 577
4 0.625 588
4 0.6875 607
4 0.75 640
4 0.8125 650
4 0.875 668
4 0.9375 630
5 0 685
5 0.0625 679
5 0.125 693
5 0.1875 706
5 0.25 614
5 0.3125 631
5 0.375 657
5 0.4375 637
5 0.5 587
5 0.5625 574
5 0.625 641
5 0.6875 679
5 0.75 673
5 0.8125 665
5 0.875 682
5 0.9375 698
6 0 742
6 0.0625 745
6 0.125 683
6 0.1875 712
6 0.25 687
6 0.3125 614
6 0.375 657
6 0.4375 631
6 0.5 676
6 0.5625 655
6 0.625 650
6 0.6875 665
6 0.75 677
6 0.8125 739
6 0.875 742
6 0.9375 799
7 0 810
7 0.0625 785
7 0.125 727
7 0.1875 788
7 0.25 692
7 0.3125 682
7 0.375 769
7 0.4375 656
7 0.5 697
7 0.5625 629
7 0.625 682
7 0.6875 692
7 0.75 684
7 0.8125 769
7 0.875 750
7 0.9375 785
8 0 894
8 0.0625 815
8 0.125 806
8 0.1875 832
8 0.25 816
8 0.3125 748
8 0.375 752
8 0.4375 717
8 0.5 730
8 0.5625 764
8 0.625 774
8 0.6875 772
8 0.75 799
8 0.8125 854
8 0.875 816
8 0.9375 882
9 0 974
9 0.0625 919
9 0.125 903
9 0.1875 870
9 0.25 832
9 0.3125 760
9 0.375 809
9 0.4375 747
9 0.5 799
9 0.5625 815
9 0.625 781
9 0.6875 846
9 0.75 871
9 0.8125 918
9 0.875 901
9 0.9375 993
10 0 1042
10 0.0625 969
10 0.125 1052
10 0.1875 928
10 0.25 889
10 0.3125 845
10 0.375 824
10 0.4375 826
10 0.5 803
10 0.5625 824
10 0.625 848
10 0.6875 861
10 0.75 986
10 0.8125 988
10 0.875 1019
10 0.9375 970
11 0 1161
11 0.0625 1063
11 0.125 1001
11 0.1875 988
11 0.25 1001
11 0.3125 904
11 0.375 924
11 0.4375 890
11 0.5 844
11 0.5625 868
11 0.625 896
11 0.6875 955
11 0.75 948
11 0.8125 1055
11 0.875 1095
11 0.9375 1126
12 0 1256
12 0.0625 1157
12 0.125 1137
12 0.1875 1094
12 0.25 1109
12 0.3125 1002
12 0.375 966
12 0.4375 953
12 0.5 986
12 0.5625 1040
12 0.625 993
12 0.6875 980
12 0.75 1035
12 0.8125 1159
12 0.875 1291
12 0.9375 1218
13 0 1280
13 0.0625 1261
13 0.125 1219
13 0.1875 1157
13 0.25 1039
13 0.3125 1024
13 0.375 1046
13 0.4375 1040
13 0.5 986
13 0.5625 984
13 0.625 1013
13 0.6875 1046
13 0.75 1086
13 0.8125 1162
13 0.875 1304
13 0.9375 1301
14 0 1376
14 0.0625 1324
14 0.125 1251
14 0.1875 1210
14 0.25 1163
14 0.3125 1074
14 0.375 1043
14 0.4375 1053
14 0.5 1052
14 0.5625 1005
14 0.625 1051
14 0.6875 1104
14 0.75 1183
14 0.8125 1264
14 0.875 1321
14 0.9375 1414
15 0 1409
15 0.0625 1336
15 0.125 1285
15 0.1875 1208
15 0.25 1142
15 0.3125 1131
15 0.375 1062
15 0.4375 1039
15 0.5 1025
15 0.5625 990
15 0.625 1110
15 0.6875 1127
15 0.75 1218
15 0.8125 1271
15 0.875 1426
15 0.9375 1419
16 0 1504
16 0.0625 1430
16 0.125 1306
16 0.1875 1224
16 0.25 1149
16 0.3125 1112
16 0.375 1062
16 0.4375 1034
16 0.5 1046
16 0.5625 1039
16 0.625 1032
16 0.6875 1141
16 0.75 1237
16 0.8125 1376
16 0.875 1483
16 0.9375 1475
17 0 1427
17 0.0625 1426
17 0.125 1310
17 0.1875 1235
17 0.25 1140
17 0.3125 1041
17 0.375 1054
17 0.4375 1024
17 0.5 1024
17 0.5625 1017
17 0.625 1123
17 0.6875 1131
17 0.75 1215
17 0.8125 1352
17 0.875 1503
17 0.9375 1528
18 0 1427
18 0.0625 1357
18 0.125 1334
18 0.1875 1259
18 0.25 1197
18 0.3125 1095
18 0.375 1024
18 0.4375 1055
18 0.5 989
18 0.5625 959
18 0.625 1014
18 0.6875 1129
18 0.75 1206
18 0.8125 1406
18 0.875 1464
18 0.9375 1469
19 0 1506
19 0.0625 1392
19 0.125 1324
19 0.1875 1154
19 0.25 1112
19 0.3125 1069
19 0.375 1038
19 0.4375 969
19 0.5 1020
19 0.5625 953
19 0.625 961
19 0.6875 1096
19 0.75 1198
19 0.8125 1288
19 0.875 1436
19 0.9375 1538
20 0 1397
20 0.0625 1383
20 0.125 1207
20 0.1875 1122
20 0.25 1103
20 0.3125 982
20 0.375 931
20 0.4375 906
20 0.5 929
20 0.5625 881
20 0.625 967
20 0.6875 1039
20 0.75 1219
20 0.8125 1228
20 0.875 1466
20 0.9375 1480
21 0 1437
21 0.0625 1327
21 0.125 1259
21 0.1875 1155
21 0.25 988
21 0.3125 1004
21 0.375 890
21 0.4375 876
21 0.5 898
21 0.5625 832
21 0.625 912
21 0.6875 1007
21 0.75 1181
21 0.8125 1289
21 0.875 1427
21 0.9375 1396
22 0 1459
22 0.0625 1313
22 0.125 1202
22 0.1875 1087
22 0.25 994
22 0.3125 906
22 0.375 972
22 0.4375 862
22 0.5 838
22 0.5625 821
22 0.625 927
22 0.6875 962
22 0.75 1091
22 0.8125 1159
22 0.875 1311
22 0.9375 1394
23 0 1341
23 0.0625 1458
23 0.125 1165
23 0.1875 1088
23 0.25 976
23 0.3125 910
23 0.375 852
23 0.4375 824
23 0.5 767
23 0.5625 803
23 0.625 828
23 0.6875 986
23 0.75 1052
23 0.8125 1262
23 0.875 1331
23 0.9375 1507
24 0 1411
24 0.0625 1401
24 0.125 1226
24 0.1875 1135
24 0.25 963
24 0.3125 872
24 0.375 855
24 0.4375 833
24 0.5 801
24 0.5625 779
24 0.625 802
24 0.6875 910
24 0.75 1095
24 0.8125 1241
24 0.875 1356
24 0.9375 1359
25 0 1470
25 0.0625 1392
25 0.125 1184
25 0.1875 1130
25 0.25 1003
25 0.3125 915
25 0.375 892
25 0.4375 798
25 0.5 810
25 0.5625 766
25 0.625 765
25 0.6875 917
25 0.75 1109
25 0.8125 1252
25 0.875 1385
25 0.9375 1440
26 0 1497
26 0.0625 1477
26 0.125 1209
26 0.1875 1100
26 0.25 987
26 0.3125 889
26 0.375 837
26 0.4375 807
26 0.5 758
26 0.5625 773
26 0.625 805
26 0.6875 935
26 0.75 1055
26 0.8125 1298
26 0.875 1379
26 0.9375 1497
27 0 1537
27 0.0625 1370
27 0.125 1248
27 0.1875 1143
27 0.25 959
27 0.3125 843
27 0.375 810
27 0.4375 790
27 0.5 810
27 0.5625 752
27 0.625 786
27 0.6875 914
27 0.75 1105
27 0.8125 1239
27 0.875 1475
27 0.9375 1486
28 0 1471
28 0.0625 1425
28 0.125 1274
28 0.1875 1119
28 0.25 958
28 0.3125 901
28 0.375 791
28 0.4375 785
28 0.5 748
28 0.5625 746
28 0.625 864
28 0.6875 926
28 0.75 1106
28 0.8125 1303
28 0.875 1438
28 0.9375 1547
29 0 1603
29 0.0625 1448
29 0.125 1224
29 0.1875 1062
29 0.25 968
29 0.3125 912
29 0.375 795
29 0.4375 788
29 0.5 768
29 0.5625 769
29 0.625 776
29 0.6875 882
29 0.75 1094
29 0.8125 1322
29 0.875 1494
29 0.9375 1624
30 0 1626
30 0.0625 1463
30 0.125 1216
30 0.1875 1112
30 0.25 964
30 0.3125 835
30 0.375 788
30 0.4375 762
30 0.5 733
30 0.5625 682
30 0.625 770
30 0.6875 908
30 0.75 1133
30 0.8125 1316
30 0.875 1416
30 0.9375 1646
31 0 1603
31 0.0625 1391
31 0.125 1223
31 0.1875 1132
31 0.25 883
31 0.3125 802
31 0.375 748
31 0.4375 717
31 0.5 715
31 0.5625 725
31 0.625 735
31 0.6875 894
31 0.75 1090
31 0.8125 1330
31 0.875 1458
31 0.9375 1605
32 0 1560
32 0.0625 1461
32 0.125 1245
32 0.1875 1112
32 0.25 952
32 0.3125 822
32 0.375 741
32 0.4375 676
32 0.5 679
32 0.5625 688
32 0.625 747
32 0.6875 790
32 0.75 1041
32 0.8125 1318
32 0.875 1562
32 0.9375 1562
33 0 1491
33 0.0625 1436
33 0.125 1264
33 0.1875 1072
33 0.25 945
33 0.3125 812
33 0.375 724
33 0.4375 665
33 0.5 679
33 0.5625 647
33 0.625 724
33 0.6875 841
33 0.75 1050
33 0.8125 1260
33 0.875 1517
33 0.9375 1600
34 0 1522
34 0.0625 1433
34 0.125 1240
34 0.1875 1066
34 0.25 857
34 0.3125 793
34 0.375 739
34 0.4375 684
34 0.5 693
34 0.5625 659
34 0.625 752
34 0.6875 922
34 0.75 1070
34 0.8125 1327
34 0.875 1469
34 0.9375 1553
35 0 1607
35 0.0625 1478
35 0.125 1241
35 0.1875 1064
35 0.25 899
35 0.3125 810
35 0.375 691
35 0.4375 673
35 0.5 681
35 0.5625 701
35 0.625 701
35 0.6875 842
35 0.75 1025
35 0.8125 1283
35 0.875 1467
35 0.9375 1568
36 0 1663
36 0.0625 1496
36 0.125 1242
36 0.1875 1054
36 0.25 837
36 0.3125 740
36 0.375 688
36 0.4375 632
36 0.5 680
36 0.5625 627
36 0.625 701
36 0.6875 816
36 0.75 1046
36 0.8125 1313
36 0.875 1564
36 0.9375 1623
37 0 1592
37 0.0625 1386
37 0.125 1203
37 0.1875 1032
37 0.25 858
37 0.3125 759
37 0.375 675
37 0.4375 618
37 0.5 568
37 0.5625 614
37 0.625 681
37 0.6875 831
37 0.75 1078
37 0.8125 1332
37 0.875 1522
37 0.9375 1655
38 0 1623
38 0.0625 1519
38 0.125 1202
38 0.1875 1025
38 0.25 855
38 0.3125 752
38 0.375 665
38 0.4375 684
38 0.5 579
38 0.5625 614
38 0.625 682
38 0.6875 816
38 0.75 1057
38 0.8125 1299
38 0.875 1563
38 0.9375 1645
39 0 1567
39 0.0625 1507
39 0.125 1270
39 0.1875 1021
39 0.25 851
39 0.3125 728
39 0.375 663
39 0.4375 607
39 0.5 618
39 0.5625 588
39 0.625 659
39 0.6875 778
39 0.75 1025
39 0.8125 1308
39 0.875 1622
39 0.9375 1719
40 0 1680
40 0.0625 1420
40 0.125 1188
40 0.1875 1094
40 0.25 851
40 0.3125 732
40 0.375 669
40 0.4375 612
40 0.5 545
40 0.5625 582
40 0.625 670
40 0.6875 838
40 0.75 1059
40 0.8125 1374
40 0.875 1575
40 0.9375 1710
41 0 1714
41 0.0625 1510
41 0.125 1276
41 0.1875 1053
41 0.25 868
41 0.3125 727
41 0.375 576
41 0.4375 627
41 0.5 563
41 0.5625 594
41 0.625 622
41 0.6875 852
41 0.75 1047
41 0.8125 1253
41 0.875 1616
41 0.9375 1676
42 0 1602
42 0.0625 1575
42 0.125 1294
42 0.1875 1051
42 0.25 818
42 0.3125 719
42 0.375 630
42 0.4375 579
42 0.5 595
42 0.5625 545
42 0.625 625
42 0.6875 831
42 0.75 1010
42 0.8125 1275
42 0.875 1626
42 0.9375 1725
43 0 1687
43 0.0625 1460
43 0.125 1255
43 0.1875 968
43 0.25 859
43 0.3125 715
43 0.375 587
43 0.4375 595
43 0.5 578
43 0.5625 561
43 0.625 626
43 0.6875 762
43 0.75 1057
43 0.8125 1288
43 0.875 1580
43 0.9375 1622
44 0 1600
44 0.0625 1464
44 0.125 1270
44 0.1875 989
44 0.25 845
44 0.3125 651
44 0.375 606
44 0.4375 532
44 0.5 534
44 0.5625 520
44 0.625 567
44 0.6875 808
44 0.75 1093
44 0.8125 1311
44 0.875 1558
44 0.9375 1791
45 0 1615
45 0.0625 1406
45 0.125 1256
45 0.1875 961
45 0.25 859
45 0.3125 685
45 0.375 574
45 0.4375 522
45 0.5 518
45 0.5625 513
45 0.625 592
45 0.6875 754
45 0.75 1045
45 0.8125 1333
45 0.875 1489
45 0.9375 1680
46 0 1647
46 0.0625 1462
46 0.125 1150
46 0.1875 1010
46 0.25 786
46 0.3125 668
46 0.375 615
46 0.4375 533
46 0.5 509
46 0.5625 502
46 0.625 549
46 0.6875 765
46 0.75 1025
46 0.8125 1256
46 0.875 1548
46 0.9375 1706
47 0 1576
47 0.0625 1418
47 0.125 1139
47 0.1875 940
47 0.25 764
47 0.3125 598
47 0.375 551
47 0.4375 495
47 0.5 467
47 0.5625 533
47 0.625 541
47 0.6875 736
47 0.75 991
47 0.8125 1254
47 0.875 1530
47 0.9375 1668
48 0 1603
48 0.0625 1443
48 0.125 1167
48 0.1875 921
48 0.25 778
48 0.3125 667
48 0.375 580
48 0.4375 481
48 0.5 492
48 0.5625 492
48 0.625 569
48 0.6875 737
48 0.75 979
48 0.8125 1237
48 0.875 1494
48 0.9375 1651
49 0 1522
49 0.0625 1359
49 0.125 1105
49 0.1875 949
49 0.25 750
49 0.3125 583
49 0.375 512
49 0.4375 471
49 0.5 482
49 0.5625 489
49 0.625 536
49 0.6875 669
49 0.75 959
49 0.8125 1298
49 0.875 1456
49 0.9375 1703
50 0 1549
50 0.0625 1374
50 0.125 1055
50 0.1875 891
50 0.25 737
50 0.3125 599
50 0.375 538
50 0.4375 496
50 0.5 437
50 0.5625 469
50 0.625 483
50 0.6875 728
50 0.75 955
50 0.8125 1260
50 0.875 1487
50 0.9375 1678
51 0 1595
51 0.0625 1413
51 0.125 1177
51 0.1875 886
51 0.25 709
51 0.3125 576
51 0.375 504
51 0.4375 431
51 0.5 516
51 0.5625 441
51 0.625 490
51 0.6875 711
51 0.75 924
51 0.8125 1203
51 0.875 1508
51 0.9375 1631
52 0 1565
52 0.0625 1396
52 0.125 1080
52 0.1875 862
52 0.25 720
52 0.3125 545
52 0.375 465
52 0.4375 485
52 0.5 407
52 0.5625 405
52 0.625 549
52 0.6875 659
52 0.75 916
52 0.8125 1304
52 0.875 1444
52 0.9375 1613
53 0 1595
53 0.0625 1415
53 0.125 1165
53 0.1875 896
53 0.25 666
53 0.3125 587
53 0.375 519
53 0.4375 464
53 0.5 428
53 0.5625 473
53 0.625 471
53 0.6875 680
53 0.75 962
53 0.8125 1257
53 0.875 1453
53 0.9375 1649
54 0 1605
54 0.0625 1415
54 0.125 1157
54 0.1875 891
54 0.25 705
54 0.3125 546
54 0.375 499
54 0.4375 455
54 0.5 404
54 0.5625 413
54 0.625 501
54 0.6875 627
54 0.75 948
54 0.8125 1213
54 0.875 1516
54 0.9375 1594
55 0 1551
55 0.0625 1357
55 0.125 1147
55 0.1875 839
55 0.25 663
55 0.3125 516
55 0.375 466
55 0.4375 440
55 0.5 414
55 0.5625 456
55 0.625 473
55 0.6875 704
55 0.75 984
55 0.8125 1295
55 0.875 1498
55 0.9375 1654
56 0 1574
56 0.0625 1358
56 0.125 1161
56 0.1875 862
56 0.25 707
56 0.3125 602
56 0.375 467
56 0.4375 444
56 0.5 395
56 0.5625 430
56 0.625 471
56 0.6875 653
56 0.75 910
56 0.8125 1294
56 0.875 1509
56 0.9375 1660
57 0 1581
57 0.0625 1388
57 0.125 1134
57 0.1875 863
57 0.25 701
57 0.3125 537
57 0.375 448
57 0.4375 439
57 0.5 386
57 0.5625 399
57 0.625 462
57 0.6875 676
57 0.75 936
57 0.8125 1218
57 0.875 1525
57 0.9375 1623
58 0 1580
58 0.0625 1405
58 0.125 1124
58 0.1875 861
58 0.25 677
58 0.3125 519
58 0.375 452
58 0.4375 406
58 0.5 396
58 0.5625 392
58 0.625 501
58 0.6875 613
58 0.75 947
58 0.8125 1252
58 0.875 1483
58 0.9375 1651
59 0 1556
59 0.0625 1368
59 0.125 1125
59 0.1875 840
59 0.25 669
59 0.3125 533
59 0.375 467
59 0.4375 375
59 0.5 390
59 0.5625 392
59 0.625 420
59 0.6875 616
59 0.75 954
59 0.8125 1210
59 0.875 1484
59 0.9375 1627
60 0 1540
60 0.0625 1325
60 0.125 1121
60 0.1875 897
60 0.25 614
60 0.3125 554
60 0.375 472
60 0.4375 365
60 0.5 386
60 0.5625 425
60 0.625 479
60 0.6875 624
60 0.75 895
60 0.8125 1258
60 0.875 1541
60 0.9375 1620
61 0 1589
61 0.0625 1411
61 0.125 1098
61 0.1875 824
61 0.25 624
61 0.3125 495
61 0.375 417
61 0.4375 378
61 0.5 365
61 0.5625 371
61 0.625 393
61 0.6875 649
61 0.75 942
61 0.8125 1236
61 0.875 1502
61 0.9375 1712
62 0 1569
62 0.0625 1403
62 0.125 1091
62 0.1875 828
62 0.25 653
62 0.3125 501
62 0.375 415
62 0.4375 389
62 0.5 371
62 0.5625 361
62 0.625 410
62 0.6875 606
62 0.75 916
62 0.8125 1190
62 0.875 1495
62 0.9375 1670
63 0 1579
63 0.0625 1408
63 0.125 1074
63 0.1875 866
63 0.25 629
63 0.3125 550
63 0.375 403
63 0.4375 350
63 0.5 379
63 0.5625 364
63 0.625 450
63 0.6875 645
63 0.75 925
63 0.8125 1263
63 0.875 1610
63 0.9375 1655
64 0 1598
64 0.0625 1321
64 0.125 1132
64 0.1875 862
64 0.25 642
64 0.3125 487
64 0.375 437
64 0.4375 370
64 0.5 345
64 0.5625 334
64 0.625 397
64 0.6875 569
64 0.75 923
64 0.8125 1199
64 0.875 1601
64 0.9375 1682
65 0 1546
65 0.0625 1310
65 0.125 1087
65 0.1875 819
65 0.25 622
65 0.3125 456
65 0.375 447
65 0.4375 352
65 0.5 356
65 0.5625 331
65 0.625 431
65 0.6875 633
65 0.75 872
65 0.8125 1203
65 0.875 1444
65 0.9375 1590
66 0 1557
66 0.0625 1397
66 0.125 1066
66 0.1875 803
66 0.25 591
66 0.3125 483
66 0.375 395
66 0.4375 337
66 0.5 347
66 0.5625 354
66 0.625 402
66 0.6875 579
66 0.75 892
66 0.8125 1249
66 0.875 1510
66 0.9375 1594
67 0 1551
67 0.0625 1335
67 0.125 1049
67 0.1875 835
67 0.25 594
67 0.3125 485
67 0.375 415
67 0.4375 331
67 0.5 339
67 0.5625 329
67 0.625 380
67 0.6875 593
67 0.75 922
67 0.8125 1295
67 0.875 1513
67 0.9375 1614
68 0 1585
68 0.0625 1307
68 0.125 1064
68 0.1875 817
68 0.25 550
68 0.3125 453
68 0.375 382
68 0.4375 328
68 0.5 342
68 0.5625 324
68 0.625 424
68 0.6875 600
68 0.75 887
68 0.8125 1236
68 0.875 1481
68 0.9375 1644
69 0 1499
69 0.0625 1318
69 0.125 1029
69 0.1875 808
69 0.25 560
69 0.3125 494
69 0.375 352
69 0.4375 332
69 0.5 327
69 0.5625 333
69 0.625 386
69 0.6875 604
69 0.75 920
69 0.8125 1241
69 0.875 1558
69 0.9375 1579
70 0 1554
70 0.0625 1276
70 0.125 1056
70 0.1875 776
70 0.25 567
70 0.3125 447
70 0.375 365
70 0.4375 360
70 0.5 313
70 0.5625 307
70 0.625 398
70 0.6875 611
70 0.75 871
70 0.8125 1182
70 0.875 1520
70 0.9375 1619
71 0 1542
71 0.0625 1268
71 0.125 993
71 0.1875 737
71 0.25 598
71 0.3125 415
71 0.375 363
71 0.4375 316
71 0.5 289
71 0.5625 318
71 0.625 369
71 0.6875 530
71 0.75 869
71 0.8125 1166
71 0.875 1462
71 0.9375 1583
72 0 1537
72 0.0625 1302
72 0.125 1049
72 0.1875 750
72 0.25 545
72 0.3125 448
72 0.375 365
72 0.4375 333
72 0.5 316
72 0.5625 309
72 0.625 357
72 0.6875 530
72 0.75 876
72 0.8125 1181
72 0.875 1445
72 0.9375 1570
73 0 1539
73 0.0625 1324
73 0.125 1017
73 0.1875 724
73 0.25 597
73 0.3125 418
73 0.375 367
73 0.4375 330
73 0.5 304
73 0.5625 296
73 0.625 381
73 0.6875 552
73 0.75 861
73 0.8125 1206
73 0.875 1441
73 0.9375 1598
74 0 1516
74 0.0625 1298
74 0.125 999
74 0.1875 771
74 0.25 572
74 0.3125 433
74 0.375 379
74 0.4375 341
74 0.5 313
74 0.5625 306
74 0.625 390
74 0.6875 543
74 0.75 805
74 0.8125 1238
74 0.875 1431
74 0.9375 1507
75 0 1469
75 0.0625 1271
75 0.125 983
75 0.1875 750
75 0.25 537
75 0.3125 446
75 0.375 353
75 0.4375 294
75 0.5 265
75 0.5625 301
75 0.625 352
75 0.6875 515
75 0.75 870
75 0.8125 1205
75 0.875 1476
75 0.9375 1608
76 0 1471
76 0.0625 1219
76 0.125 1052
76 0.1875 743
76 0.25 530
76 0.3125 420
76 0.375 361
76 0.4375 295
76 0.5 291
76 0.5625 265
76 0.625 347
76 0.6875 560
76 0.75 821
76 0.8125 1181
76 0.875 1379
76 0.9375 1599
77 0 1491
77 0.0625 1241
77 0.125 945
77 0.1875 722
77 0.25 497
77 0.3125 426
77 0.375 310
77 0.4375 288
77 0.5 283
77 0.5625 233
77 0.625 372
77 0.6875 561
77 0.75 792
77 0.8125 1206
77 0.875 1483
77 0.9375 1555
78 0 1444
78 0.0625 1185
78 0.125 958
78 0.1875 696
78 0.25 536
78 0.3125 392
78 0.375 323
78 0.4375 277
78 0.5 288
78 0.5625 294
78 0.625 321
78 0.6875 557
78 0.75 817
78 0.8125 1135
78 0.875 1489
78 0.9375 1527
79 0 1433
79 0.0625 1217
79 0.125 980
79 0.1875 669
79 0.25 463
79 0.3125 391
79 0.375 290
79 0.4375 291
79 0.5 261
79 0.5625 277
79 0.625 352
79 0.6875 602
79 0.75 839
79 0.8125 1044
79 0.875 1396
79 0.9375 1481
80 0 1414
80 0.0625 1200
80 0.125 1002
80 0.1875 667
80 0.25 543
80 0.3125 373
80 0.375 307
80 0.4375 281
80 0.5 266
80 0.5625 277
80 0.625 314
80 0.6875 477
80 0.75 834
80 0.8125 1167
80 0.875 1402
80 0.9375 1545
81 0 1447
81 0.0625 1181
81 0.125 933
81 0.1875 714
81 0.25 527
81 0.3125 384
81 0.375 324
81 0.4375 286
81 0.5 241
81 0.5625 270
81 0.625 340
81 0.6875 524
81 0.75 744
81 0.8125 1086
81 0.875 1443
81 0.9375 1481
82 0 1457
82 0.0625 1192
82 0.125 895
82 0.1875 681
82 0.25 518
82 0.3125 365
82 0.375 285
82 0.4375 289
82 0.5 258
82 0.5625 252
82 0.625 320
82 0.6875 518
82 0.75 833
82 0.8125 1064
82 0.875 1432
82 0.9375 1533
83 0 1429
83 0.0625 1199
83 0.125 904
83 0.1875 700
83 0.25 497
83 0.3125 373
83 0.375 282
83 0.4375 276
83 0.5 258
83 0.5625 253
83 0.625 342
83 0.6875 513
83 0.75 765
83 0.8125 1114
83 0.875 1349
83 0.9375 1475
84 0 1340
84 0.0625 1208
84 0.125 898
84 0.1875 697
84 0.25 507
84 0.3125 339
84 0.375 317
84 0.4375 262
84 0.5 228
84 0.5625 226
84 0.625 301
84 0.6875 475
84 0.75 811
84 0.8125 1086
84 0.875 1303
84 0.9375 1465
85 0 1437
85 0.0625 1210
85 0.125 914
85 0.1875 709
85 0.25 470
85 0.3125 384
85 0.375 319
85 0.4375 251
85 0.5 258
85 0.5625 256
85 0.625 335
85 0.6875 490
85 0.75 777
85 0.8125 1113
85 0.875 1318
85 0.9375 1459
86 0 1333
86 0.0625 1177
86 0.125 880
86 0.1875 699
86 0.25 500
86 0.3125 329
86 0.375 315
86 0.4375 251
86 0.5 227
86 0.5625 260
86 0.625 278
86 0.6875 475
86 0.75 770
86 0.8125 1087
86 0.875 1342
86 0.9375 1468
87 0 1341
87 0.0625 1116
87 0.125 809
87 0.1875 670
87 0.25 463
87 0.3125 360
87 0.375 283
87 0.4375 255
87 0.5 220
87 0.5625 266
87 0.625 289
87 0.6875 504
87 0.75 798
87 0.8125 1103
87 0.875 1323
87 0.9375 1395
88 0 1339
88 0.0625 1102
88 0.125 894
88 0.1875 614
88 0.25 463
88 0.3125 324
88 0.375 279
88 0.4375 243
88 0.5 240
88 0.5625 262
88 0.625 284
88 0.6875 457
88 0.75 782
88 0.8125 1094
88 0.875 1390
88 0.9375 1474
89 0 1256
89 0.0625 1064
89 0.125 800
89 0.1875 607
89 0.25 444
89 0.3125 335
89 0.375 285
89 0.4375 242
89 0.5 241
89 0.5625 244
89 0.625 313
89 0.6875 470
89 0.75 763
89 0.8125 1046
89 0.875 1266
89 0.9375 1515
90 0 1320
90 0.0625 1078
90 0.125 906
90 0.1875 596
90 0.25 438
90 0.3125 322
90 0.375 277
90 0.4375 226
90 0.5 213
90 0.5625 217
90 0.625 292
90 0.6875 462
90 0.75 745
90 0.8125 980
90 0.875 1279
90 0.9375 1449
91 0 1296
91 0.0625 1109
91 0.125 811
91 0.1875 630
91 0.25 425
91 0.3125 327
91 0.375 263
91 0.4375 234
91 0.5 230
91 0.5625 210
91 0.625 285
91 0.6875 474
91 0.75 732
91 0.8125 1045
91 0.875 1294
91 0.9375 1364
92 0 1268
92 0.0625 1054
92 0.125 807
92 0.1875 603
92 0.25 438
92 0.3125 330
92 0.375 268
92 0.4375 242
92 0.5 227
92 0.5625 219
92 0.625 302
92 0.6875 468
92 0.75 714
92 0.8125 990
92 0.875 1241
92 0.9375 1366
93 0 1261
93 0.0625 1105
93 0.125 765
93 0.1875 631
93 0.25 400
93 0.3125 318
93 0.375 244
93 0.4375 250
93 0.5 228
93 0.5625 238
93 0.625 264
93 0.6875 419
93 0.75 758
93 0.8125 1049
93 0.875 1252
93 0.9375 1354
94 0 1262
94 0.0625 999
94 0.125 797
94 0.1875 595
94 0.25 449
94 0.3125 321
94 0.375 243
94 0.4375 201
94 0.5 225
94 0.5625 223
94 0.625 261
94 0.6875 481
94 0.75 714
94 0.8125 1006
94 0.875 1271
94 0.9375 1389
95 0 1309
95 0.0625 1056
95 0.125 787
95 0.1875 575
95 0.25 410
95 0.3125 316
95 0.375 258
95 0.4375 234
95 0.5 218
95 0.5625 191
95 0.625 271
95 0.6875 436
95 0.75 686
95 0.8125 993
95 0.875 1222
95 0.9375 1254
96 0 1211
96 0.0625 1095
96 0.125 819
96 0.1875 639
96 0.25 411
96 0.3125 303
96 0.375 229
96 0.4375 204
96 0.5 224
96 0.5625 207
96 0.625 270
96 0.6875 403
96 0.75 691
96 0.8125 982
96 0.875 1301
96 0.9375 1354
97 0 1243
97 0.0625 1077
97 0.125 791
97 0.1875 550
97 0.25 383
97 0.3125 329
97 0.375 280
97 0.4375 191
97 0.5 228
97 0.5625 216
97 0.625 240
97 0.6875 473
97 0.75 692
97 0.8125 938
97 0.875 1185
97 0.9375 1345
98 0 1217
98 0.0625 981
98 0.125 743
98 0.1875 541
98 0.25 420
98 0.3125 315
98 0.375 235
98 0.4375 204
98 0.5 201
98 0.5625 199
98 0.625 246
98 0.6875 394
98 0.75 703
98 0.8125 979
98 0.875 1304
98 0.9375 1321
99 0 1213
99 0.0625 1014
99 0.125 758
99 0.1875 553
99 0.25 406
99 0.3125 302
99 0.375 264
99 0.4375 204
99 0.5 194
99 0.5625 167
99 0.625 258
99 0.6875 399
99 0.75 704
99 0.8125 934
99 0.875 1114
99 0.9375 1263
100 0 1121
100 0.0625 950
100 0.125 713
100 0.1875 573
100 0.25 365
100 0.3125 298
100 0.375 221
100 0.4375 202
100 0.5 194
100 0.5625 199
100 0.625 267
100 0.6875 439
100 0.75 668
100 0.8125 928
100 0.875 1203
100 0.9375 1271
101 0 1178
101 0.0625 955
101 0.125 744
101 0.1875 535
101 0.25 386
101 0.3125 284
101 0.375 241
101 0.4375 202
101 0.5 202
101 0.5625 179
101 0.625 257
101 0.6875 442
101 0.75 685
101 0.8125 988
101 0.875 1192
101 0.9375 1272
102 0 1174
102 0.0625 924
102 0.125 679
102 0.1875 563
102 0.25 398
102 0.3125 249
102 0.375 188
102 0.4375 239
102 0.5 183
102 0.5625 185
102 0.625 229
102 0.6875 405
102 0.75 644
102 0.8125 986
102 0.875 1132
102 0.9375 1194
103 0 1224
103 0.0625 1018
103 0.125 654
103 0.1875 505
103 0.25 420
103 0.3125 265
103 0.375 222
103 0.4375 180
103 0.5 192
103 0.5625 197
103 0.625 213
103 0.6875 398
103 0.75 652
103 0.8125 921
103 0.875 1120
103 0.9375 1184
104 0 1110
104 0.0625 947
104 0.125 679
104 0.1875 514
104 0.25 349
104 0.3125 267
104 0.375 193
104 0.4375 182
104 0.5 175
104 0.5625 166
104 0.625 220
104 0.6875 367
104 0.75 648
104 0.8125 968
104 0.875 1107
104 0.9375 1228
105 0 1090
105 0.0625 903
105 0.125 680
105 0.1875 490
105 0.25 337
105 0.3125 261
105 0.375 212
105 0.4375 185
105 0.5 184
105 0.5625 182
105 0.625 248
105 0.6875 407
105 0.75 662
105 0.8125 958
105 0.875 1149
105 0.9375 1222
106 0 1232
106 0.0625 939
106 0.125 694
106 0.1875 533
106 0.25 348
106 0.3125 239
106 0.375 207
106 0.4375 182
106 0.5 184
106 0.5625 185
106 0.625 237
106 0.6875 398
106 0.75 654
106 0.8125 885
106 0.875 1129
106 0.9375 1274
107 0 1035
107 0.0625 925
107 0.125 642
107 0.1875 492
107 0.25 331
107 0.3125 283
107 0.375 211
107 0.4375 191
107 0.5 178
107 0.5625 168
107 0.625 251
107 0.6875 370
107 0.75 620
107 0.8125 889
107 0.875 1113
107 0.9375 1177
108 0 1058
108 0.0625 913
108 0.125 678
108 0.1875 478
108 0.25 321
108 0.3125 281
108 0.375 190
108 0.4375 182
108 0.5 180
108 0.5625 164
108 0.625 210
108 0.6875 367
108 0.75 604
108 0.8125 871
108 0.875 1052
108 0.9375 1193
109 0 1082
109 0.0625 881
109 0.125 675
109 0.1875 464
109 0.25 322
109 0.3125 249
109 0.375 183
109 0.4375 186
109 0.5 172
109 0.5625 198
109 0.625 230
109 0.6875 368
109 0.75 663
109 0.8125 885
109 0.875 1069
109 0.9375 1158
110 0 1002
110 0.0625 869
110 0.125 662
110 0.1875 459
110 0.25 356
110 0.3125 266
110 0.375 199
110 0.4375 172
110 0.5 160
110 0.5625 163
110 0.625 221
110 0.6875 400
110 0.75 594
110 0.8125 842
110 0.875 1027
110 0.9375 1192
111 0 1133
111 0.0625 847
111 0.125 604
111 0.1875 441
111 0.25 333
111 0.3125 233
111 0.375 176
111 0.4375 180
111 0.5 156
111 0.5625 160
111 0.625 204
111 0.6875 375
111 0.75 598
111 0.8125 825
111 0.875 985
111 0.9375 1154
112 0 1055
112 0.0625 867
112 0.125 581
112 0.1875 422
112 0.25 330
112 0.3125 226
112 0.375 205
112 0.4375 154
112 0.5 182
112 0.5625 156
112 0.625 231
112 0.6875 372
112 0.75 608
112 0.8125 875
112 0.875 971
112 0.9375 1056
113 0 1061
113 0.0625 852
113 0.125 639
113 0.1875 483
113 0.25 318
113 0.3125 204
113 0.375 187
113 0.4375 163
113 0.5 146
113 0.5625 164
113 0.625 188
113 0.6875 366
113 0.75 582
113 0.8125 812
113 0.875 1054
113 0.9375 1145
114 0 1034
114 0.0625 811
114 0.125 622
114 0.1875 453
114 0.25 305
114 0.3125 233
114 0.375 181
114 0.4375 158
114 0.5 154
114 0.5625 142
114 0.625 196
114 0.6875 379
114 0.75 581
114 0.8125 834
114 0.875 965
114 0.9375 1079
115 0 1024
115 0.0625 803
115 0.125 646
115 0.1875 409
115 0.25 320
115 0.3125 236
115 0.375 180
115 0.4375 171
115 0.5 159
115 0.5625 155
115 0.625 211
115 0.6875 362
115 0.75 601
115 0.8125 783
115 0.875 1003
115 0.9375 1014
116 0 962
116 0.0625 835
116 0.125 621
116 0.1875 452
116 0.25 312
116 0.3125 238
116 0.375 178
116 0.4375 187
116 0.5 155
116 0.5625 173
116 0.625 182
116 0.6875 344
116 0.75 573
116 0.8125 773
116 0.875 989
116 0.9375 1058
117 0 963
117 0.0625 760
117 0.125 584
117 0.1875 400
117 0.25 290
117 0.3125 223
117 0.375 177
117 0.4375 148
117 0.5 149
117 0.5625 156
117 0.625 199
117 0.6875 359
117 0.75 537
117 0.8125 786
117 0.875 925
117 0.9375 1025
118 0 985
118 0.0625 770
118 0.125 557
118 0.1875 422
118 0.25 299
118 0.3125 223
118 0.375 171
118 0.4375 123
118 0.5 146
118 0.5625 134
118 0.625 213
118 0.6875 320
118 0.75 560
118 0.8125 788
118 0.875 949
118 0.9375 1048
119 0 945
119 0.0625 738
119 0.125 560
119 0.1875 409
119 0.25 296
119 0.3125 211
119 0.375 167
119 0.4375 148
119 0.5 140
119 0.5625 167
119 0.625 181
119 0.6875 311
119 0.75 563
119 0.8125 783
119 0.875 969
119 0.9375 1012
120 0 929
120 0.0625 717
120 0.125 551
120 0.1875 362
120 0.25 300
120 0.3125 193
120 0.375 194
120 0.4375 148
120 0.5 130
120 0.5625 162
120 0.625 180
120 0.6875 345
120 0.75 525
120 0.8125 767
120 0.875 947
120 0.9375 971
121 0 950
121 0.0625 738
121 0.125 586
121 0.1875 379
121 0.25 283
121 0.3125 220
121 0.375 169
121 0.4375 141
121 0.5 132
121 0.5625 146
121 0.625 188
121 0.6875 318
121 0.75 507
121 0.8125 710
121 0.875 930
121 0.9375 995
122 0 889
122 0.0625 764
122 0.125 557
122 0.1875 380
122 0.25 278
122 0.3125 188
122 0.375 172
122 0.4375 159
122 0.5 143
122 0.5625 141
122 0.625 178
122 0.6875 318
122 0.75 527
122 0.8125 723
122 0.875 954
122 0.9375 1059
123 0 908
123 0.0625 703
123 0.125 525
123 0.1875 368
123 0.25 304
123 0.3125 186
123 0.375 150
123 0.4375 170
123 0.5 132
123 0.5625 146
123 0.625 158
123 0.6875 334
123 0.75 518
123 0.8125 744
123 0.875 912
123 0.9375 998
124 0 870
124 0.0625 732
124 0.125 510
124 0.1875 362
124 0.25 292
124 0.3125 192
124 0.375 158
124 0.4375 150
124 0.5 134
124 0.5625 161
124 0.625 195
124 0.6875 302
124 0.75 564
124 0.8125 752
124 0.875 905
124 0.9375 959
125 0 875
125 0.0625 707
125 0.125 522
125 0.1875 413
125 0.25 265
125 0.3125 182
125 0.375 170
125 0.4375 152
125 0.5 129
125 0.5625 147
125 0.625 176
125 0.6875 322
125 0.75 506
125 0.8125 773
125 0.875 890
125 0.9375 926
126 0 783
126 0.0625 712
126 0.125 489
126 0.1875 373
126 0.25 274
126 0.3125 174
126 0.375 168
126 0.4375 140
126 0.5 133
126 0.5625 123
126 0.625 186
126 0.6875 307
126 0.75 524
126 0.8125 721
126 0.875 878
126 0.9375 912
127 0 855
127 0.0625 698
127 0.125 509
127 0.1875 361
127 0.25 269
127 0.3125 187
127 0.375 162
127 0.4375 122
127 0.5 124
127 0.5625 137
127 0.625 152
127 0.6875 296
127 0.75 498
127 0.8125 700
127 0.875 921
127 0.9375 868
128 0 817
128 0.0625 664
128 0.125 514
128 0.1875 360
128 0.25 277
128 0.3125 200
128 0.375 156
128 0.4375 137
128 0.5 132
128 0.5625 129
128 0.625 181
128 0.6875 296
128 0.75 499
128 0.8125 675
128 0.875 885
128 0.9375 870
129 0 755
129 0.0625 639
129 0.125 485
129 0.1875 348
129 0.25 227
129 0.3125 180
129 0.375 170
129 0.4375 142
129 0.5 122
129 0.5625 127
129 0.625 185
129 0.6875 308
129 0.75 481
129 0.8125 684
129 0.875 851
129 0.9375 947
130 0 826
130 0.0625 607
130 0.125 455
130 0.1875 358
130 0.25 237
130 0.3125 182
130 0.375 143
130 0.4375 132
130 0.5 138
130 0.5625 135
130 0.625 161
130 0.6875 306
130 0.75 478
130 0.8125 616
130 0.875 846
130 0.9375 904
131 0 764
131 0.0625 641
131 0.125 484
131 0.1875 316
131 0.25 258
131 0.3125 200
131 0.375 164
131 0.4375 140
131 0.5 122
131 0.5625 139
131 0.625 164
131 0.6875 269
131 0.75 451
131 0.8125 665
131 0.875 839
131 0.9375 873
132 0 757
132 0.0625 622
132 0.125 475
132 0.1875 360
132 0.25 252
132 0.3125 184
132 0.375 157
132 0.4375 132
132 0.5 107
132 0.5625 116
132 0.625 148
132 0.6875 276
132 0.75 443
132 0.8125 653
132 0.875 840
132 0.9375 873
133 0 749
133 0.0625 673
133 0.125 441
133 0.1875 308
133 0.25 244
133 0.3125 196
133 0.375 147
133 0.4375 124
133 0.5 118
133 0.5625 123
133 0.625 156
133 0.6875 266
133 0.75 463
133 0.8125 652
133 0.875 783
133 0.9375 823
134 0 756
134 0.0625 637
134 0.125 450
134 0.1875 323
134 0.25 234
134 0.3125 178
134 0.375 147
134 0.4375 128
134 0.5 93
134 0.5625 142
134 0.625 148
134 0.6875 266
134 0.75 419
134 0.8125 667
134 0.875 770
134 0.9375 862
135 0 749
135 0.0625 623
135 0.125 447
135 0.1875 275
135 0.25 235
135 0.3125 190
135 0.375 161
135 0.4375 124
135 0.5 120
135 0.5625 139
135 0.625 186
135 0.6875 281
135 0.75 499
135 0.8125 633
135 0.875 752
135 0.9375 845
136 0 780
136 0.0625 556
136 0.125 446
136 0.1875 303
136 0.25 211
136 0.3125 167
136 0.375 125
136 0.4375 130
136 0.5 123
136 0.5625 110
136 0.625 155
136 0.6875 262
136 0.75 401
136 0.8125 625
136 0.875 786
136 0.9375 766
137 0 743
137 0.0625 601
137 0.125 406
137 0.1875 288
137 0.25 201
137 0.3125 153
137 0.375 124
137 0.4375 122
137 0.5 114
137 0.5625 135
137 0.625 158
137 0.6875 267
137 0.75 430
137 0.8125 631
137 0.875 761
137 0.9375 774
138 0 723
138 0.0625 585
138 0.125 444
138 0.1875 284
138 0.25 226
138 0.3125 152
138 0.375 150
138 0.4375 134
138 0.5 126
138 0.5625 123
138 0.625 162
138 0.6875 286
138 0.75 442
138 0.8125 635
138 0.875 748
138 0.9375 776
139 0 685
139 0.0625 550
139 0.125 367
139 0.1875 299
139 0.25 221
139 0.3125 176
139 0.375 139
139 0.4375 117
139 0.5 110
139 0.5625 123
139 0.625 136
139 0.6875 262
139 0.75 420
139 0.8125 601
139 0.875 759
139 0.9375 803
140 0 773
140 0.0625 559
140 0.125 404
140 0.1875 287
140 0.25 198
140 0.3125 167
140 0.375 109
140 0.4375 107
140 0.5 116
140 0.5625 121
140 0.625 145
140 0.6875 251
140 0.75 443
140 0.8125 625
140 0.875 716
140 0.9375 786
141 0 692
141 0.0625 519
141 0.125 409
141 0.1875 307
141 0.25 213
141 0.3125 146
141 0.375 128
141 0.4375 124
141 0.5 88
141 0.5625 112
141 0.625 150
141 0.6875 254
141 0.75 393
141 0.8125 612
141 0.875 734
141 0.9375 790
142 0 625
142 0.0625 535
142 0.125 355
142 0.1875 302
142 0.25 194
142 0.3125 134
142 0.375 145
142 0.4375 93
142 0.5 102
142 0.5625 115
142 0.625 166
142 0.6875 257
142 0.75 433
142 0.8125 630
142 0.875 672
142 0.9375 709
143 0 643
143 0.0625 581
143 0.125 402
143 0.1875 306
143 0.25 219
143 0.3125 145
143 0.375 115
143 0.4375 105
143 0.5 96
143 0.5625 99
143 0.625 162
143 0.6875 210
143 0.75 422
143 0.8125 568
143 0.875 645
143 0.9375 700
144 0 615
144 0.0625 508
144 0.125 373
144 0.1875 305
144 0.25 200
144 0.3125 151
144 0.375 130
144 0.4375 117
144 0.5 100
144 0.5625 116
144 0.625 137
144 0.6875 246
144 0.75 394
144 0.8125 600
144 0.875 640
144 0.9375 725
145 0 645
145 0.0625 550
145 0.125 386
145 0.1875 264
145 0.25 175
145 0.3125 123
145 0.375 118
145 0.4375 115
145 0.5 114
145 0.5625 127
145 0.625 114
145 0.6875 248
145 0.75 368
145 0.8125 550
145 0.875 647
145 0.9375 696
146 0 653
146 0.0625 503
146 0.125 350
146 0.1875 302
146 0.25 198
146 0.3125 136
146 0.375 126
146 0.4375 120
146 0.5 109
146 0.5625 105
146 0.625 120
146 0.6875 230
146 0.75 377
146 0.8125 564
146 0.875 652
146 0.9375 712
147 0 628
147 0.0625 535
147 0.125 329
147 0.1875 250
147 0.25 191
147 0.3125 149
147 0.375 136
147 0.4375 127
147 0.5 93
147 0.5625 95
147 0.625 134
147 0.6875 236
147 0.75 359
147 0.8125 552
147 0.875 679
147 0.9375 687
148 0 616
148 0.0625 517
148 0.125 364
148 0.1875 233
148 0.25 200
148 0.3125 125
148 0.375 105
148 0.4375 118
148 0.5 75
148 0.5625 123
148 0.625 141
148 0.6875 206
148 0.75 335
148 0.8125 506
148 0.875 602
148 0.9375 680
149 0 614
149 0.0625 452
149 0.125 356
149 0.1875 265
149 0.25 175
149 0.3125 116
149 0.375 123
149 0.4375 105
149 0.5 104
149 0.5625 99
149 0.625 120
149 0.6875 242
149 0.75 337
149 0.8125 515
149 0.875 672
149 0.9375 661
150 0 548
150 0.0625 461
150 0.125 320
150 0.1875 266
150 0.25 176
150 0.3125 135
150 0.375 120
150 0.4375 109
150 0.5 92
150 0.5625 85
150 0.625 119
150 0.6875 215
150 0.75 333
150 0.8125 453
150 0.875 633
150 0.9375 626
151 0 575
151 0.0625 432
151 0.125 343
151 0.1875 230
151 0.25 161
151 0.3125 155
151 0.375 102
151 0.4375 117
151 0.5 86
151 0.5625 100
151 0.625 100
151 0.6875 224
151 0.75 309
151 0.8125 526
151 0.875 631
151 0.9375 636
152 0 537
152 0.0625 456
152 0.125 318
152 0.1875 248
152 0.25 179
152 0.3125 140
152 0.375 111
152 0.4375 95
152 0.5 91
152 0.5625 91
152 0.625 118
152 0.6875 192
152 0.75 362
152 0.8125 474
152 0.875 650
152 0.9375 583
153 0 581
153 0.0625 411
153 0.125 295
153 0.1875 218
153 0.25 180
153 0.3125 107
153 0.375 121
153 0.4375 71
153 0.5 76
153 0.5625 83
153 0.625 129
153 0.6875 230
153 0.75 347
153 0.8125 477
153 0.875 573
153 0.9375 622
154 0 538
154 0.0625 436
154 0.125 326
154 0.1875 219
154 0.25 177
154 0.3125 119
154 0.375 98
154 0.4375 92
154 0.5 106
154 0.5625 98
154 0.625 125
154 0.6875 213
154 0.75 316
154 0.8125 448
154 0.875 562
154 0.9375 590
155 0 565
155 0.0625 438
155 0.125 278
155 0.1875 204
155 0.25 185
155 0.3125 124
155 0.375 105
155 0.4375 89
155 0.5 93
155 0.5625 79
155 0.625 104
155 0.6875 214
155 0.75 336
155 0.8125 470
155 0.875 604
155 0.9375 606
156 0 511
156 0.0625 428
156 0.125 310
156 0.1875 236
156 0.25 162
156 0.3125 108
156 0.375 102
156 0.4375 96
156 0.5 81
156 0.5625 97
156 0.625 107
156 0.6875 198
156 0.75 292
156 0.8125 422
156 0.875 548
156 0.9375 570
157 0 514
157 0.0625 436
157 0.125 280
157 0.1875 188
157 0.25 154
157 0.3125 134
157 0.375 109
157 0.4375 93
157 0.5 92
157 0.5625 78
157 0.625 122
157 0.6875 186
157 0.75 324
157 0.8125 455
157 0.875 519
157 0.9375 589
158 0 523
158 0.0625 434
158 0.125 300
158 0.1875 166
158 0.25 150
158 0.3125 123
158 0.375 127
158 0.4375 92
158 0.5 100
158 0.5625 85
158 0.625 113
158 0.6875 212
158 0.75 319
158 0.8125 438
158 0.875 527
158 0.9375 604
159 0 500
159 0.0625 406
159 0.125 310
159 0.1875 198
159 0.25 166
159 0.3125 133
159 0.375 97
159 0.4375 84
159 0.5 75
159 0.5625 82
159 0.625 107
159 0.6875 198
159 0.75 294
159 0.8125 470
159 0.875 527
159 0.9375 566
160 0 510
160 0.0625 417
160 0.125 307
160 0.1875 174
160 0.25 142
160 0.3125 117
160 0.375 86
160 0.4375 63
160 0.5 77
160 0.5625 70
160 0.625 114
160 0.6875 200
160 0.75 303
160 0.8125 455
160 0.875 525
160 0.9375 569
161 0 473
161 0.0625 368
161 0.125 262
161 0.1875 235
161 0.25 131
161 0.3125 125
161 0.375 90
161 0.4375 92
161 0.5 83
161 0.5625 97
161 0.625 116
161 0.6875 192
161 0.75 318
161 0.8125 406
161 0.875 492
161 0.9375 503
162 0 439
162 0.0625 363
162 0.125 327
162 0.1875 175
162 0.25 123
162 0.3125 117
162 0.375 104
162 0.4375 82
162 0.5 83
162 0.5625 93
162 0.625 132
162 0.6875 164
162 0.75 313
162 0.8125 402
162 0.875 518
162 0.9375 527
163 0 478
163 0.0625 428
163 0.125 261
163 0.1875 193
163 0.25 117
163 0.3125 114
163 0.375 86
163 0.4375 96
163 0.5 84
163 0.5625 93
163 0.625 96
163 0.6875 197
163 0.75 277
163 0.8125 414
163 0.875 513
163 0.9375 501
164 0 466
164 0.0625 375
164 0.125 264
164 0.1875 194
164 0.25 140
164 0.3125 116
164 0.375 105
164 0.4375 95
164 0.5 94
164 0.5625 62
164 0.625 123
164 0.6875 177
164 0.75 275
164 0.8125 410
164 0.875 492
164 0.9375 476
165 0 458
165 0.0625 351
165 0.125 252
165 0.1875 187
165 0.25 141
165 0.3125 110
165 0.375 95
165 0.4375 73
165 0.5 82
165 0.5625 92
165 0.625 109
165 0.6875 183
165 0.75 300
165 0.8125 413
165 0.875 499
165 0.9375 565
166 0 481
166 0.0625 388
166 0.125 285
166 0.1875 159
166 0.25 143
166 0.3125 107
166 0.375 105
166 0.4375 87
166 0.5 94
166 0.5625 72
166 0.625 101
166 0.6875 156
166 0.75 263
166 0.8125 438
166 0.875 448
166 0.9375 464
167 0 420
167 0.0625 352
167 0.125 254
167 0.1875 180
167 0.25 136
167 0.3125 105
167 0.375 88
167 0.4375 82
167 0.5 69
167 0.5625 82
167 0.625 98
167 0.6875 151
167 0.75 320
167 0.8125 377
167 0.875 460
167 0.9375 508
168 0 455
168 0.0625 353
168 0.125 257
168 0.1875 179
168 0.25 137
168 0.3125 91
168 0.375 83
168 0.4375 79
168 0.5 74
168 0.5625 92
168 0.625 94
168 0.6875 174
168 0.75 222
168 0.8125 371
168 0.875 445
168 0.9375 512
169 0 423
169 0.0625 347
169 0.125 239
169 0.1875 194
169 0.25 148
169 0.3125 94
169 0.375 81
169 0.4375 79
169 0.5 89
169 0.5625 77
169 0.625 99
169 0.6875 178
169 0.75 254
169 0.8125 377
169 0.875 470
169 0.9375 462
170 0 426
170 0.0625 343
170 0.125 231
170 0.1875 151
170 0.25 105
170 0.3125 107
170 0.375 71
170 0.4375 82
170 0.5 75
170 0.5625 85
170 0.625 107
170 0.6875 160
170 0.75 275
170 0.8125 387
170 0.875 439
170 0.9375 485
171 0 420
171 0.0625 304
171 0.125 240
171 0.1875 180
171 0.25 122
171 0.3125 88
171 0.375 79
171 0.4375 81
171 0.5 87
171 0.5625 59
171 0.625 98
171 0.6875 167
171 0.75 243
171 0.8125 368
171 0.875 412
171 0.9375 469
172 0 400
172 0.0625 323
172 0.125 259
172 0.1875 195
172 0.25 111
172 0.3125 92
172 0.375 79
172 0.4375 65
172 0.5 68
172 0.5625 67
172 0.625 104
172 0.6875 150
172 0.75 260
172 0.8125 383
172 0.875 466
172 0.9375 458
173 0 376
173 0.0625 297
173 0.125 222
173 0.1875 173
173 0.25 126
173 0.3125 118
173 0.375 66
173 0.4375 80
173 0.5 60
173 0.5625 57
173 0.625 107
173 0.6875 171
173 0.75 228
173 0.8125 359
173 0.875 398
173 0.9375 403
174 0 377
174 0.0625 288
174 0.125 230
174 0.1875 148
174 0.25 126
174 0.3125 96
174 0.375 52
174 0.4375 71
174 0.5 64
174 0.5625 64
174 0.625 89
174 0.6875 156
174 0.75 230
174 0.8125 353
174 0.875 431
174 0.9375 450
175 0 359
175 0.0625 282
175 0.125 223
175 0.1875 159
175 0.25 107
175 0.3125 82
175 0.375 73
175 0.4375 78
175 0.5 74
175 0.5625 75
175 0.625 101
175 0.6875 145
175 0.75 241
175 0.8125 371
175 0.875 409
175 0.9375 421
176 0 303
176 0.0625 262
176 0.125 202
176 0.1875 147
176 0.25 116
176 0.3125 92
176 0.375 82
176 0.4375 63
176 0.5 81
176 0.5625 76
176 0.625 79
176 0.6875 143
176 0.75 260
176 0.8125 325
176 0.875 368
176 0.9375 412
177 0 345
177 0.0625 290
177 0.125 219
177 0.1875 148
177 0.25 108
177 0.3125 86
177 0.375 87
177 0.4375 76
177 0.5 51
177 0.5625 60
177 0.625 73
177 0.6875 140
177 0.75 252
177 0.8125 328
177 0.875 396
177 0.9375 391
178 0 358
178 0.0625 305
178 0.125 186
178 0.1875 140
178 0.25 102
178 0.3125 83
178 0.375 83
178 0.4375 51
178 0.5 82
178 0.5625 71
178 0.625 85
178 0.6875 140
178 0.75 227
178 0.8125 349
178 0.875 375
178 0.9375 417
179 0 315
179 0.0625 227
179 0.125 187
179 0.1875 135
179 0.25 97
179 0.3125 95
179 0.375 79
179 0.4375 76
179 0.5 66
179 0.5625 67
179 0.625 78
179 0.6875 131
179 0.75 233
179 0.8125 303
179 0.875 339
179 0.9375 402
180 0 302
180 0.0625 256
180 0.125 209
180 0.1875 145
180 0.25 99
180 0.3125 79
180 0.375 75
180 0.4375 66
180 0.5 69
180 0.5625 65
180 0.625 90
180 0.6875 120
180 0.75 201
180 0.8125 334
180 0.875 346
180 0.9375 389
181 0 360
181 0.0625 272
181 0.125 176
181 0.1875 151
181 0.25 108
181 0.3125 81
181 0.375 83
181 0.4375 56
181 0.5 54
181 0.5625 75
181 0.625 64
181 0.6875 154
181 0.75 201
181 0.8125 295
181 0.875 355
181 0.9375 369
182 0 335
182 0.0625 231
182 0.125 195
182 0.1875 138
182 0.25 97
182 0.3125 95
182 0.375 74
182 0.4375 69
182 0.5 63
182 0.5625 74
182 0.625 92
182 0.6875 133
182 0.75 211
182 0.8125 261
182 0.875 325
182 0.9375 372
183 0 335
183 0.0625 267
183 0.125 206
183 0.1875 136
183 0.25 82
183 0.3125 92
183 0.375 73
183 0.4375 60
183 0.5 67
183 0.5625 66
183 0.625 90
183 0.6875 137
183 0.75 194
183 0.8125 308
183 0.875 310
183 0.9375 355
184 0 323
184 0.0625 241
184 0.125 192
184 0.1875 135
184 0.25 101
184 0.3125 81
184 0.375 59
184 0.4375 57
184 0.5 62
184 0.5625 48
184 0.625 78
184 0.6875 144
184 0.75 232
184 0.8125 265
184 0.875 321
184 0.9375 349
185 0 302
185 0.0625 228
185 0.125 173
185 0.1875 142
185 0.25 87
185 0.3125 67
185 0.375 77
185 0.4375 66
185 0.5 57
185 0.5625 66
185 0.625 74
185 0.6875 127
185 0.75 204
185 0.8125 271
185 0.875 332
185 0.9375 345
186 0 296
186 0.0625 240
186 0.125 170
186 0.1875 112
186 0.25 107
186 0.3125 91
186 0.375 75
186 0.4375 58
186 0.5 54
186 0.5625 67
186 0.625 80
186 0.6875 143
186 0.75 194
186 0.8125 276
186 0.875 348
186 0.9375 333
187 0 259
187 0.0625 203
187 0.125 179
187 0.1875 105
187 0.25 91
187 0.3125 71
187 0.375 52
187 0.4375 52
187 0.5 42
187 0.5625 51
187 0.625 71
187 0.6875 136
187 0.75 194
187 0.8125 269
187 0.875 352
187 0.9375 331
188 0 258
188 0.0625 256
188 0.125 167
188 0.1875 124
188 0.25 91
188 0.3125 78
188 0.375 59
188 0.4375 58
188 0.5 48
188 0.5625 46
188 0.625 84
188 0.6875 126
188 0.75 176
188 0.8125 276
188 0.875 322
188 0.9375 333
189 0 277
189 0.0625 223
189 0.125 159
189 0.1875 122
189 0.25 92
189 0.3125 74
189 0.375 73
189 0.4375 44
189 0.5 57
189 0.5625 63
189 0.625 74
189 0.6875 112
189 0.75 185
189 0.8125 263
189 0.875 321
189 0.9375 307
190 0 296
190 0.0625 208
190 0.125 145
190 0.1875 113
190 0.25 87
190 0.3125 66
190 0.375 62
190 0.4375 50
190 0.5 57
190 0.5625 52
190 0.625 75
190 0.6875 104
190 0.75 179
190 0.8125 251
190 0.875 272
190 0.9375 326
191 0 284
191 0.0625 230
191 0.125 167
191 0.1875 140
191 0.25 81
191 0.3125 63
191 0.375 54
191 0.4375 73
191 0.5 61
191 0.5625 50
191 0.625 63
191 0.6875 101
191 0.75 170
191 0.8125 265
191 0.875 267
191 0.9375 329
192 0 276
192 0.0625 230
192 0.125 148
192 0.1875 99
192 0.25 81
192 0.3125 76
192 0.375 43
192 0.4375 50
192 0.5 56
192 0.5625 53
192 0.625 86
192 0.6875 125
192 0.75 184
192 0.8125 255
192 0.875 304
192 0.9375 323
193 0 293
193 0.0625 208
193 0.125 166
193 0.1875 110
193 0.25 82
193 0.3125 61
193 0.375 60
193 0.4375 55
193 0.5 59
193 0.5625 49
193 0.625 78
193 0.6875 134
193 0.75 174
193 0.8125 259
193 0.875 256
193 0.9375 301
194 0 285
194 0.0625 200
194 0.125 153
194 0.1875 96
194 0.25 98
194 0.3125 67
194 0.375 72
194 0.4375 60
194 0.5 51
194 0.5625 48
194 0.625 74
194 0.6875 113
194 0.75 190
194 0.8125 243
194 0.875 297
194 0.9375 300
195 0 265
195 0.0625 173
195 0.125 155
195 0.1875 111
195 0.25 82
195 0.3125 59
195 0.375 65
195 0.4375 49
195 0.5 54
195 0.5625 46
195 0.625 70
195 0.6875 125
195 0.75 165
195 0.8125 269
195 0.875 289
195 0.9375 267
196 0 253
196 0.0625 186
196 0.125 130
196 0.1875 117
196 0.25 82
196 0.3125 60
196 0.375 51
196 0.4375 40
196 0.5 50
196 0.5625 50
196 0.625 59
196 0.6875 113
196 0.75 175
196 0.8125 227
196 0.875 269
196 0.9375 320
197 0 250
197 0.0625 189
197 0.125 177
197 0.1875 110
197 0.25 80
197 0.3125 68
197 0.375 59
197 0.4375 45
197 0.5 45
197 0.5625 48
197 0.625 70
197 0.6875 127
197 0.75 175
197 0.8125 216
197 0.875 268
197 0.9375 254
198 0 227
198 0.0625 192
198 0.125 142
198 0.1875 108
198 0.25 62
198 0.3125 70
198 0.375 56
198 0.4375 62
198 0.5 39
198 0.5625 55
198 0.625 64
198 0.6875 116
198 0.75 151
198 0.8125 228
198 0.875 273
198 0.9375 287
199 0 232
199 0.0625 167
199 0.125 145
199 0.1875 95
199 0.25 75
199 0.3125 54
199 0.375 41
199 0.4375 40
199 0.5 42
199 0.5625 42
199 0.625 76
199 0.6875 93
199 0.75 159
199 0.8125 182
199 0.875 260
199 0.9375 289
200 0 224
200 0.0625 163
200 0.125 143
200 0.1875 113
200 0.25 77
200 0.3125 46
200 0.375 54
200 0.4375 62
200 0.5 46
200 0.5625 49
200 0.625 62
200 0.6875 112
200 0.75 151
200 0.8125 225
200 0.875 270
200 0.9375 265
201 0 223
201 0.0625 173
201 0.125 154
201 0.1875 115
201 0.25 77
201 0.3125 61
201 0.375 50
201 0.4375 37
201 0.5 31
201 0.5625 46
201 0.625 65
201 0.6875 105
201 0.75 170
201 0.8125 206
201 0.875 274
201 0.9375 257
202 0 229
202 0.0625 171
202 0.125 162
202 0.1875 87
202 0.25 71
202 0.3125 57
202 0.375 44
202 0.4375 42
202 0.5 48
202 0.5625 57
202 0.625 58
202 0.6875 102
202 0.75 140
202 0.8125 182
202 0.875 244
202 0.9375 265
203 0 190
203 0.0625 164
203 0.125 115
203 0.1875 95
203 0.25 72
203 0.3125 56
203 0.375 57
203 0.4375 49
203 0.5 40
203 0.5625 54
203 0.625 54
203 0.6875 95
203 0.75 162
203 0.8125 225
203 0.875 243
203 0.9375 256
204 0 217
204 0.0625 143
204 0.125 117
204 0.1875 102
204 0.25 79
204 0.3125 60
204 0.375 52
204 0.4375 46
204 0.5 45
204 0.5625 40
204 0.625 64
204 0.6875 93
204 0.75 140
204 0.8125 184
204 0.875 211
204 0.9375 246
205 0 229
205 0.0625 157
205 0.125 104
205 0.1875 99
205 0.25 79
205 0.3125 51
205 0.375 52
205 0.4375 44
205 0.5 52
205 0.5625 39
205 0.625 61
205 0.6875 103
205 0.75 155
205 0.8125 188
205 0.875 201
205 0.9375 251
206 0 210
206 0.0625 166
206 0.125 99
206 0.1875 81
206 0.25 62
206 0.3125 58
206 0.375 59
206 0.4375 51
206 0.5 52
206 0.5625 57
206 0.625 57
206 0.6875 71
206 0.75 137
206 0.8125 203
206 0.875 210
206 0.9375 237
207 0 210
207 0.0625 141
207 0.125 119
207 0.1875 78
207 0.25 71
207 0.3125 41
207 0.375 48
207 0.4375 49
207 0.5 45
207 0.5625 46
207 0.625 54
207 0.6875 103
207 0.75 135
207 0.8125 158
207 0.875 213
207 0.9375 202
208 0 212
208 0.0625 143
208 0.125 113
208 0.1875 65
208 0.25 58
208 0.3125 47
208 0.375 41
208 0.4375 49
208 0.5 44
208 0.5625 32
208 0.625 55
208 0.6875 75
208 0.75 126
208 0.8125 172
208 0.875 196
208 0.9375 223
209 0 186
209 0.0625 161
209 0.125 99
209 0.1875 90
209 0.25 62
209 0.3125 51
209 0.375 40
209 0.4375 34
209 0.5 47
209 0.5625 43
209 0.625 53
209 0.6875 91
209 0.75 115
209 0.8125 153
209 0.875 208
209 0.9375 188
210 0 193
210 0.0625 132
210 0.125 92
210 0.1875 80
210 0.25 74
210 0.3125 39
210 0.375 34
210 0.4375 42
210 0.5 39
210 0.5625 35
210 0.625 54
210 0.6875 103
210 0.75 132
210 0.8125 162
210 0.875 202
210 0.9375 215
211 0 177
211 0.0625 141
211 0.125 84
211 0.1875 81
211 0.25 60
211 0.3125 46
211 0.375 47
211 0.4375 45
211 0.5 43
211 0.5625 39
211 0.625 37
211 0.6875 85
211 0.75 113
211 0.8125 153
211 0.875 173
211 0.9375 204
212 0 161
212 0.0625 126
212 0.125 85
212 0.1875 61
212 0.25 44
212 0.3125 44
212 0.375 47
212 0.4375 33
212 0.5 26
212 0.5625 46
212 0.625 55
212 0.6875 56
212 0.75 118
212 0.8125 136
212 0.875 182
212 0.9375 179
213 0 164
213 0.0625 107
213 0.125 79
213 0.1875 65
213 0.25 40
213 0.3125 41
213 0.375 20
213 0.4375 32
213 0.5 33
213 0.5625 35
213 0.625 46
213 0.6875 78
213 0.75 97
213 0.8125 158
213 0.875 149
213 0.9375 184
214 0 124
214 0.0625 105
214 0.125 93
214 0.1875 73
214 0.25 53
214 0.3125 43
214 0.375 37
214 0.4375 34
214 0.5 41
214 0.5625 32
214 0.625 42
214 0.6875 69
214 0.75 101
214 0.8125 123
214 0.875 144
214 0.9375 154
215 0 135
215 0.0625 91
215 0.125 88
215 0.1875 58
215 0.25 45
215 0.3125 35
215 0.375 32
215 0.4375 27
215 0.5 25
215 0.5625 23
215 0.625 43
215 0.6875 49
215 0.75 103
215 0.8125 107
215 0.875 136
215 0.9375 125
216 0 140
216 0.0625 90
216 0.125 88
216 0.1875 57
216 0.25 46
216 0.3125 36
216 0.375 26
216 0.4375 33
216 0.5 27
216 0.5625 28
216 0.625 27
216 0.6875 52
216 0.75 65
216 0.8125 109
216 0.875 113
216 0.9375 119
217 0 116
217 0.0625 78
217 0.125 68
217 0.1875 45
217 0.25 42
217 0.3125 35
217 0.375 34
217 0.4375 31
217 0.5 22
217 0.5625 36
217 0.625 41
217 0.6875 45
217 0.75 80
217 0.8125 104
217 0.875 136
217 0.9375 150
218 0 115
218 0.0625 78
218 0.125 47
218 0.1875 39
218 0.25 29
218 0.3125 32
218 0.375 28
218 0.4375 28
218 0.5 23
218 0.5625 23
218 0.625 38
218 0.6875 58
218 0.75 88
218 0.8125 107
218 0.875 119
218 0.9375 132
219 0 111
219 0.0625 84
219 0.125 58
219 0.1875 44
219 0.25 41
219 0.3125 25
219 0.375 32
219 0.4375 32
219 0.5 19
219 0.5625 29
219 0.625 35
219 0.6875 49
219 0.75 68
219 0.8125 84
219 0.875 116
219 0.9375 110
220 0 104
220 0.0625 66
220 0.125 57
220 0.1875 48
220 0.25 29
220 0.3125 27
220 0.375 24
220 0.4375 26
220 0.5 21
220 0.5625 32
220 0.625 34
220 0.6875 53
220 0.75 62
220 0.8125 80
220 0.875 102
220 0.9375 109
221 0 101
221 0.0625 82
221 0.125 56
221 0.1875 44
221 0.25 47
221 0.3125 26
221 0.375 24
221 0.4375 20
221 0.5 21
221 0.5625 17
221 0.625 26
221 0.6875 44
221 0.75 73
221 0.8125 101
221 0.875 108
221 0.9375 121
222 0 102
222 0.0625 63
222 0.125 51
222 0.1875 48
222 0.25 28
222 0.3125 24
222 0.375 23
222 0.4375 14
222 0.5 21
222 0.5625 20
222 0.625 24
222 0.6875 54
222 0.75 53
222 0.8125 83
222 0.875 110
222 0.9375 100
223 0 93
223 0.0625 68
223 0.125 51
223 0.1875 53
223 0.25 33
223 0.3125 22
223 0.375 26
223 0.4375 22
223 0.5 29
223 0.5625 16
223 0.625 28
223 0.6875 45
223 0.75 59
223 0.8125 88
223 0.875 112
223 0.9375 83
224 0 86
224 0.0625 66
224 0.125 61
224 0.1875 39
224 0.25 24
224 0.3125 23
224 0.375 16
224 0.4375 21
224 0.5 24
224 0.5625 16
224 0.625 35
224 0.6875 42
224 0.75 74
224 0.8125 80
224 0.875 111
224 0.9375 102
225 0 94
225 0.0625 57
225 0.125 39
225 0.1875 34
225 0.25 30
225 0.3125 32
225 0.375 26
225 0.4375 28
225 0.5 19
225 0.5625 22
225 0.625 24
225 0.6875 43
225 0.75 55
225 0.8125 85
225 0.875 98
225 0.9375 128
226 0 85
226 0.0625 63
226 0.125 53
226 0.1875 46
226 0.25 18
226 0.3125 14
226 0.375 20
226 0.4375 21
226 0.5 20
226 0.5625 16
226 0.625 27
226 0.6875 33
226 0.75 58
226 0.8125 71
226 0.875 95
226 0.9375 84
227 0 79
227 0.0625 55
227 0.125 42
227 0.1875 30
227 0.25 30
227 0.3125 28
227 0.375 25
227 0.4375 21
227 0.5 31
227 0.5625 18
227 0.625 34
227 0.6875 39
227 0.75 53
227 0.8125 87
227 0.875 93
227 0.9375 80
228 0 73
228 0.0625 60
228 0.125 48
228 0.1875 40
228 0.25 26
228 0.3125 25
228 0.375 21
228 0.4375 20
228 0.5 26
228 0.5625 16
228 0.625 23
228 0.6875 41
228 0.75 47
228 0.8125 66
228 0.875 84
228 0.9375 90
229 0 86
229 0.0625 59
229 0.125 37
229 0.1875 30
229 0.25 27
229 0.3125 27
229 0.375 19
229 0.4375 19
229 0.5 14
229 0.5625 22
229 0.625 33
229 0.6875 31
229 0.75 61
229 0.8125 89
229 0.875 74
229 0.9375 85
230 0 73
230 0.0625 63
230 0.125 53
230 0.1875 38
230 0.25 26
230 0.3125 24
230 0.375 33
230 0.4375 25
230 0.5 26
230 0.5625 14
230 0.625 22
230 0.6875 48
230 0.75 69
230 0.8125 68
230 0.875 87
230 0.9375 83
231 0 71
231 0.0625 72
231 0.125 51
231 0.1875 24
231 0.25 25
231 0.3125 22
231 0.375 19
231 0.4375 17
231 0.5 22
231 0.5625 20
231 0.625 29
231 0.6875 36
231 0.75 66
231 0.8125 66
231 0.875 92
231 0.9375 84
232 0 80
232 0.0625 66
232 0.125 60
232 0.1875 31
232 0.25 34
232 0.3125 25
232 0.375 21
232 0.4375 21
232 0.5 14
232 0.5625 18
232 0.625 21
232 0.6875 30
232 0.75 47
232 0.8125 76
232 0.875 82
232 0.9375 83
233 0 85
233 0.0625 74
233 0.125 56
233 0.1875 35
233 0.25 22
233 0.3125 19
233 0.375 16
233 0.4375 28
233 0.5 21
233 0.5625 10
233 0.625 13
233 0.6875 33
233 0.75 52
233 0.8125 71
233 0.875 76
233 0.9375 79
234 0 83
234 0.0625 66
234 0.125 48
234 0.1875 32
234 0.25 21
234 0.3125 18
234 0.375 22
234 0.4375 29
234 0.5 17
234 0.5625 23
234 0.625 27
234 0.6875 29
234 0.75 54
234 0.8125 68
234 0.875 92
234 0.9375 85
235 0 67
235 0.0625 50
235 0.125 41
235 0.1875 36
235 0.25 28
235 0.3125 21
235 0.375 33
235 0.4375 17
235 0.5 15
235 0.5625 31
235 0.625 24
235 0.6875 33
235 0.75 67
235 0.8125 76
235 0.875 85
235 0.9375 85
236 0 83
236 0.0625 62
236 0.125 33
236 0.1875 40
236 0.25 32
236 0.3125 23
236 0.375 23
236 0.4375 21
236 0.5 18
236 0.5625 18
236 0.625 25
236 0.6875 45
236 0.75 46
236 0.8125 72
236 0.875 90
236 0.9375 88
237 0 82
237 0.0625 66
237 0.125 42
237 0.1875 38
237 0.25 29
237 0.3125 17
237 0.375 18
237 0.4375 24
237 0.5 22
237 0.5625 23
237 0.625 23
237 0.6875 37
237 0.75 42
237 0.8125 73
237 0.875 75
237 0.9375 83
238 0 75
238 0.0625 42
238 0.125 42
238 0.1875 30
238 0.25 32
238 0.3125 33
238 0.375 17
238 0.4375 21
238 0.5 22
238 0.5625 19
238 0.625 26
238 0.6875 48
238 0.75 57
238 0.8125 72
238 0.875 82
238 0.9375 77
239 0 89
239 0.0625 55
239 0.125 42
239 0.1875 26
239 0.25 27
239 0.3125 24
239 0.375 18
239 0.4375 22
239 0.5 13
239 0.5625 18
239 0.625 24
239 0.6875 31
239 0.75 59
239 0.8125 62
239 0.875 80
239 0.9375 110
240 0 84
240 0.0625 46
240 0.125 44
240 0.1875 32
240 0.25 22
240 0.3125 22
240 0.375 25
240 0.4375 15
240 0.5 14
240 0.5625 29
240 0.625 19
240 0.6875 31
240 0.75 42
240 0.8125 66
240 0.875 91
240 0.9375 81
241 0 79
241 0.0625 67
241 0.125 46
241 0.1875 39
241 0.25 29
241 0.3125 23
241 0.375 23
241 0.4375 26
241 0.5 17
241 0.5625 21
241 0.625 14
241 0.6875 29
241 0.75 54
241 0.8125 63
241 0.875 74
241 0.9375 75
242 0 73
242 0.0625 56
242 0.125 34
242 0.1875 21
242 0.25 29
242 0.3125 30
242 0.375 18
242 0.4375 25
242 0.5 24
242 0.5625 26
242 0.625 25
242 0.6875 34
242 0.75 47
242 0.8125 53
242 0.875 66
242 0.9375 68
243 0 84
243 0.0625 54
243 0.125 41
243 0.1875 24
243 0.25 29
243 0.3125 27
243 0.375 22
243 0.4375 28
243 0.5 14
243 0.5625 22
243 0.625 37
243 0.6875 35
243 0.75 50
243 0.8125 64
243 0.875 79
243 0.9375 73
244 0 75
244 0.0625 60
244 0.125 38
244 0.1875 27
244 0.25 22
244 0.3125 21
244 0.375 18
244 0.4375 24
244 0.5 22
244 0.5625 17
244 0.625 19
244 0.6875 37
244 0.75 66
244 0.8125 82
244 0.875 86
244 0.9375 80
245 0 66
245 0.0625 58
245 0.125 37
245 0.1875 30
245 0.25 33
245 0.3125 26
245 0.375 23
245 0.4375 22
245 0.5 26
245 0.5625 26
245 0.625 24
245 0.6875 30
245 0.75 43
245 0.8125 73
245 0.875 61
245 0.9375 75
246 0 74
246 0.0625 71
246 0.125 41
246 0.1875 33
246 0.25 24
246 0.3125 28
246 0.375 18
246 0.4375 20
246 0.5 11
246 0.5625 17
246 0.625 21
246 0.6875 33
246 0.75 57
246 0.8125 68
246 0.875 82
246 0.9375 76
247 0 71
247 0.0625 61
247 0.125 59
247 0.1875 38
247 0.25 26
247 0.3125 15
247 0.375 21
247 0.4375 16
247 0.5 16
247 0.5625 19
247 0.625 23
247 0.6875 45
247 0.75 54
247 0.8125 71
247 0.875 77
247 0.9375 72
248 0 67
248 0.0625 51
248 0.125 45
248 0.1875 25
248 0.25 27
248 0.3125 18
248 0.375 15
248 0.4375 24
248 0.5 13
248 0.5625 15
248 0.625 23
248 0.6875 30
248 0.75 41
248 0.8125 71
248 0.875 82
248 0.9375 69
249 0 49
249 0.0625 49
249 0.125 39
249 0.1875 21
249 0.25 22
249 0.3125 27
249 0.375 17
249 0.4375 16
249 0.5 22
249 0.5625 13
249 0.625 15
249 0.6875 28
249 0.75 59
249 0.8125 75
249 0.875 77
249 0.9375 65
250 0 61
250 0.0625 57
250 0.125 51
250 0.1875 28
250 0.25 26
250 0.3125 18
250 0.375 19
250 0.4375 20
250 0.5 17
250 0.5625 19
250 0.625 25
250 0.6875 40
250 0.75 55
250 0.8125 64
250 0.875 73
250 0.9375 63
251 0 59
251 0.0625 48
251 0.125 46
251 0.1875 16
251 0.25 17
251 0.3125 22
251 0.375 25
251 0.4375 14
251 0.5 19
251 0.5625 17
251 0.625 17
251 0.6875 31
251 0.75 56
251 0.8125 62
251 0.875 85
251 0.9375 67
252 0 51
252 0.0625 43
252 0.125 49
252 0.1875 40
252 0.25 25
252 0.3125 18
252 0.375 17
252 0.4375 12
252 0.5 14
252 0.5625 17
252 0.625 12
252 0.6875 25
252 0.75 54
252 0.8125 69
252 0.875 71
252 0.9375 59
253 0 61
253 0.0625 45
253 0.125 31
253 0.1875 36
253 0.25 18
253 0.3125 27
253 0.375 21
253 0.4375 12
253 0.5 18
253 0.5625 18
253 0.625 31
253 0.6875 31
253 0.75 56
253 0.8125 64
253 0.875 79
253 0.9375 75
254 0 68
254 0.0625 47
254 0.125 41
254 0.1875 28
254 0.25 26
254 0.3125 13
254 0.375 23
254 0.4375 17
254 0.5 17
254 0.5625 13
254 0.625 29
254 0.6875 32
254 0.75 43
254 0.8125 71
254 0.875 76
254 0.9375 70
255 0 60
255 0.0625 53
255 0.125 34
255 0.1875 20
255 0.25 20
255 0.3125 21
255 0.375 21
255 0.4375 19
255 0.5 21
255 0.5625 21
255 0.625 23
255 0.6875 32
255 0.75 53
255 0.8125 46
255 0.875 72
255 0.9375 66
256 0 53
256 0.0625 47
256 0.125 32
256 0.1875 24
256 0.25 16
256 0.3125 21
256 0.375 20
256 0.4375 14
256 0.5 16
256 0.5625 13
256 0.625 23
256 0.6875 33
256 0.75 44
256 0.8125 52
256 0.875 53
256 0.9375 91
257 0 66
257 0.0625 50
257 0.125 33
257 0.1875 23
257 0.25 20
257 0.3125 17
257 0.375 25
257 0.4375 18
257 0.5 11
257 0.5625 22
257 0.625 24
257 0.6875 39
257 0.75 52
257 0.8125 60
257 0.875 72
257 0.9375 61
258 0 47
258 0.0625 40
258 0.125 30
258 0.1875 39
258 0.25 26
258 0.3125 27
258 0.375 17
258 0.4375 11
258 0.5 15
258 0.5625 23
258 0.625 15
258 0.6875 38
258 0.75 42
258 0.8125 63
258 0.875 68
258 0.9375 60
259 0 56
259 0.0625 45
259 0.125 43
259 0.1875 31
259 0.25 22
259 0.3125 25
259 0.375 18
259 0.4375 12
259 0.5 13
259 0.5625 29
259 0.625 16
259 0.6875 29
259 0.75 40
259 0.8125 53
259 0.875 65
259 0.9375 71
260 0 48
260 0.0625 38
260 0.125 37
260 0.1875 27
260 0.25 28
260 0.3125 13
260 0.375 24
260 0.4375 11
260 0.5 20
260 0.5625 24
260 0.625 16
260 0.6875 22
260 0.75 30
260 0.8125 48
260 0.875 63
260 0.9375 68
261 0 52
261 0.0625 33
261 0.125 29
261 0.1875 22
261 0.25 16
261 0.3125 12
261 0.375 18
261 0.4375 20
261 0.5 13
261 0.5625 12
261 0.625 29
261 0.6875 41
261 0.75 41
261 0.8125 64
261 0.875 55
261 0.9375 56
262 0 50
262 0.0625 42
262 0.125 31
262 0.1875 25
262 0.25 25
262 0.3125 18
262 0.375 20
262 0.4375 17
262 0.5 16
262 0.5625 21
262 0.625 11
262 0.6875 21
262 0.75 36
262 0.8125 54
262 0.875 57
262 0.9375 48
263 0 54
263 0.0625 41
263 0.125 27
263 0.1875 22
263 0.25 18
263 0.3125 16
263 0.375 19
263 0.4375 19
263 0.5 16
263 0.5625 20
263 0.625 24
263 0.6875 17
263 0.75 32
263 0.8125 56
263 0.875 55
263 0.9375 56
264 0 45
264 0.0625 40
264 0.125 33
264 0.1875 25
264 0.25 21
264 0.3125 23
264 0.375 24
264 0.4375 15
264 0.5 9
264 0.5625 21
264 0.625 18
264 0.6875 21
264 0.75 34
264 0.8125 42
264 0.875 48
264 0.9375 63
265 0 50
265 0.0625 36
265 0.125 22
265 0.1875 24
265 0.25 21
265 0.3125 18
265 0.375 15
265 0.4375 13
265 0.5 13
265 0.5625 12
265 0.625 21
265 0.6875 30
265 0.75 41
265 0.8125 45
265 0.875 59
265 0.9375 59
266 0 48
266 0.0625 45
266 0.125 39
266 0.1875 26
266 0.25 16
266 0.3125 17
266 0.375 20
266 0.4375 12
266 0.5 26
266 0.5625 17
266 0.625 17
266 0.6875 28
266 0.75 42
266 0.8125 62
266 0.875 61
266 0.9375 67
267 0 37
267 0.0625 35
267 0.125 29
267 0.1875 22
267 0.25 17
267 0.3125 16
267 0.375 13
267 0.4375 11
267 0.5 17
267 0.5625 24
267 0.625 18
267 0.6875 21
267 0.75 30
267 0.8125 41
267 0.875 56
267 0.9375 63
268 0 44
268 0.0625 49
268 0.125 24
268 0.1875 28
268 0.25 16
268 0.3125 15
268 0.375 20
268 0.4375 15
268 0.5 14
268 0.5625 19
268 0.625 17
268 0.6875 25
268 0.75 35
268 0.8125 36
268 0.875 58
268 0.9375 49
269 0 47
269 0.0625 47
269 0.125 20
269 0.1875 24
269 0.25 20
269 0.3125 20
269 0.375 19
269 0.4375 15
269 0.5 12
269 0.5625 11
269 0.625 18
269 0.6875 15
269 0.75 38
269 0.8125 64
269 0.875 53
269 0.9375 53
270 0 32
270 0.0625 33
270 0.125 21
270 0.1875 18
270 0.25 17
270 0.3125 16
270 0.375 16
270 0.4375 15
270 0.5 21
270 0.5625 12
270 0.625 21
270 0.6875 32
270 0.75 42
270 0.8125 50
270 0.875 41
270 0.9375 50
271 0 54
271 0.0625 38
271 0.125 28
271 0.1875 24
271 0.25 23
271 0.3125 18
271 0.375 19
271 0.4375 14
271 0.5 17
271 0.5625 13
271 0.625 16
271 0.6875 32
271 0.75 41
271 0.8125 44
271 0.875 49
271 0.9375 42
272 0 33
272 0.0625 34
272 0.125 27
272 0.1875 23
272 0.25 19
272 0.3125 21
272 0.375 12
272 0.4375 18
272 0.5 17
272 0.5625 15
272 0.625 21
272 0.6875 28
272 0.75 27
272 0.8125 57
272 0.875 50
272 0.9375 46
273 0 53
273 0.0625 36
273 0.125 26
273 0.1875 23
273 0.25 21
273 0.3125 22
273 0.375 14
273 0.4375 20
273 0.5 8
273 0.5625 12
273 0.625 20
273 0.6875 26
273 0.75 38
273 0.8125 53
273 0.875 53
273 0.9375 53
274 0 38
274 0.0625 33
274 0.125 28
274 0.1875 16
274 0.25 20
274 0.3125 14
274 0.375 10
274 0.4375 13
274 0.5 18
274 0.5625 10
274 0.625 18
274 0.6875 23
274 0.75 34
274 0.8125 41
274 0.875 49
274 0.9375 47
275 0 46
275 0.0625 33
275 0.125 27
275 0.1875 17
275 0.25 15
275 0.3125 19
275 0.375 19
275 0.4375 13
275 0.5 16
275 0.5625 12
275 0.625 18
275 0.6875 24
275 0.75 26
275 0.8125 52
275 0.875 48
275 0.9375 45
276 0 42
276 0.0625 34
276 0.125 31
276 0.1875 28
276 0.25 20
276 0.3125 12
276 0.375 13
276 0.4375 18
276 0.5 15
276 0.5625 12
276 0.625 16
276 0.6875 22
276 0.75 38
276 0.8125 44
276 0.875 43
276 0.9375 42
277 0 46
277 0.0625 23
277 0.125 22
277 0.1875 17
277 0.25 15
277 0.3125 21
277 0.375 17
277 0.4375 18
277 0.5 12
277 0.5625 15
277 0.625 20
277 0.6875 27
277 0.75 30
277 0.8125 51
277 0.875 49
277 0.9375 43
278 0 32
278 0.0625 28
278 0.125 25
278 0.1875 28
278 0.25 19
278 0.3125 17
278 0.375 12
278 0.4375 15
278 0.5 18
278 0.5625 13
278 0.625 20
278 0.6875 21
278 0.75 29
278 0.8125 52
278 0.875 63
278 0.9375 51
279 0 39
279 0.0625 40
279 0.125 34
279 0.1875 27
279 0.25 23
279 0.3125 22
279 0.375 14
279 0.4375 16
279 0.5 23
279 0.5625 13
279 0.625 11
279 0.6875 19
279 0.75 31
279 0.8125 45
279 0.875 51
279 0.9375 51
280 0 46
280 0.0625 40
280 0.125 20
280 0.1875 17
280 0.25 22
280 0.3125 15
280 0.375 23
280 0.4375 13
280 0.5 13
280 0.5625 10
280 0.625 10
280 0.6875 18
280 0.75 24
280 0.8125 30
280 0.875 58
280 0.9375 56
281 0 47
281 0.0625 28
281 0.125 31
281 0.1875 17
281 0.25 16
281 0.3125 19
281 0.375 16
281 0.4375 14
281 0.5 8
281 0.5625 18
281 0.625 17
281 0.6875 29
281 0.75 33
281 0.8125 41
281 0.875 51
281 0.9375 51
282 0 60
282 0.0625 27
282 0.125 23
282 0.1875 23
282 0.25 16
282 0.3125 17
282 0.375 14
282 0.4375 21
282 0.5 9
282 0.5625 13
282 0.625 16
282 0.6875 25
282 0.75 28
282 0.8125 38
282 0.875 43
282 0.9375 45
283 0 36
283 0.0625 30
283 0.125 24
283 0.1875 16
283 0.25 21
283 0.3125 20
283 0.375 10
283 0.4375 14
283 0.5 14
283 0.5625 16
283 0.625 13
283 0.6875 24
283 0.75 31
283 0.8125 44
283 0.875 50
283 0.9375 38
284 0 42
284 0.0625 43
284 0.125 26
284 0.1875 16
284 0.25 14
284 0.3125 17
284 0.375 13
284 0.4375 14
284 0.5 13
284 0.5625 13
284 0.625 11
284 0.6875 27
284 0.75 34
284 0.8125 29
284 0.875 43
284 0.9375 41
285 0 36
285 0.0625 33
285 0.125 34
285 0.1875 18
285 0.25 18
285 0.3125 12
285 0.375 22
285 0.4375 18
285 0.5 12
285 0.5625 4
285 0.625 11
285 0.6875 24
285 0.75 35
285 0.8125 41
285 0.875 37
285 0.9375 36
286 0 40
286 0.0625 30
286 0.125 24
286 0.1875 25
286 0.25 19
286 0.3125 16
286 0.375 15
286 0.4375 10
286 0.5 14
286 0.5625 22
286 0.625 14
286 0.6875 20
286 0.75 38
286 0.8125 36
286 0.875 50
286 0.9375 56
287 0 43
287 0.0625 35
287 0.125 21
287 0.1875 23
287 0.25 13
287 0.3125 11
287 0.375 17
287 0.4375 12
287 0.5 19
287 0.5625 19
287 0.625 20
287 0.6875 23
287 0.75 26
287 0.8125 35
287 0.875 44
287 0.9375 49
288 0 33
288 0.0625 32
288 0.125 18
288 0.1875 22
288 0.25 15
288 0.3125 12
288 0.375 21
288 0.4375 10
288 0.5 10
288 0.5625 13
288 0.625 11
288 0.6875 16
288 0.75 33
288 0.8125 44
288 0.875 43
288 0.9375 36
289 0 17
289 0.0625 27
289 0.125 31
289 0.1875 25
289 0.25 19
289 0.3125 14
289 0.375 9
289 0.4375 12
289 0.5 10
289 0.5625 18
289 0.625 17
289 0.6875 27
289 0.75 26
289 0.8125 37
289 0.875 40
289 0.9375 47
290 0 32
290 0.0625 30
290 0.125 20
290 0.1875 19
290 0.25 16
290 0.3125 15
290 0.375 18
290 0.4375 9
290 0.5 17
290 0.5625 11
290 0.625 13
290 0.6875 19
290 0.75 31
290 0.8125 30
290 0.875 42
290 0.9375 45
291 0 31
291 0.0625 29
291 0.125 18
291 0.1875 26
291 0.25 12
291 0.3125 14
291 0.375 13
291 0.4375 14
291 0.5 13
291 0.5625 22
291 0.625 17
291 0.6875 17
291 0.75 34
291 0.8125 46
291 0.875 35
291 0.9375 39
292 0 47
292 0.0625 34
292 0.125 20
292 0.1875 18
292 0.25 17
292 0.3125 15
292 0.375 17
292 0.4375 16
292 0.5 13
292 0.5625 18
292 0.625 12
292 0.6875 17
292 0.75 29
292 0.8125 37
292 0.875 31
292 0.9375 41
293 0 32
293 0.0625 26
293 0.125 24
293 0.1875 13
293 0.25 16
293 0.3125 17
293 0.375 9
293 0.4375 12
293 0.5 15
293 0.5625 17
293 0.625 23
293 0.6875 25
293 0.75 35
293 0.8125 34
293 0.875 35
293 0.9375 31
294 0 30
294 0.0625 34
294 0.125 28
294 0.1875 17
294 0.25 12
294 0.3125 14
294 0.375 12
294 0.4375 16
294 0.5 13
294 0.5625 14
294 0.625 9
294 0.6875 22
294 0.75 29
294 0.8125 35
294 0.875 31
294 0.9375 38
295 0 30
295 0.0625 25
295 0.125 19
295 0.1875 14
295 0.25 19
295 0.3125 22
295 0.375 14
295 0.4375 9
295 0.5 6
295 0.5625 10
295 0.625 15
295 0.6875 18
295 0.75 35
295 0.8125 34
295 0.875 46
295 0.9375 39
296 0 30
296 0.0625 28
296 0.125 24
296 0.1875 13
296 0.25 13
296 0.3125 12
296 0.375 9
296 0.4375 13
296 0.5 11
296 0.5625 13
296 0.625 17
296 0.6875 17
296 0.75 15
296 0.8125 31
296 0.875 41
296 0.9375 42
297 0 41
297 0.0625 29
297 0.125 22
297 0.1875 15
297 0.25 16
297 0.3125 19
297 0.375 13
297 0.4375 11
297 0.5 14
297 0.5625 13
297 0.625 11
297 0.6875 27
297 0.75 26
297 0.8125 26
297 0.875 35
297 0.9375 45
298 0 22
298 0.0625 28
298 0.125 26
298 0.1875 9
298 0.25 16
298 0.3125 11
298 0.375 12
298 0.4375 19
298 0.5 11
298 0.5625 10
298 0.625 16
298 0.6875 21
298 0.75 26
298 0.8125 35
298 0.875 32
298 0.9375 37
299 0 31
299 0.0625 22
299 0.125 21
299 0.1875 17
299 0.25 19
299 0.3125 14
299 0.375 11
299 0.4375 10
299 0.5 12
299 0.5625 14
299 0.625 20
299 0.6875 10
299 0.75 22
299 0.8125 31
299 0.875 32
299 0.9375 33
300 0 27
300 0.0625 20
300 0.125 24
300 0.1875 20
300 0.25 18
300 0.3125 2
300 0.375 14
300 0.4375 13
300 0.5 21
300 0.5625 14
300 0.625 17
300 0.6875 22
300 0.75 25
300 0.8125 28
300 0.875 31
300 0.9375 43
