1 0 442
1 0.0625 457
1 0.125 477
1 0.1875 417
1 0.25 445
1 0.3125 475
1 0.375 453
1 0.4375 450
1 0.5 403
1 0.5625 434
1 0.625 435
1 0.6875 452
1 0.75 437
1 0.8125 446
1 0.875 494
1 0.9375 450
2 0 552
2 0.0625 528
2 0.125 525
2 0.1875 543
2 0.25 517
2 0.3125 502
2 0.375 472
2 0.4375 493
2 0.5 506
2 0.5625 490
2 0.625 484
2 0.6875 493
2 0.75 549
2 0.8125 515
2 0.875 505
2 0.9375 499
3 0 629
3 0.0625 540
3 0.125 570
3 0.1875 515
3 0.25 573
3 0.3125 546
3 0.375 591
3 0.4375 542
3 0.5 550
3 0.5625 548
3 0.625 544
3 0.6875 571
3 0.75 569
3 0.8125 578
3 0.875 539
3 0.9375 589
4 0 660
4 0.0625 582
4 0.125 602
4 0.1875 610
4 0.25 551
4 0.3125 567
4 0.375 574
4 0.4375 577
4 0.5 591
4 0.5625 610
4 0.625 595
4 0.6875 598
4 0.75 617
4 0.8125 630
4 0.875 616
4 0.9375 602
5 0 666
5 0.0625 651
5 0.125 692
5 0.1875 663
5 0.25 616
5 0.3125 622
5 0.375 611
5 0.4375 618
5 0.5 607
5 0.5625 593
5 0.625 656
5 0.6875 621
5 0.75 641
5 0.8125 680
5 0.875 733
5 0.9375 695
6 0 738
6 0.0625 701
6 0.125 704
6 0.1875 669
6 0.25 706
6 0.3125 632
6 0.375 712
6 0.4375 646
6 0.5 665
6 0.5625 630
6 0.625 674
6 0.6875 669
6 0.75 690
6 0.8125 742
6 0.875 722
6 0.9375 713
7 0 760
7 0.0625 819
7 0.125 743
7 0.1875 727
7 0.25 745
7 0.3125 733
7 0.375 679
7 0.4375 711
7 0.5 729
7 0.5625 708
7 0.625 722
7 0.6875 682
7 0.75 760
7 0.8125 740
7 0.875 761
7 0.9375 806
8 0 850
8 0.0625 799
8 0.125 846
8 0.1875 774
8 0.25 749
8 0.3125 777
8 0.375 758
8 0.4375 728
8 0.5 691
8 0.5625 715
8 0.625 721
8 0.6875 758
8 0.75 811
8 0.8125 859
8 0.875 839
8 0.9375 841
9 0 953
9 0.0625 986
9 0.125 941
9 0.1875 901
9 0.25 859
9 0.3125 834
9 0.375 838
9 0.4375 773
9 0.5 814
9 0.5625 838
9 0.625 766
9 0.6875 783
9 0.75 861
9 0.8125 924
9 0.875 961
9 0.9375 923
10 0 1039
10 0.0625 1008
10 0.125 944
10 0.1875 957
10 0.25 898
10 0.3125 857
10 0.375 878
10 0.4375 883
10 0.5 870
10 0.5625 835
10 0.625 889
10 0.6875 898
10 0.75 932
10 0.8125 1058
10 0.875 1022
10 0.9375 1099
11 0 1103
11 0.0625 1117
11 0.125 994
11 0.1875 998
11 0.25 972
11 0.3125 898
11 0.375 872
11 0.4375 942
11 0.5 884
11 0.5625 882
11 0.625 907
11 0.6875 952
11 0.75 979
11 0.8125 1142
11 0.875 1137
11 0.9375 1131
12 0 1184
12 0.0625 1100
12 0.125 1144
12 0.1875 1077
12 0.25 1092
12 0.3125 1001
12 0.375 999
12 0.4375 921
12 0.5 931
12 0.5625 953
12 0.625 968
12 0.6875 1008
12 0.75 1060
12 0.8125 1101
12 0.875 1214
12 0.9375 1225
13 0 1338
13 0.0625 1266
13 0.125 1213
13 0.1875 1188
13 0.25 1066
13 0.3125 1016
13 0.375 1015
13 0.4375 1001
13 0.5 989
13 0.5625 974
13 0.625 1038
13 0.6875 1033
13 0.75 1151
13 0.8125 1148
13 0.875 1298
13 0.9375 1290
14 0 1350
14 0.0625 1346
14 0.125 1244
14 0.1875 1193
14 0.25 1152
14 0.3125 1033
14 0.375 1102
14 0.4375 1053
14 0.5 969
14 0.5625 1008
14 0.625 1061
14 0.6875 1079
14 0.75 1183
14 0.8125 1280
14 0.875 1383
14 0.9375 1320
15 0 1416
15 0.0625 1378
15 0.125 1363
15 0.1875 1210
15 0.25 1159
15 0.3125 1142
15 0.375 996
15 0.4375 1034
15 0.5 1033
15 0.5625 1043
15 0.625 1094
15 0.6875 1088
15 0.75 1192
15 0.8125 1303
15 0.875 1363
15 0.9375 1439
16 0 1554
16 0.0625 1373
16 0.125 1327
16 0.1875 1256
16 0.25 1153
16 0.3125 1095
16 0.375 1057
16 0.4375 1034
16 0.5 1049
16 0.5625 1010
16 0.625 1041
16 0.6875 1145
16 0.75 1214
16 0.8125 1329
16 0.875 1444
16 0.9375 1571
17 0 1452
17 0.0625 1403
17 0.125 1368
17 0.1875 1287
17 0.25 1199
17 0.3125 1073
17 0.375 1020
17 0.4375 1086
17 0.5 1048
17 0.5625 1062
17 0.625 1064
17 0.6875 1106
17 0.75 1144
17 0.8125 1312
17 0.875 1475
17 0.9375 1520
18 0 1425
18 0.0625 1391
18 0.125 1315
18 0.1875 1231
18 0.25 1160
18 0.3125 1064
18 0.375 1117
18 0.4375 1024
18 0.5 981
18 0.5625 951
18 0.625 984
18 0.6875 1102
18 0.75 1198
18 0.8125 1337
18 0.875 1470
18 0.9375 1525
19 0 1492
19 0.0625 1423
19 0.125 1365
19 0.1875 1170
19 0.25 1073
19 0.3125 1019
19 0.375 999
19 0.4375 952
19 0.5 986
19 0.5625 950
19 0.625 1037
19 0.6875 1037
19 0.75 1190
19 0.8125 1294
19 0.875 1445
19 0.9375 1448
20 0 1481
20 0.0625 1367
20 0.125 1292
20 0.1875 1132
20 0.25 1046
20 0.3125 1010
20 0.375 953
20 0.4375 903
20 0.5 920
20 0.5625 965
20 0.625 899
20 0.6875 1049
20 0.75 1111
20 0.8125 1310
20 0.875 1411
20 0.9375 1440
21 0 1405
21 0.0625 1357
21 0.125 1195
21 0.1875 1097
21 0.25 1040
21 0.3125 927
21 0.375 949
21 0.4375 848
21 0.5 928
21 0.5625 828
21 0.625 937
21 0.6875 996
21 0.75 1069
21 0.8125 1283
21 0.875 1388
21 0.9375 1445
22 0 1384
22 0.0625 1286
22 0.125 1214
22 0.1875 1046
22 0.25 1060
22 0.3125 911
22 0.375 858
22 0.4375 859
22 0.5 845
22 0.5625 843
22 0.625 877
22 0.6875 955
22 0.75 1100
22 0.8125 1222
22 0.875 1348
22 0.9375 1376
23 0 1397
23 0.0625 1311
23 0.125 1246
23 0.1875 1049
23 0.25 959
23 0.3125 938
23 0.375 807
23 0.4375 804
23 0.5 796
23 0.5625 832
23 0.625 862
23 0.6875 976
23 0.75 1044
23 0.8125 1193
23 0.875 1401
23 0.9375 1408
24 0 1493
24 0.0625 1328
24 0.125 1195
24 0.1875 1079
24 0.25 903
24 0.3125 916
24 0.375 818
24 0.4375 807
24 0.5 874
24 0.5625 751
24 0.625 789
24 0.6875 866
24 0.75 1081
24 0.8125 1202
24 0.875 1343
24 0.9375 1385
25 0 1404
25 0.0625 1426
25 0.125 1242
25 0.1875 1064
25 0.25 1020
25 0.3125 818
25 0.375 846
25 0.4375 812
25 0.5 753
25 0.5625 805
25 0.625 825
25 0.6875 952
25 0.75 1046
25 0.8125 1256
25 0.875 1386
25 0.9375 1438
26 0 1563
26 0.0625 1431
26 0.125 1285
26 0.1875 1090
26 0.25 942
26 0.3125 839
26 0.375 859
26 0.4375 786
26 0.5 774
26 0.5625 732
26 0.625 828
26 0.6875 922
26 0.75 1136
26 0.8125 1224
26 0.875 1475
26 0.9375 1448
27 0 1454
27 0.0625 1412
27 0.125 1233
27 0.1875 1078
27 0.25 943
27 0.3125 886
27 0.375 827
27 0.4375 790
27 0.5 775
27 0.5625 748
27 0.625 818
27 0.6875 907
27 0.75 1136
27 0.8125 1251
27 0.875 1471
27 0.9375 1473
28 0 1483
28 0.0625 1376
28 0.125 1274
28 0.1875 1153
28 0.25 929
28 0.3125 885
28 0.375 802
28 0.4375 783
28 0.5 777
28 0.5625 781
28 0.625 780
28 0.6875 912
28 0.75 1076
28 0.8125 1308
28 0.875 1442
28 0.9375 1490
29 0 1576
29 0.0625 1373
29 0.125 1258
29 0.1875 1121
29 0.25 981
29 0.3125 858
29 0.375 732
29 0.4375 756
29 0.5 714
29 0.5625 762
29 0.625 758
29 0.6875 897
29 0.75 1090
29 0.8125 1288
29 0.875 1487
29 0.9375 1544
30 0 1605
30 0.0625 1434
30 0.125 1254
30 0.1875 1057
30 0.25 924
30 0.3125 838
30 0.375 742
30 0.4375 702
30 0.5 735
30 0.5625 741
30 0.625 807
30 0.6875 862
30 0.75 1060
30 0.8125 1357
30 0.875 1496
30 0.9375 1717
31 0 1555
31 0.0625 1499
31 0.125 1255
31 0.1875 1101
31 0.25 957
31 0.3125 830
31 0.375 817
31 0.4375 698
31 0.5 717
31 0.5625 733
31 0.625 789
31 0.6875 829
31 0.75 1077
31 0.8125 1292
31 0.875 1521
31 0.9375 1611
32 0 1583
32 0.0625 1437
32 0.125 1218
32 0.1875 1054
32 0.25 910
32 0.3125 826
32 0.375 756
32 0.4375 771
32 0.5 703
32 0.5625 658
32 0.625 696
32 0.6875 816
32 0.75 1087
32 0.8125 1275
32 0.875 1572
32 0.9375 1555
33 0 1627
33 0.0625 1458
33 0.125 1240
33 0.1875 1083
33 0.25 973
33 0.3125 824
33 0.375 670
33 0.4375 705
33 0.5 735
33 0.5625 625
33 0.625 748
33 0.6875 886
33 0.75 1066
33 0.8125 1291
33 0.875 1480
33 0.9375 1632
34 0 1583
34 0.0625 1455
34 0.125 1212
34 0.1875 1089
34 0.25 895
34 0.3125 764
34 0.375 725
34 0.4375 643
34 0.5 649
34 0.5625 669
34 0.625 704
34 0.6875 811
34 0.75 1076
34 0.8125 1354
34 0.875 1497
34 0.9375 1660
35 0 1663
35 0.0625 1452
35 0.125 1309
35 0.1875 1094
35 0.25 897
35 0.3125 784
35 0.375 662
35 0.4375 686
35 0.5 646
35 0.5625 650
35 0.625 685
35 0.6875 858
35 0.75 1016
35 0.8125 1344
35 0.875 1502
35 0.9375 1607
36 0 1584
36 0.0625 1462
36 0.125 1295
36 0.1875 1070
36 0.25 895
36 0.3125 777
36 0.375 704
36 0.4375 662
36 0.5 639
36 0.5625 640
36 0.625 717
36 0.6875 840
36 0.75 1095
36 0.8125 1338
36 0.875 1491
36 0.9375 1652
37 0 1546
37 0.0625 1443
37 0.125 1224
37 0.1875 1055
37 0.25 877
37 0.3125 793
37 0.375 665
37 0.4375 656
37 0.5 597
37 0.5625 581
37 0.625 658
37 0.6875 847
37 0.75 1042
37 0.8125 1277
37 0.875 1521
37 0.9375 1666
38 0 1652
38 0.0625 1442
38 0.125 1242
38 0.1875 1001
38 0.25 853
38 0.3125 702
38 0.375 632
38 0.4375 640
38 0.5 580
38 0.5625 643
38 0.625 682
38 0.6875 823
38 0.75 1101
38 0.8125 1321
38 0.875 1533
38 0.9375 1737
39 0 1639
39 0.0625 1479
39 0.125 1247
39 0.1875 1018
39 0.25 879
39 0.3125 763
39 0.375 648
39 0.4375 629
39 0.5 625
39 0.5625 545
39 0.625 657
39 0.6875 821
39 0.75 1099
39 0.8125 1301
39 0.875 1495
39 0.9375 1644
40 0 1675
40 0.0625 1440
40 0.125 1233
40 0.1875 1014
40 0.25 836
40 0.3125 684
40 0.375 665
40 0.4375 603
40 0.5 548
40 0.5625 539
40 0.625 684
40 0.6875 828
40 0.75 1071
40 0.8125 1379
40 0.875 1592
40 0.9375 1736
41 0 1565
41 0.0625 1484
41 0.125 1249
41 0.1875 1014
41 0.25 871
41 0.3125 678
41 0.375 607
41 0.4375 551
41 0.5 535
41 0.5625 591
41 0.625 624
41 0.6875 783
41 0.75 1088
41 0.8125 1332
41 0.875 1497
41 0.9375 1792
42 0 1647
42 0.0625 1494
42 0.125 1237
42 0.1875 1034
42 0.25 841
42 0.3125 728
42 0.375 625
42 0.4375 595
42 0.5 615
42 0.5625 544
42 0.625 626
42 0.6875 815
42 0.75 1066
42 0.8125 1308
42 0.875 1604
42 0.9375 1704
43 0 1636
43 0.0625 1536
43 0.125 1245
43 0.1875 1070
43 0.25 806
43 0.3125 671
43 0.375 624
43 0.4375 574
43 0.5 549
43 0.5625 544
43 0.625 578
43 0.6875 738
43 0.75 1005
43 0.8125 1302
43 0.875 1593
43 0.9375 1675
44 0 1635
44 0.0625 1431
44 0.125 1219
44 0.1875 1038
44 0.25 787
44 0.3125 707
44 0.375 569
44 0.4375 539
44 0.5 505
44 0.5625 521
44 0.625 639
44 0.6875 796
44 0.75 999
44 0.8125 1322
44 0.875 1616
44 0.9375 1649
45 0 1647
45 0.0625 1447
45 0.125 1236
45 0.1875 1009
45 0.25 802
45 0.3125 638
45 0.375 581
45 0.4375 551
45 0.5 555
45 0.5625 502
45 0.625 577
45 0.6875 708
45 0.75 1053
45 0.8125 1300
45 0.875 1548
45 0.9375 1706
46 0 1592
46 0.0625 1407
46 0.125 1182
46 0.1875 980
46 0.25 771
46 0.3125 609
46 0.375 589
46 0.4375 547
46 0.5 466
46 0.5625 523
46 0.625 590
46 0.6875 801
46 0.75 985
46 0.8125 1268
46 0.875 1521
46 0.9375 1690
47 0 1609
47 0.0625 1388
47 0.125 1151
47 0.1875 935
47 0.25 759
47 0.3125 635
47 0.375 538
47 0.4375 468
47 0.5 474
47 0.5625 479
47 0.625 526
47 0.6875 718
47 0.75 968
47 0.8125 1309
47 0.875 1448
47 0.9375 1696
48 0 1551
48 0.0625 1421
48 0.125 1180
48 0.1875 911
48 0.25 751
48 0.3125 608
48 0.375 496
48 0.4375 484
48 0.5 509
48 0.5625 430
48 0.625 533
48 0.6875 697
48 0.75 1052
48 0.8125 1276
48 0.875 1617
48 0.9375 1655
49 0 1534
49 0.0625 1423
49 0.125 1156
49 0.1875 900
49 0.25 786
49 0.3125 635
49 0.375 524
49 0.4375 497
49 0.5 444
49 0.5625 466
49 0.625 508
49 0.6875 715
49 0.75 940
49 0.8125 1276
49 0.875 1576
49 0.9375 1619
50 0 1540
50 0.0625 1352
50 0.125 1123
50 0.1875 902
50 0.25 705
50 0.3125 612
50 0.375 468
50 0.4375 427
50 0.5 443
50 0.5625 406
50 0.625 483
50 0.6875 708
50 0.75 962
50 0.8125 1259
50 0.875 1511
50 0.9375 1642
51 0 1564
51 0.0625 1282
51 0.125 1138
51 0.1875 869
51 0.25 719
51 0.3125 561
51 0.375 488
51 0.4375 499
51 0.5 437
51 0.5625 473
51 0.625 488
51 0.6875 698
51 0.75 954
51 0.8125 1294
51 0.875 1475
51 0.9375 1568
52 0 1513
52 0.0625 1395
52 0.125 1171
52 0.1875 846
52 0.25 697
52 0.3125 540
52 0.375 479
52 0.4375 428
52 0.5 457
52 0.5625 388
52 0.625 477
52 0.6875 652
52 0.75 928
52 0.8125 1194
52 0.875 1528
52 0.9375 1654
53 0 1654
53 0.0625 1320
53 0.125 1120
53 0.1875 926
53 0.25 699
53 0.3125 582
53 0.375 440
53 0.4375 466
53 0.5 438
53 0.5625 392
53 0.625 506
53 0.6875 719
53 0.75 934
53 0.8125 1237
53 0.875 1453
53 0.9375 1598
54 0 1564
54 0.0625 1452
54 0.125 1116
54 0.1875 892
54 0.25 726
54 0.3125 575
54 0.375 491
54 0.4375 458
54 0.5 441
54 0.5625 384
54 0.625 451
54 0.6875 628
54 0.75 922
54 0.8125 1305
54 0.875 1506
54 0.9375 1641
55 0 1557
55 0.0625 1373
55 0.125 1150
55 0.1875 882
55 0.25 648
55 0.3125 565
55 0.375 460
55 0.4375 445
55 0.5 460
55 0.5625 485
55 0.625 494
55 0.6875 629
55 0.75 982
55 0.8125 1281
55 0.875 1486
55 0.9375 1671
56 0 1661
56 0.0625 1356
56 0.125 1149
56 0.1875 883
56 0.25 697
56 0.3125 548
56 0.375 470
56 0.4375 432
56 0.5 360
56 0.5625 379
56 0.625 494
56 0.6875 674
56 0.75 966
56 0.8125 1339
56 0.875 1481
56 0.9375 1625
57 0 1505
57 0.0625 1328
57 0.125 1114
57 0.1875 876
57 0.25 692
57 0.3125 547
57 0.375 459
57 0.4375 427
57 0.5 425
57 0.5625 399
57 0.625 461
57 0.6875 646
57 0.75 925
57 0.8125 1267
57 0.875 1517
57 0.9375 1735
58 0 1661
58 0.0625 1338
58 0.125 1096
58 0.1875 864
58 0.25 691
58 0.3125 538
58 0.375 455
58 0.4375 385
58 0.5 387
58 0.5625 423
58 0.625 467
58 0.6875 624
58 0.75 915
58 0.8125 1308
58 0.875 1538
58 0.9375 1668
59 0 1619
59 0.0625 1326
59 0.125 1096
59 0.1875 853
59 0.25 691
59 0.3125 545
59 0.375 459
59 0.4375 382
59 0.5 369
59 0.5625 404
59 0.625 452
59 0.6875 652
59 0.75 875
59 0.8125 1277
59 0.875 1516
59 0.9375 1681
60 0 1505
60 0.0625 1372
60 0.125 1081
60 0.1875 855
60 0.25 622
60 0.3125 581
60 0.375 452
60 0.4375 348
60 0.5 352
60 0.5625 340
60 0.625 513
60 0.6875 615
60 0.75 877
60 0.8125 1308
60 0.875 1523
60 0.9375 1566
61 0 1547
61 0.0625 1350
61 0.125 1098
61 0.1875 844
61 0.25 641
61 0.3125 544
61 0.375 464
61 0.4375 400
61 0.5 405
61 0.5625 377
61 0.625 456
61 0.6875 659
61 0.75 944
61 0.8125 1233
61 0.875 1475
61 0.9375 1632
62 0 1554
62 0.0625 1396
62 0.125 1094
62 0.1875 813
62 0.25 643
62 0.3125 511
62 0.375 405
62 0.4375 347
62 0.5 357
62 0.5625 378
62 0.625 419
62 0.6875 618
62 0.75 926
62 0.8125 1262
62 0.875 1539
62 0.9375 1628
63 0 1615
63 0.0625 1372
63 0.125 1119
63 0.1875 856
63 0.25 613
63 0.3125 512
63 0.375 393
63 0.4375 408
63 0.5 345
63 0.5625 352
63 0.625 413
63 0.6875 596
63 0.75 858
63 0.8125 1240
63 0.875 1550
63 0.9375 1663
64 0 1559
64 0.0625 1344
64 0.125 1063
64 0.1875 809
64 0.25 630
64 0.3125 435
64 0.375 404
64 0.4375 383
64 0.5 347
64 0.5625 363
64 0.625 434
64 0.6875 622
64 0.75 921
64 0.8125 1214
64 0.875 1588
64 0.9375 1622
65 0 1503
65 0.0625 1371
65 0.125 1075
65 0.1875 819
65 0.25 615
65 0.3125 486
65 0.375 419
65 0.4375 355
65 0.5 320
65 0.5625 389
65 0.625 384
65 0.6875 578
65 0.75 928
65 0.8125 1244
65 0.875 1462
65 0.9375 1638
66 0 1526
66 0.0625 1369
66 0.125 997
66 0.1875 841
66 0.25 622
66 0.3125 500
66 0.375 423
66 0.4375 329
66 0.5 328
66 0.5625 387
66 0.625 402
66 0.6875 558
66 0.75 925
66 0.8125 1239
66 0.875 1515
66 0.9375 1580
67 0 1656
67 0.0625 1384
67 0.125 1016
67 0.1875 784
67 0.25 554
67 0.3125 444
67 0.375 422
67 0.4375 364
67 0.5 331
67 0.5625 338
67 0.625 379
67 0.6875 594
67 0.75 904
67 0.8125 1263
67 0.875 1481
67 0.9375 1705
68 0 1586
68 0.0625 1296
68 0.125 1031
68 0.1875 788
68 0.25 616
68 0.3125 480
68 0.375 380
68 0.4375 339
68 0.5 351
68 0.5625 340
68 0.625 385
68 0.6875 623
68 0.75 858
68 0.8125 1223
68 0.875 1503
68 0.9375 1708
69 0 1529
69 0.0625 1325
69 0.125 1081
69 0.1875 793
69 0.25 583
69 0.3125 468
69 0.375 383
69 0.4375 354
69 0.5 322
69 0.5625 303
69 0.625 421
69 0.6875 602
69 0.75 871
69 0.8125 1237
69 0.875 1503
69 0.9375 1687
70 0 1539
70 0.0625 1351
70 0.125 1041
70 0.1875 781
70 0.25 632
70 0.3125 460
70 0.375 392
70 0.4375 326
70 0.5 346
70 0.5625 311
70 0.625 395
70 0.6875 600
70 0.75 909
70 0.8125 1202
70 0.875 1476
70 0.9375 1606
71 0 1577
71 0.0625 1322
71 0.125 1108
71 0.1875 785
71 0.25 579
71 0.3125 457
71 0.375 376
71 0.4375 377
71 0.5 320
71 0.5625 321
71 0.625 385
71 0.6875 568
71 0.75 846
71 0.8125 1229
71 0.875 1507
71 0.9375 1591
72 0 1555
72 0.0625 1296
72 0.125 1091
72 0.1875 775
72 0.25 599
72 0.3125 420
72 0.375 352
72 0.4375 319
72 0.5 298
72 0.5625 305
72 0.625 381
72 0.6875 549
72 0.75 820
72 0.8125 1174
72 0.875 1505
72 0.9375 1612
73 0 1541
73 0.0625 1308
73 0.125 959
73 0.1875 724
73 0.25 544
73 0.3125 436
73 0.375 324
73 0.4375 326
73 0.5 272
73 0.5625 303
73 0.625 415
73 0.6875 566
73 0.75 870
73 0.8125 1175
73 0.875 1427
73 0.9375 1569
74 0 1499
74 0.0625 1286
74 0.125 936
74 0.1875 791
74 0.25 584
74 0.3125 390
74 0.375 374
74 0.4375 297
74 0.5 288
74 0.5625 301
74 0.625 364
74 0.6875 538
74 0.75 788
74 0.8125 1166
74 0.875 1399
74 0.9375 1572
75 0 1435
75 0.0625 1213
75 0.125 942
75 0.1875 716
75 0.25 552
75 0.3125 409
75 0.375 329
75 0.4375 312
75 0.5 313
75 0.5625 287
75 0.625 363
75 0.6875 556
75 0.75 863
75 0.8125 1196
75 0.875 1410
75 0.9375 1537
76 0 1473
76 0.0625 1250
76 0.125 1004
76 0.1875 755
76 0.25 518
76 0.3125 402
76 0.375 326
76 0.4375 313
76 0.5 273
76 0.5625 290
76 0.625 369
76 0.6875 510
76 0.75 886
76 0.8125 1174
76 0.875 1383
76 0.9375 1564
77 0 1485
77 0.0625 1222
77 0.125 1030
77 0.1875 762
77 0.25 569
77 0.3125 393
77 0.375 321
77 0.4375 307
77 0.5 263
77 0.5625 308
77 0.625 324
77 0.6875 560
77 0.75 836
77 0.8125 1173
77 0.875 1441
77 0.9375 1575
78 0 1441
78 0.0625 1278
78 0.125 947
78 0.1875 679
78 0.25 583
78 0.3125 418
78 0.375 333
78 0.4375 306
78 0.5 252
78 0.5625 284
78 0.625 349
78 0.6875 534
78 0.75 803
78 0.8125 1130
78 0.875 1429
78 0.9375 1515
79 0 1455
79 0.0625 1303
79 0.125 925
79 0.1875 707
79 0.25 432
79 0.3125 371
79 0.375 329
79 0.4375 275
79 0.5 242
79 0.5625 261
79 0.625 325
79 0.6875 598
79 0.75 828
79 0.8125 1124
79 0.875 1322
79 0.9375 1507
80 0 1477
80 0.0625 1168
80 0.125 939
80 0.1875 694
80 0.25 523
80 0.3125 379
80 0.375 309
80 0.4375 265
80 0.5 283
80 0.5625 267
80 0.625 326
80 0.6875 512
80 0.75 812
80 0.8125 1153
80 0.875 1364
80 0.9375 1500
81 0 1474
81 0.0625 1243
81 0.125 937
81 0.1875 658
81 0.25 504
81 0.3125 357
81 0.375 310
81 0.4375 278
81 0.5 301
81 0.5625 247
81 0.625 337
81 0.6875 535
81 0.75 840
81 0.8125 1057
81 0.875 1348
81 0.9375 1424
82 0 1384
82 0.0625 1139
82 0.125 935
82 0.1875 695
82 0.25 489
82 0.3125 347
82 0.375 308
82 0.4375 287
82 0.5 265
82 0.5625 232
82 0.625 327
82 0.6875 491
82 0.75 846
82 0.8125 1077
82 0.875 1312
82 0.9375 1455
83 0 1417
83 0.0625 1214
83 0.125 906
83 0.1875 676
83 0.25 500
83 0.3125 351
83 0.375 305
83 0.4375 271
83 0.5 246
83 0.5625 244
83 0.625 326
83 0.6875 522
83 0.75 790
83 0.8125 1206
83 0.875 1395
83 0.9375 1466
84 0 1332
84 0.0625 1201
84 0.125 890
84 0.1875 684
84 0.25 513
84 0.3125 386
84 0.375 300
84 0.4375 267
84 0.5 252
84 0.5625 247
84 0.625 320
84 0.6875 515
84 0.75 828
84 0.8125 1030
84 0.875 1396
84 0.9375 1532
85 0 1352
85 0.0625 1214
85 0.125 863
85 0.1875 686
85 0.25 447
85 0.3125 367
85 0.375 258
85 0.4375 283
85 0.5 271
85 0.5625 269
85 0.625 291
85 0.6875 483
85 0.75 715
85 0.8125 1181
85 0.875 1292
85 0.9375 1463
86 0 1370
86 0.0625 1140
86 0.125 875
86 0.1875 699
86 0.25 469
86 0.3125 385
86 0.375 281
86 0.4375 243
86 0.5 249
86 0.5625 241
86 0.625 321
86 0.6875 473
86 0.75 762
86 0.8125 1107
86 0.875 1339
86 0.9375 1481
87 0 1363
87 0.0625 1129
87 0.125 859
87 0.1875 660
87 0.25 455
87 0.3125 355
87 0.375 269
87 0.4375 258
87 0.5 233
87 0.5625 212
87 0.625 297
87 0.6875 456
87 0.75 730
87 0.8125 1009
87 0.875 1338
87 0.9375 1410
88 0 1248
88 0.0625 1090
88 0.125 883
88 0.1875 632
88 0.25 439
88 0.3125 389
88 0.375 301
88 0.4375 249
88 0.5 244
88 0.5625 270
88 0.625 287
88 0.6875 484
88 0.75 739
88 0.8125 1070
88 0.875 1336
88 0.9375 1422
89 0 1310
89 0.0625 1137
89 0.125 864
89 0.1875 582
89 0.25 453
89 0.3125 320
89 0.375 284
89 0.4375 244
89 0.5 255
89 0.5625 230
89 0.625 305
89 0.6875 478
89 0.75 735
89 0.8125 1062
89 0.875 1318
89 0.9375 1444
90 0 1368
90 0.0625 1084
90 0.125 798
90 0.1875 604
90 0.25 434
90 0.3125 316
90 0.375 290
90 0.4375 229
90 0.5 211
90 0.5625 195
90 0.625 296
90 0.6875 493
90 0.75 736
90 0.8125 1046
90 0.875 1210
90 0.9375 1430
91 0 1316
91 0.0625 1144
91 0.125 791
91 0.1875 589
91 0.25 466
91 0.3125 334
91 0.375 245
91 0.4375 227
91 0.5 211
91 0.5625 195
91 0.625 261
91 0.6875 435
91 0.75 735
91 0.8125 1050
91 0.875 1285
91 0.9375 1379
92 0 1320
92 0.0625 1068
92 0.125 851
92 0.1875 568
92 0.25 447
92 0.3125 311
92 0.375 277
92 0.4375 254
92 0.5 221
92 0.5625 237
92 0.625 282
92 0.6875 433
92 0.75 766
92 0.8125 999
92 0.875 1288
92 0.9375 1450
93 0 1304
93 0.0625 1132
93 0.125 858
93 0.1875 602
93 0.25 411
93 0.3125 308
93 0.375 274
93 0.4375 243
93 0.5 237
93 0.5625 193
93 0.625 267
93 0.6875 450
93 0.75 729
93 0.8125 985
93 0.875 1275
93 0.9375 1309
94 0 1241
94 0.0625 1050
94 0.125 772
94 0.1875 605
94 0.25 398
94 0.3125 303
94 0.375 257
94 0.4375 228
94 0.5 221
94 0.5625 224
94 0.625 259
94 0.6875 408
94 0.75 725
94 0.8125 981
94 0.875 1202
94 0.9375 1275
95 0 1240
95 0.0625 1015
95 0.125 791
95 0.1875 615
95 0.25 366
95 0.3125 293
95 0.375 239
95 0.4375 221
95 0.5 205
95 0.5625 234
95 0.625 248
95 0.6875 434
95 0.75 678
95 0.8125 997
95 0.875 1230
95 0.9375 1359
96 0 1255
96 0.0625 1102
96 0.125 768
96 0.1875 583
96 0.25 420
96 0.3125 278
96 0.375 249
96 0.4375 221
96 0.5 213
96 0.5625 206
96 0.625 259
96 0.6875 438
96 0.75 665
96 0.8125 984
96 0.875 1236
96 0.9375 1294
97 0 1200
97 0.0625 988
97 0.125 803
97 0.1875 547
97 0.25 408
97 0.3125 319
97 0.375 241
97 0.4375 211
97 0.5 197
97 0.5625 193
97 0.625 292
97 0.6875 437
97 0.75 712
97 0.8125 978
97 0.875 1118
97 0.9375 1279
98 0 1255
98 0.0625 987
98 0.125 796
98 0.1875 536
98 0.25 373
98 0.3125 302
98 0.375 232
98 0.4375 236
98 0.5 186
98 0.5625 223
98 0.625 232
98 0.6875 432
98 0.75 666
98 0.8125 955
98 0.875 1217
98 0.9375 1302
99 0 1193
99 0.0625 1008
99 0.125 725
99 0.1875 584
99 0.25 368
99 0.3125 316
99 0.375 218
99 0.4375 212
99 0.5 189
99 0.5625 214
99 0.625 236
99 0.6875 420
99 0.75 671
99 0.8125 934
99 0.875 1196
99 0.9375 1328
100 0 1140
100 0.0625 1018
100 0.125 777
100 0.1875 529
100 0.25 365
100 0.3125 288
100 0.375 239
100 0.4375 218
100 0.5 183
100 0.5625 185
100 0.625 230
100 0.6875 431
100 0.75 656
100 0.8125 1016
100 0.875 1147
100 0.9375 1260
101 0 1174
101 0.0625 955
101 0.125 707
101 0.1875 518
101 0.25 358
101 0.3125 287
101 0.375 215
101 0.4375 178
101 0.5 195
101 0.5625 174
101 0.625 249
101 0.6875 397
101 0.75 679
101 0.8125 986
101 0.875 1126
101 0.9375 1269
102 0 1211
102 0.0625 1009
102 0.125 747
102 0.1875 504
102 0.25 412
102 0.3125 274
102 0.375 256
102 0.4375 191
102 0.5 183
102 0.5625 203
102 0.625 261
102 0.6875 415
102 0.75 693
102 0.8125 920
102 0.875 1113
102 0.9375 1206
103 0 1200
103 0.0625 913
103 0.125 705
103 0.1875 538
103 0.25 380
103 0.3125 279
103 0.375 236
103 0.4375 195
103 0.5 215
103 0.5625 197
103 0.625 227
103 0.6875 401
103 0.75 656
103 0.8125 912
103 0.875 1152
103 0.9375 1234
104 0 1172
104 0.0625 920
104 0.125 715
104 0.1875 543
104 0.25 381
104 0.3125 287
104 0.375 228
104 0.4375 181
104 0.5 194
104 0.5625 172
104 0.625 218
104 0.6875 392
104 0.75 663
104 0.8125 880
104 0.875 1119
104 0.9375 1284
105 0 1045
105 0.0625 903
105 0.125 694
105 0.1875 485
105 0.25 352
105 0.3125 285
105 0.375 218
105 0.4375 207
105 0.5 188
105 0.5625 181
105 0.625 241
105 0.6875 375
105 0.75 623
105 0.8125 882
105 0.875 1156
105 0.9375 1239
106 0 1112
106 0.0625 867
106 0.125 697
106 0.1875 460
106 0.25 392
106 0.3125 264
106 0.375 232
106 0.4375 170
106 0.5 149
106 0.5625 182
106 0.625 235
106 0.6875 390
106 0.75 631
106 0.8125 896
106 0.875 1110
106 0.9375 1143
107 0 1104
107 0.0625 898
107 0.125 676
107 0.1875 512
107 0.25 340
107 0.3125 287
107 0.375 213
107 0.4375 178
107 0.5 156
107 0.5625 178
107 0.625 220
107 0.6875 399
107 0.75 649
107 0.8125 822
107 0.875 1045
107 0.9375 1202
108 0 1046
108 0.0625 929
108 0.125 688
108 0.1875 475
108 0.25 374
108 0.3125 253
108 0.375 206
108 0.4375 173
108 0.5 192
108 0.5625 182
108 0.625 216
108 0.6875 395
108 0.75 614
108 0.8125 856
108 0.875 1115
108 0.9375 1161
109 0 1106
109 0.0625 819
109 0.125 668
109 0.1875 472
109 0.25 330
109 0.3125 256
109 0.375 207
109 0.4375 194
109 0.5 163
109 0.5625 148
109 0.625 214
109 0.6875 412
109 0.75 602
109 0.8125 855
109 0.875 1094
109 0.9375 1099
110 0 1114
110 0.0625 923
110 0.125 643
110 0.1875 425
110 0.25 327
110 0.3125 261
110 0.375 192
110 0.4375 191
110 0.5 154
110 0.5625 176
110 0.625 223
110 0.6875 402
110 0.75 617
110 0.8125 892
110 0.875 1058
110 0.9375 1189
111 0 1068
111 0.0625 846
111 0.125 662
111 0.1875 455
111 0.25 335
111 0.3125 247
111 0.375 172
111 0.4375 159
111 0.5 176
111 0.5625 132
111 0.625 193
111 0.6875 374
111 0.75 592
111 0.8125 878
111 0.875 1055
111 0.9375 1150
112 0 1050
112 0.0625 916
112 0.125 645
112 0.1875 468
112 0.25 324
112 0.3125 227
112 0.375 196
112 0.4375 166
112 0.5 154
112 0.5625 168
112 0.625 204
112 0.6875 347
112 0.75 618
112 0.8125 797
112 0.875 1042
112 0.9375 1160
113 0 985
113 0.0625 845
113 0.125 628
113 0.1875 466
113 0.25 291
113 0.3125 261
113 0.375 200
113 0.4375 158
113 0.5 166
113 0.5625 150
113 0.625 194
113 0.6875 421
113 0.75 558
113 0.8125 820
113 0.875 996
113 0.9375 1059
114 0 986
114 0.0625 817
114 0.125 634
114 0.1875 421
114 0.25 316
114 0.3125 229
114 0.375 197
114 0.4375 164
114 0.5 151
114 0.5625 154
114 0.625 209
114 0.6875 366
114 0.75 569
114 0.8125 757
114 0.875 990
114 0.9375 1075
115 0 1030
115 0.0625 811
115 0.125 630
115 0.1875 436
115 0.25 334
115 0.3125 230
115 0.375 196
115 0.4375 160
115 0.5 155
115 0.5625 168
115 0.625 211
115 0.6875 330
115 0.75 585
115 0.8125 838
115 0.875 989
115 0.9375 1132
116 0 957
116 0.0625 809
116 0.125 547
116 0.1875 426
116 0.25 299
116 0.3125 228
116 0.375 197
116 0.4375 156
116 0.5 165
116 0.5625 163
116 0.625 189
116 0.6875 333
116 0.75 560
116 0.8125 743
116 0.875 977
116 0.9375 1035
117 0 970
117 0.0625 782
117 0.125 624
117 0.1875 404
117 0.25 301
117 0.3125 222
117 0.375 181
117 0.4375 180
117 0.5 145
117 0.5625 131
117 0.625 187
117 0.6875 363
117 0.75 538
117 0.8125 782
117 0.875 975
117 0.9375 1055
118 0 945
118 0.0625 779
118 0.125 539
118 0.1875 438
118 0.25 283
118 0.3125 210
118 0.375 200
118 0.4375 149
118 0.5 150
118 0.5625 163
118 0.625 208
118 0.6875 359
118 0.75 533
118 0.8125 762
118 0.875 988
118 0.9375 1020
119 0 967
119 0.0625 819
119 0.125 572
119 0.1875 411
119 0.25 262
119 0.3125 219
119 0.375 171
119 0.4375 166
119 0.5 131
119 0.5625 149
119 0.625 192
119 0.6875 289
119 0.75 564
119 0.8125 770
119 0.875 943
119 0.9375 1005
120 0 936
120 0.0625 791
120 0.125 595
120 0.1875 381
120 0.25 297
120 0.3125 205
120 0.375 181
120 0.4375 150
120 0.5 117
120 0.5625 140
120 0.625 177
120 0.6875 331
120 0.75 522
120 0.8125 783
120 0.875 910
120 0.9375 978
121 0 898
121 0.0625 737
121 0.125 535
121 0.1875 392
121 0.25 275
121 0.3125 185
121 0.375 170
121 0.4375 161
121 0.5 134
121 0.5625 144
121 0.625 184
121 0.6875 322
121 0.75 541
121 0.8125 797
121 0.875 932
121 0.9375 1003
122 0 860
122 0.0625 712
122 0.125 551
122 0.1875 392
122 0.25 238
122 0.3125 177
122 0.375 162
122 0.4375 155
122 0.5 158
122 0.5625 136
122 0.625 190
122 0.6875 314
122 0.75 541
122 0.8125 753
122 0.875 943
122 0.9375 980
123 0 910
123 0.0625 752
123 0.125 526
123 0.1875 348
123 0.25 280
123 0.3125 202
123 0.375 155
123 0.4375 153
123 0.5 156
123 0.5625 134
123 0.625 203
123 0.6875 304
123 0.75 543
123 0.8125 668
123 0.875 936
123 0.9375 997
124 0 880
124 0.0625 753
124 0.125 583
124 0.1875 370
124 0.25 275
124 0.3125 211
124 0.375 150
124 0.4375 159
124 0.5 144
124 0.5625 138
124 0.625 177
124 0.6875 296
124 0.75 473
124 0.8125 686
124 0.875 925
124 0.9375 919
125 0 831
125 0.0625 642
125 0.125 508
125 0.1875 423
125 0.25 263
125 0.3125 195
125 0.375 152
125 0.4375 150
125 0.5 140
125 0.5625 143
125 0.625 205
125 0.6875 309
125 0.75 495
125 0.8125 697
125 0.875 826
125 0.9375 934
126 0 821
126 0.0625 707
126 0.125 489
126 0.1875 352
126 0.25 282
126 0.3125 197
126 0.375 155
126 0.4375 142
126 0.5 116
126 0.5625 150
126 0.625 212
126 0.6875 320
126 0.75 497
126 0.8125 739
126 0.875 873
126 0.9375 910
127 0 838
127 0.0625 695
127 0.125 513
127 0.1875 377
127 0.25 239
127 0.3125 203
127 0.375 150
127 0.4375 132
127 0.5 132
127 0.5625 136
127 0.625 178
127 0.6875 302
127 0.75 495
127 0.8125 712
127 0.875 881
127 0.9375 837
128 0 813
128 0.0625 704
128 0.125 529
128 0.1875 331
128 0.25 239
128 0.3125 177
128 0.375 146
128 0.4375 139
128 0.5 153
128 0.5625 139
128 0.625 181
128 0.6875 300
128 0.75 460
128 0.8125 690
128 0.875 853
128 0.9375 946
129 0 799
129 0.0625 649
129 0.125 486
129 0.1875 316
129 0.25 275
129 0.3125 178
129 0.375 165
129 0.4375 127
129 0.5 126
129 0.5625 109
129 0.625 167
129 0.6875 288
129 0.75 459
129 0.8125 667
129 0.875 811
129 0.9375 899
130 0 826
130 0.0625 658
130 0.125 477
130 0.1875 340
130 0.25 249
130 0.3125 177
130 0.375 141
130 0.4375 124
130 0.5 123
130 0.5625 141
130 0.625 153
130 0.6875 314
130 0.75 480
130 0.8125 671
130 0.875 801
130 0.9375 915
131 0 792
131 0.0625 644
131 0.125 437
131 0.1875 328
131 0.25 245
131 0.3125 174
131 0.375 155
131 0.4375 128
131 0.5 136
131 0.5625 109
131 0.625 157
131 0.6875 298
131 0.75 508
131 0.8125 681
131 0.875 849
131 0.9375 875
132 0 755
132 0.0625 664
132 0.125 450
132 0.1875 306
132 0.25 215
132 0.3125 169
132 0.375 146
132 0.4375 140
132 0.5 119
132 0.5625 132
132 0.625 166
132 0.6875 254
132 0.75 466
132 0.8125 661
132 0.875 792
132 0.9375 859
133 0 770
133 0.0625 648
133 0.125 487
133 0.1875 388
133 0.25 232
133 0.3125 148
133 0.375 152
133 0.4375 131
133 0.5 115
133 0.5625 129
133 0.625 156
133 0.6875 307
133 0.75 469
133 0.8125 631
133 0.875 774
133 0.9375 804
134 0 764
134 0.0625 609
134 0.125 436
134 0.1875 304
134 0.25 218
134 0.3125 184
134 0.375 150
134 0.4375 117
134 0.5 138
134 0.5625 133
134 0.625 160
134 0.6875 262
134 0.75 478
134 0.8125 611
134 0.875 771
134 0.9375 856
135 0 779
135 0.0625 592
135 0.125 447
135 0.1875 295
135 0.25 219
135 0.3125 173
135 0.375 125
135 0.4375 120
135 0.5 107
135 0.5625 158
135 0.625 180
135 0.6875 264
135 0.75 441
135 0.8125 632
135 0.875 756
135 0.9375 781
136 0 784
136 0.0625 617
136 0.125 460
136 0.1875 313
136 0.25 220
136 0.3125 160
136 0.375 136
136 0.4375 133
136 0.5 110
136 0.5625 121
136 0.625 160
136 0.6875 272
136 0.75 447
136 0.8125 594
136 0.875 708
136 0.9375 866
137 0 705
137 0.0625 573
137 0.125 443
137 0.1875 339
137 0.25 217
137 0.3125 148
137 0.375 121
137 0.4375 121
137 0.5 119
137 0.5625 115
137 0.625 151
137 0.6875 267
137 0.75 428
137 0.8125 571
137 0.875 732
137 0.9375 872
138 0 746
138 0.0625 558
138 0.125 470
138 0.1875 322
138 0.25 235
138 0.3125 171
138 0.375 137
138 0.4375 119
138 0.5 120
138 0.5625 107
138 0.625 149
138 0.6875 269
138 0.75 432
138 0.8125 612
138 0.875 762
138 0.9375 779
139 0 690
139 0.0625 561
139 0.125 425
139 0.1875 274
139 0.25 213
139 0.3125 141
139 0.375 134
139 0.4375 99
139 0.5 119
139 0.5625 109
139 0.625 172
139 0.6875 257
139 0.75 453
139 0.8125 599
139 0.875 710
139 0.9375 758
140 0 684
140 0.0625 545
140 0.125 428
140 0.1875 284
140 0.25 181
140 0.3125 156
140 0.375 135
140 0.4375 123
140 0.5 104
140 0.5625 122
140 0.625 176
140 0.6875 254
140 0.75 434
140 0.8125 572
140 0.875 718
140 0.9375 813
141 0 682
141 0.0625 588
141 0.125 420
141 0.1875 269
141 0.25 183
141 0.3125 152
141 0.375 133
141 0.4375 110
141 0.5 115
141 0.5625 97
141 0.625 174
141 0.6875 250
141 0.75 402
141 0.8125 576
141 0.875 701
141 0.9375 739
142 0 665
142 0.0625 571
142 0.125 401
142 0.1875 282
142 0.25 212
142 0.3125 141
142 0.375 112
142 0.4375 114
142 0.5 111
142 0.5625 104
142 0.625 137
142 0.6875 258
142 0.75 437
142 0.8125 556
142 0.875 735
142 0.9375 763
143 0 644
143 0.0625 497
143 0.125 388
143 0.1875 275
143 0.25 203
143 0.3125 143
143 0.375 126
143 0.4375 105
143 0.5 98
143 0.5625 107
143 0.625 142
143 0.6875 226
143 0.75 414
143 0.8125 535
143 0.875 735
143 0.9375 779
144 0 627
144 0.0625 480
144 0.125 377
144 0.1875 280
144 0.25 200
144 0.3125 158
144 0.375 147
144 0.4375 102
144 0.5 113
144 0.5625 137
144 0.625 155
144 0.6875 217
144 0.75 398
144 0.8125 558
144 0.875 660
144 0.9375 744
145 0 655
145 0.0625 537
145 0.125 378
145 0.1875 255
145 0.25 218
145 0.3125 135
145 0.375 132
145 0.4375 100
145 0.5 110
145 0.5625 125
145 0.625 127
145 0.6875 235
145 0.75 372
145 0.8125 513
145 0.875 668
145 0.9375 703
146 0 609
146 0.0625 495
146 0.125 360
146 0.1875 292
146 0.25 180
146 0.3125 169
146 0.375 122
146 0.4375 118
146 0.5 107
146 0.5625 106
146 0.625 147
146 0.6875 226
146 0.75 385
146 0.8125 509
146 0.875 642
146 0.9375 697
147 0 600
147 0.0625 492
147 0.125 351
147 0.1875 252
147 0.25 169
147 0.3125 148
147 0.375 119
147 0.4375 107
147 0.5 106
147 0.5625 102
147 0.625 143
147 0.6875 223
147 0.75 378
147 0.8125 521
147 0.875 631
147 0.9375 637
148 0 622
148 0.0625 502
148 0.125 357
148 0.1875 275
148 0.25 155
148 0.3125 135
148 0.375 123
148 0.4375 109
148 0.5 101
148 0.5625 98
148 0.625 109
148 0.6875 208
148 0.75 369
148 0.8125 529
148 0.875 637
148 0.9375 695
149 0 605
149 0.0625 431
149 0.125 371
149 0.1875 234
149 0.25 188
149 0.3125 128
149 0.375 127
149 0.4375 103
149 0.5 104
149 0.5625 100
149 0.625 135
149 0.6875 251
149 0.75 334
149 0.8125 494
149 0.875 575
149 0.9375 644
150 0 607
150 0.0625 456
150 0.125 318
150 0.1875 232
150 0.25 182
150 0.3125 140
150 0.375 124
150 0.4375 113
150 0.5 99
150 0.5625 106
150 0.625 123
150 0.6875 221
150 0.75 339
150 0.8125 530
150 0.875 611
150 0.9375 630
151 0 551
151 0.0625 475
151 0.125 325
151 0.1875 254
151 0.25 181
151 0.3125 145
151 0.375 101
151 0.4375 102
151 0.5 80
151 0.5625 114
151 0.625 113
151 0.6875 225
151 0.75 333
151 0.8125 497
151 0.875 551
151 0.9375 627
152 0 567
152 0.0625 460
152 0.125 336
152 0.1875 234
152 0.25 150
152 0.3125 129
152 0.375 131
152 0.4375 99
152 0.5 106
152 0.5625 80
152 0.625 115
152 0.6875 218
152 0.75 364
152 0.8125 468
152 0.875 593
152 0.9375 622
153 0 568
153 0.0625 398
153 0.125 326
153 0.1875 233
153 0.25 143
153 0.3125 117
153 0.375 120
153 0.4375 101
153 0.5 101
153 0.5625 93
153 0.625 128
153 0.6875 231
153 0.75 359
153 0.8125 478
153 0.875 564
153 0.9375 561
154 0 559
154 0.0625 409
154 0.125 298
154 0.1875 226
154 0.25 160
154 0.3125 137
154 0.375 104
154 0.4375 95
154 0.5 92
154 0.5625 83
154 0.625 107
154 0.6875 212
154 0.75 323
154 0.8125 461
154 0.875 581
154 0.9375 578
155 0 515
155 0.0625 447
155 0.125 280
155 0.1875 212
155 0.25 165
155 0.3125 127
155 0.375 103
155 0.4375 92
155 0.5 88
155 0.5625 81
155 0.625 146
155 0.6875 206
155 0.75 317
155 0.8125 418
155 0.875 567
155 0.9375 520
156 0 517
156 0.0625 413
156 0.125 313
156 0.1875 229
156 0.25 165
156 0.3125 118
156 0.375 95
156 0.4375 95
156 0.5 88
156 0.5625 90
156 0.625 130
156 0.6875 175
156 0.75 307
156 0.8125 476
156 0.875 534
156 0.9375 568
157 0 476
157 0.0625 396
157 0.125 317
157 0.1875 194
157 0.25 141
157 0.3125 118
157 0.375 98
157 0.4375 92
157 0.5 96
157 0.5625 79
157 0.625 106
157 0.6875 206
157 0.75 311
157 0.8125 449
157 0.875 495
157 0.9375 610
158 0 509
158 0.0625 430
158 0.125 277
158 0.1875 205
158 0.25 146
158 0.3125 125
158 0.375 107
158 0.4375 81
158 0.5 92
158 0.5625 84
158 0.625 100
158 0.6875 201
158 0.75 306
158 0.8125 422
158 0.875 513
158 0.9375 559
159 0 526
159 0.0625 411
159 0.125 284
159 0.1875 236
159 0.25 142
159 0.3125 106
159 0.375 100
159 0.4375 95
159 0.5 86
159 0.5625 84
159 0.625 104
159 0.6875 188
159 0.75 315
159 0.8125 463
159 0.875 532
159 0.9375 563
160 0 490
160 0.0625 386
160 0.125 272
160 0.1875 201
160 0.25 167
160 0.3125 105
160 0.375 107
160 0.4375 78
160 0.5 91
160 0.5625 89
160 0.625 93
160 0.6875 176
160 0.75 287
160 0.8125 456
160 0.875 524
160 0.9375 554
161 0 511
161 0.0625 424
161 0.125 274
161 0.1875 209
161 0.25 167
161 0.3125 112
161 0.375 90
161 0.4375 86
161 0.5 89
161 0.5625 81
161 0.625 122
161 0.6875 194
161 0.75 322
161 0.8125 449
161 0.875 527
161 0.9375 509
162 0 474
162 0.0625 401
162 0.125 288
162 0.1875 198
162 0.25 149
162 0.3125 123
162 0.375 85
162 0.4375 79
162 0.5 96
162 0.5625 93
162 0.625 109
162 0.6875 190
162 0.75 316
162 0.8125 411
162 0.875 507
162 0.9375 540
163 0 471
163 0.0625 368
163 0.125 272
163 0.1875 194
163 0.25 165
163 0.3125 113
163 0.375 103
163 0.4375 113
163 0.5 79
163 0.5625 87
163 0.625 124
163 0.6875 180
163 0.75 298
163 0.8125 453
163 0.875 487
163 0.9375 543
164 0 438
164 0.0625 353
164 0.125 272
164 0.1875 193
164 0.25 142
164 0.3125 100
164 0.375 84
164 0.4375 76
164 0.5 64
164 0.5625 90
164 0.625 123
164 0.6875 171
164 0.75 279
164 0.8125 417
164 0.875 484
164 0.9375 497
165 0 470
165 0.0625 387
165 0.125 280
165 0.1875 171
165 0.25 150
165 0.3125 118
165 0.375 95
165 0.4375 97
165 0.5 82
165 0.5625 81
165 0.625 101
165 0.6875 186
165 0.75 280
165 0.8125 394
165 0.875 471
165 0.9375 540
166 0 487
166 0.0625 381
166 0.125 247
166 0.1875 194
166 0.25 148
166 0.3125 100
166 0.375 76
166 0.4375 82
166 0.5 71
166 0.5625 72
166 0.625 112
166 0.6875 197
166 0.75 319
166 0.8125 416
166 0.875 458
166 0.9375 484
167 0 416
167 0.0625 343
167 0.125 256
167 0.1875 188
167 0.25 160
167 0.3125 106
167 0.375 95
167 0.4375 94
167 0.5 78
167 0.5625 74
167 0.625 101
167 0.6875 184
167 0.75 298
167 0.8125 401
167 0.875 469
167 0.9375 509
168 0 431
168 0.0625 339
168 0.125 269
168 0.1875 157
168 0.25 117
168 0.3125 109
168 0.375 82
168 0.4375 83
168 0.5 91
168 0.5625 83
168 0.625 100
168 0.6875 189
168 0.75 309
168 0.8125 394
168 0.875 467
168 0.9375 471
169 0 430
169 0.0625 368
169 0.125 269
169 0.1875 179
169 0.25 110
169 0.3125 92
169 0.375 78
169 0.4375 83
169 0.5 89
169 0.5625 69
169 0.625 103
169 0.6875 176
169 0.75 285
169 0.8125 386
169 0.875 450
169 0.9375 503
170 0 452
170 0.0625 315
170 0.125 230
170 0.1875 168
170 0.25 127
170 0.3125 93
170 0.375 85
170 0.4375 94
170 0.5 99
170 0.5625 63
170 0.625 88
170 0.6875 157
170 0.75 283
170 0.8125 338
170 0.875 464
170 0.9375 492
171 0 413
171 0.0625 352
171 0.125 220
171 0.1875 167
171 0.25 122
171 0.3125 95
171 0.375 89
171 0.4375 68
171 0.5 78
171 0.5625 61
171 0.625 99
171 0.6875 166
171 0.75 253
171 0.8125 342
171 0.875 435
171 0.9375 444
172 0 409
172 0.0625 294
172 0.125 266
172 0.1875 176
172 0.25 109
172 0.3125 105
172 0.375 86
172 0.4375 65
172 0.5 75
172 0.5625 71
172 0.625 97
172 0.6875 144
172 0.75 263
172 0.8125 347
172 0.875 439
172 0.9375 445
173 0 360
173 0.0625 320
173 0.125 216
173 0.1875 193
173 0.25 140
173 0.3125 83
173 0.375 86
173 0.4375 76
173 0.5 69
173 0.5625 93
173 0.625 94
173 0.6875 155
173 0.75 252
173 0.8125 379
173 0.875 409
173 0.9375 438
174 0 369
174 0.0625 324
174 0.125 215
174 0.1875 147
174 0.25 119
174 0.3125 103
174 0.375 90
174 0.4375 93
174 0.5 66
174 0.5625 54
174 0.625 87
174 0.6875 161
174 0.75 232
174 0.8125 341
174 0.875 418
174 0.9375 398
175 0 400
175 0.0625 290
175 0.125 236
175 0.1875 151
175 0.25 105
175 0.3125 81
175 0.375 65
175 0.4375 78
175 0.5 65
175 0.5625 54
175 0.625 67
175 0.6875 133
175 0.75 241
175 0.8125 335
175 0.875 390
175 0.9375 425
176 0 388
176 0.0625 292
176 0.125 213
176 0.1875 164
176 0.25 120
176 0.3125 98
176 0.375 78
176 0.4375 70
176 0.5 75
176 0.5625 66
176 0.625 100
176 0.6875 138
176 0.75 236
176 0.8125 306
176 0.875 399
176 0.9375 436
177 0 376
177 0.0625 273
177 0.125 218
177 0.1875 134
177 0.25 119
177 0.3125 83
177 0.375 85
177 0.4375 63
177 0.5 72
177 0.5625 61
177 0.625 86
177 0.6875 142
177 0.75 202
177 0.8125 309
177 0.875 378
177 0.9375 421
178 0 359
178 0.0625 278
178 0.125 206
178 0.1875 153
178 0.25 93
178 0.3125 89
178 0.375 68
178 0.4375 65
178 0.5 63
178 0.5625 52
178 0.625 84
178 0.6875 132
178 0.75 250
178 0.8125 287
178 0.875 375
178 0.9375 352
179 0 366
179 0.0625 287
179 0.125 184
179 0.1875 126
179 0.25 112
179 0.3125 81
179 0.375 75
179 0.4375 64
179 0.5 65
179 0.5625 55
179 0.625 106
179 0.6875 134
179 0.75 214
179 0.8125 303
179 0.875 349
179 0.9375 369
180 0 328
180 0.0625 275
180 0.125 204
180 0.1875 128
180 0.25 85
180 0.3125 88
180 0.375 71
180 0.4375 59
180 0.5 53
180 0.5625 54
180 0.625 84
180 0.6875 133
180 0.75 231
180 0.8125 285
180 0.875 336
180 0.9375 367
181 0 341
181 0.0625 272
181 0.125 207
181 0.1875 135
181 0.25 93
181 0.3125 75
181 0.375 66
181 0.4375 57
181 0.5 54
181 0.5625 58
181 0.625 83
181 0.6875 142
181 0.75 216
181 0.8125 285
181 0.875 362
181 0.9375 367
182 0 308
182 0.0625 247
182 0.125 189
182 0.1875 115
182 0.25 107
182 0.3125 65
182 0.375 71
182 0.4375 74
182 0.5 60
182 0.5625 53
182 0.625 82
182 0.6875 152
182 0.75 210
182 0.8125 305
182 0.875 341
182 0.9375 363
183 0 322
183 0.0625 254
183 0.125 186
183 0.1875 139
183 0.25 110
183 0.3125 76
183 0.375 73
183 0.4375 58
183 0.5 58
183 0.5625 54
183 0.625 70
183 0.6875 147
183 0.75 207
183 0.8125 271
183 0.875 380
183 0.9375 356
184 0 342
184 0.0625 261
184 0.125 181
184 0.1875 121
184 0.25 95
184 0.3125 66
184 0.375 70
184 0.4375 58
184 0.5 57
184 0.5625 55
184 0.625 87
184 0.6875 140
184 0.75 196
184 0.8125 284
184 0.875 319
184 0.9375 308
185 0 313
185 0.0625 242
185 0.125 183
185 0.1875 158
185 0.25 108
185 0.3125 73
185 0.375 66
185 0.4375 62
185 0.5 61
185 0.5625 62
185 0.625 86
185 0.6875 121
185 0.75 189
185 0.8125 267
185 0.875 320
185 0.9375 312
186 0 329
186 0.0625 263
186 0.125 160
186 0.1875 122
186 0.25 93
186 0.3125 66
186 0.375 60
186 0.4375 54
186 0.5 62
186 0.5625 45
186 0.625 71
186 0.6875 136
186 0.75 192
186 0.8125 261
186 0.875 318
186 0.9375 310
187 0 299
187 0.0625 212
187 0.125 196
187 0.1875 133
187 0.25 99
187 0.3125 84
187 0.375 62
187 0.4375 64
187 0.5 64
187 0.5625 58
187 0.625 79
187 0.6875 116
187 0.75 187
187 0.8125 273
187 0.875 307
187 0.9375 343
188 0 307
188 0.0625 248
188 0.125 184
188 0.1875 134
188 0.25 85
188 0.3125 68
188 0.375 72
188 0.4375 63
188 0.5 43
188 0.5625 58
188 0.625 83
188 0.6875 120
188 0.75 189
188 0.8125 277
188 0.875 290
188 0.9375 349
189 0 281
189 0.0625 239
189 0.125 185
189 0.1875 118
189 0.25 79
189 0.3125 60
189 0.375 58
189 0.4375 56
189 0.5 59
189 0.5625 49
189 0.625 75
189 0.6875 118
189 0.75 199
189 0.8125 269
189 0.875 285
189 0.9375 314
190 0 293
190 0.0625 213
190 0.125 162
190 0.1875 118
190 0.25 89
190 0.3125 62
190 0.375 63
190 0.4375 49
190 0.5 47
190 0.5625 55
190 0.625 84
190 0.6875 118
190 0.75 190
190 0.8125 257
190 0.875 297
190 0.9375 309
191 0 248
191 0.0625 225
191 0.125 152
191 0.1875 111
191 0.25 77
191 0.3125 65
191 0.375 59
191 0.4375 63
191 0.5 56
191 0.5625 70
191 0.625 78
191 0.6875 108
191 0.75 195
191 0.8125 285
191 0.875 322
191 0.9375 278
192 0 266
192 0.0625 220
192 0.125 141
192 0.1875 113
192 0.25 94
192 0.3125 54
192 0.375 60
192 0.4375 58
192 0.5 54
192 0.5625 59
192 0.625 69
192 0.6875 121
192 0.75 178
192 0.8125 232
192 0.875 299
192 0.9375 315
193 0 273
193 0.0625 203
193 0.125 137
193 0.1875 104
193 0.25 62
193 0.3125 70
193 0.375 49
193 0.4375 46
193 0.5 49
193 0.5625 46
193 0.625 75
193 0.6875 133
193 0.75 200
193 0.8125 257
193 0.875 297
193 0.9375 281
194 0 273
194 0.0625 199
194 0.125 163
194 0.1875 98
194 0.25 101
194 0.3125 62
194 0.375 55
194 0.4375 56
194 0.5 44
194 0.5625 51
194 0.625 83
194 0.6875 96
194 0.75 167
194 0.8125 249
194 0.875 297
194 0.9375 275
195 0 244
195 0.0625 219
195 0.125 161
195 0.1875 107
195 0.25 71
195 0.3125 69
195 0.375 71
195 0.4375 41
195 0.5 46
195 0.5625 58
195 0.625 60
195 0.6875 108
195 0.75 168
195 0.8125 256
195 0.875 280
195 0.9375 279
196 0 210
196 0.0625 182
196 0.125 134
196 0.1875 106
196 0.25 80
196 0.3125 74
196 0.375 57
196 0.4375 51
196 0.5 62
196 0.5625 44
196 0.625 71
196 0.6875 92
196 0.75 167
196 0.8125 233
196 0.875 262
196 0.9375 273
197 0 246
197 0.0625 186
197 0.125 148
197 0.1875 104
197 0.25 83
197 0.3125 73
197 0.375 52
197 0.4375 53
197 0.5 53
197 0.5625 61
197 0.625 70
197 0.6875 118
197 0.75 169
197 0.8125 230
197 0.875 254
197 0.9375 290
198 0 267
198 0.0625 198
198 0.125 142
198 0.1875 96
198 0.25 69
198 0.3125 64
198 0.375 54
198 0.4375 44
198 0.5 58
198 0.5625 59
198 0.625 60
198 0.6875 110
198 0.75 161
198 0.8125 244
198 0.875 273
198 0.9375 292
199 0 269
199 0.0625 193
199 0.125 164
199 0.1875 107
199 0.25 62
199 0.3125 50
199 0.375 56
199 0.4375 46
199 0.5 44
199 0.5625 47
199 0.625 71
199 0.6875 106
199 0.75 169
199 0.8125 189
199 0.875 269
199 0.9375 267
200 0 244
200 0.0625 167
200 0.125 118
200 0.1875 92
200 0.25 73
200 0.3125 62
200 0.375 56
200 0.4375 48
200 0.5 52
200 0.5625 59
200 0.625 63
200 0.6875 119
200 0.75 180
200 0.8125 204
200 0.875 239
200 0.9375 281
201 0 225
201 0.0625 174
201 0.125 144
201 0.1875 101
201 0.25 73
201 0.3125 71
201 0.375 60
201 0.4375 51
201 0.5 44
201 0.5625 47
201 0.625 50
201 0.6875 102
201 0.75 148
201 0.8125 184
201 0.875 261
201 0.9375 252
202 0 217
202 0.0625 190
202 0.125 120
202 0.1875 100
202 0.25 54
202 0.3125 65
202 0.375 56
202 0.4375 37
202 0.5 53
202 0.5625 48
202 0.625 56
202 0.6875 95
202 0.75 164
202 0.8125 206
202 0.875 262
202 0.9375 220
203 0 227
203 0.0625 162
203 0.125 116
203 0.1875 96
203 0.25 63
203 0.3125 58
203 0.375 55
203 0.4375 44
203 0.5 47
203 0.5625 54
203 0.625 56
203 0.6875 108
203 0.75 145
203 0.8125 193
203 0.875 231
203 0.9375 244
204 0 198
204 0.0625 182
204 0.125 115
204 0.1875 89
204 0.25 70
204 0.3125 60
204 0.375 45
204 0.4375 54
204 0.5 39
204 0.5625 46
204 0.625 59
204 0.6875 94
204 0.75 150
204 0.8125 223
204 0.875 222
204 0.9375 251
205 0 210
205 0.0625 165
205 0.125 106
205 0.1875 93
205 0.25 55
205 0.3125 54
205 0.375 54
205 0.4375 57
205 0.5 50
205 0.5625 47
205 0.625 63
205 0.6875 85
205 0.75 149
205 0.8125 194
205 0.875 217
205 0.9375 235
206 0 198
206 0.0625 142
206 0.125 101
206 0.1875 92
206 0.25 80
206 0.3125 57
206 0.375 42
206 0.4375 50
206 0.5 48
206 0.5625 43
206 0.625 61
206 0.6875 79
206 0.75 133
206 0.8125 200
206 0.875 227
206 0.9375 212
207 0 185
207 0.0625 173
207 0.125 105
207 0.1875 80
207 0.25 58
207 0.3125 48
207 0.375 44
207 0.4375 42
207 0.5 42
207 0.5625 47
207 0.625 58
207 0.6875 85
207 0.75 139
207 0.8125 202
207 0.875 222
207 0.9375 221
208 0 194
208 0.0625 136
208 0.125 118
208 0.1875 65
208 0.25 69
208 0.3125 50
208 0.375 52
208 0.4375 40
208 0.5 42
208 0.5625 45
208 0.625 46
208 0.6875 86
208 0.75 123
208 0.8125 190
208 0.875 200
208 0.9375 209
209 0 182
209 0.0625 149
209 0.125 91
209 0.1875 100
209 0.25 46
209 0.3125 35
209 0.375 49
209 0.4375 34
209 0.5 40
209 0.5625 37
209 0.625 64
209 0.6875 81
209 0.75 122
209 0.8125 166
209 0.875 180
209 0.9375 202
210 0 177
210 0.0625 146
210 0.125 90
210 0.1875 72
210 0.25 53
210 0.3125 54
210 0.375 45
210 0.4375 37
210 0.5 28
210 0.5625 40
210 0.625 60
210 0.6875 63
210 0.75 123
210 0.8125 148
210 0.875 165
210 0.9375 214
211 0 157
211 0.0625 155
211 0.125 94
211 0.1875 73
211 0.25 46
211 0.3125 40
211 0.375 24
211 0.4375 36
211 0.5 38
211 0.5625 39
211 0.625 49
211 0.6875 81
211 0.75 111
211 0.8125 136
211 0.875 193
211 0.9375 183
212 0 167
212 0.0625 130
212 0.125 86
212 0.1875 62
212 0.25 62
212 0.3125 42
212 0.375 38
212 0.4375 37
212 0.5 26
212 0.5625 29
212 0.625 34
212 0.6875 63
212 0.75 116
212 0.8125 151
212 0.875 173
212 0.9375 189
213 0 154
213 0.0625 108
213 0.125 82
213 0.1875 63
213 0.25 52
213 0.3125 43
213 0.375 41
213 0.4375 38
213 0.5 44
213 0.5625 36
213 0.625 46
213 0.6875 62
213 0.75 90
213 0.8125 131
213 0.875 154
213 0.9375 171
214 0 148
214 0.0625 109
214 0.125 86
214 0.1875 63
214 0.25 46
214 0.3125 41
214 0.375 39
214 0.4375 29
214 0.5 28
214 0.5625 35
214 0.625 36
214 0.6875 66
214 0.75 101
214 0.8125 114
214 0.875 155
214 0.9375 143
215 0 152
215 0.0625 106
215 0.125 75
215 0.1875 42
215 0.25 50
215 0.3125 29
215 0.375 24
215 0.4375 37
215 0.5 29
215 0.5625 27
215 0.625 43
215 0.6875 51
215 0.75 111
215 0.8125 114
215 0.875 133
215 0.9375 140
216 0 149
216 0.0625 96
216 0.125 70
216 0.1875 57
216 0.25 37
216 0.3125 30
216 0.375 33
216 0.4375 33
216 0.5 22
216 0.5625 34
216 0.625 30
216 0.6875 46
216 0.75 80
216 0.8125 100
216 0.875 121
216 0.9375 130
217 0 94
217 0.0625 109
217 0.125 57
217 0.1875 47
217 0.25 38
217 0.3125 24
217 0.375 40
217 0.4375 16
217 0.5 32
217 0.5625 33
217 0.625 26
217 0.6875 62
217 0.75 85
217 0.8125 119
217 0.875 131
217 0.9375 131
218 0 113
218 0.0625 66
218 0.125 71
218 0.1875 31
218 0.25 34
218 0.3125 39
218 0.375 23
218 0.4375 24
218 0.5 20
218 0.5625 32
218 0.625 36
218 0.6875 52
218 0.75 69
218 0.8125 108
218 0.875 116
218 0.9375 116
219 0 120
219 0.0625 85
219 0.125 59
219 0.1875 39
219 0.25 33
219 0.3125 28
219 0.375 21
219 0.4375 29
219 0.5 25
219 0.5625 22
219 0.625 35
219 0.6875 49
219 0.75 67
219 0.8125 109
219 0.875 110
219 0.9375 130
220 0 110
220 0.0625 74
220 0.125 69
220 0.1875 48
220 0.25 34
220 0.3125 32
220 0.375 22
220 0.4375 28
220 0.5 15
220 0.5625 18
220 0.625 20
220 0.6875 33
220 0.75 70
220 0.8125 78
220 0.875 118
220 0.9375 104
221 0 109
221 0.0625 80
221 0.125 45
221 0.1875 29
221 0.25 40
221 0.3125 27
221 0.375 23
221 0.4375 19
221 0.5 19
221 0.5625 22
221 0.625 27
221 0.6875 43
221 0.75 66
221 0.8125 83
221 0.875 100
221 0.9375 110
222 0 96
222 0.0625 64
222 0.125 43
222 0.1875 38
222 0.25 39
222 0.3125 24
222 0.375 34
222 0.4375 21
222 0.5 23
222 0.5625 27
222 0.625 26
222 0.6875 43
222 0.75 75
222 0.8125 69
222 0.875 87
222 0.9375 99
223 0 84
223 0.0625 72
223 0.125 53
223 0.1875 34
223 0.25 30
223 0.3125 28
223 0.375 25
223 0.4375 16
223 0.5 17
223 0.5625 27
223 0.625 27
223 0.6875 48
223 0.75 68
223 0.8125 81
223 0.875 92
223 0.9375 90
224 0 94
224 0.0625 67
224 0.125 33
224 0.1875 37
224 0.25 35
224 0.3125 31
224 0.375 21
224 0.4375 15
224 0.5 18
224 0.5625 22
224 0.625 25
224 0.6875 38
224 0.75 66
224 0.8125 88
224 0.875 98
224 0.9375 94
225 0 93
225 0.0625 76
225 0.125 54
225 0.1875 25
225 0.25 32
225 0.3125 32
225 0.375 19
225 0.4375 14
225 0.5 22
225 0.5625 16
225 0.625 21
225 0.6875 50
225 0.75 57
225 0.8125 92
225 0.875 95
225 0.9375 102
226 0 76
226 0.0625 54
226 0.125 63
226 0.1875 35
226 0.25 30
226 0.3125 19
226 0.375 17
226 0.4375 14
226 0.5 15
226 0.5625 26
226 0.625 20
226 0.6875 36
226 0.75 50
226 0.8125 79
226 0.875 110
226 0.9375 88
227 0 89
227 0.0625 49
227 0.125 42
227 0.1875 48
227 0.25 26
227 0.3125 26
227 0.375 19
227 0.4375 24
227 0.5 14
227 0.5625 27
227 0.625 33
227 0.6875 34
227 0.75 51
227 0.8125 91
227 0.875 99
227 0.9375 75
228 0 71
228 0.0625 76
228 0.125 47
228 0.1875 26
228 0.25 25
228 0.3125 28
228 0.375 21
228 0.4375 13
228 0.5 25
228 0.5625 26
228 0.625 21
228 0.6875 46
228 0.75 53
228 0.8125 79
228 0.875 85
228 0.9375 95
229 0 60
229 0.0625 53
229 0.125 41
229 0.1875 38
229 0.25 27
229 0.3125 20
229 0.375 23
229 0.4375 27
229 0.5 16
229 0.5625 19
229 0.625 23
229 0.6875 48
229 0.75 52
229 0.8125 78
229 0.875 99
229 0.9375 100
230 0 72
230 0.0625 65
230 0.125 47
230 0.1875 33
230 0.25 31
230 0.3125 32
230 0.375 27
230 0.4375 24
230 0.5 18
230 0.5625 23
230 0.625 25
230 0.6875 30
230 0.75 57
230 0.8125 64
230 0.875 104
230 0.9375 84
231 0 70
231 0.0625 62
231 0.125 47
231 0.1875 35
231 0.25 33
231 0.3125 20
231 0.375 15
231 0.4375 28
231 0.5 19
231 0.5625 19
231 0.625 31
231 0.6875 42
231 0.75 51
231 0.8125 54
231 0.875 83
231 0.9375 91
232 0 74
232 0.0625 63
232 0.125 37
232 0.1875 32
232 0.25 27
232 0.3125 17
232 0.375 23
232 0.4375 19
232 0.5 17
232 0.5625 17
232 0.625 25
232 0.6875 23
232 0.75 55
232 0.8125 73
232 0.875 93
232 0.9375 93
233 0 78
233 0.0625 75
233 0.125 46
233 0.1875 43
233 0.25 23
233 0.3125 29
233 0.375 18
233 0.4375 25
233 0.5 24
233 0.5625 18
233 0.625 23
233 0.6875 35
233 0.75 49
233 0.8125 73
233 0.875 107
233 0.9375 85
234 0 79
234 0.0625 57
234 0.125 49
234 0.1875 41
234 0.25 20
234 0.3125 31
234 0.375 22
234 0.4375 22
234 0.5 27
234 0.5625 22
234 0.625 30
234 0.6875 39
234 0.75 59
234 0.8125 73
234 0.875 90
234 0.9375 89
235 0 80
235 0.0625 57
235 0.125 51
235 0.1875 29
235 0.25 26
235 0.3125 24
235 0.375 18
235 0.4375 18
235 0.5 23
235 0.5625 20
235 0.625 24
235 0.6875 41
235 0.75 56
235 0.8125 81
235 0.875 70
235 0.9375 88
236 0 66
236 0.0625 53
236 0.125 46
236 0.1875 40
236 0.25 20
236 0.3125 25
236 0.375 18
236 0.4375 25
236 0.5 13
236 0.5625 17
236 0.625 20
236 0.6875 42
236 0.75 54
236 0.8125 73
236 0.875 90
236 0.9375 101
237 0 83
237 0.0625 57
237 0.125 49
237 0.1875 31
237 0.25 26
237 0.3125 23
237 0.375 19
237 0.4375 18
237 0.5 13
237 0.5625 13
237 0.625 24
237 0.6875 35
237 0.75 59
237 0.8125 68
237 0.875 83
237 0.9375 59
238 0 66
238 0.0625 58
238 0.125 37
238 0.1875 33
238 0.25 29
238 0.3125 27
238 0.375 15
238 0.4375 19
238 0.5 12
238 0.5625 17
238 0.625 36
238 0.6875 40
238 0.75 58
238 0.8125 67
238 0.875 78
238 0.9375 83
239 0 75
239 0.0625 56
239 0.125 31
239 0.1875 24
239 0.25 29
239 0.3125 9
239 0.375 20
239 0.4375 21
239 0.5 19
239 0.5625 25
239 0.625 26
239 0.6875 30
239 0.75 57
239 0.8125 78
239 0.875 84
239 0.9375 76
240 0 70
240 0.0625 51
240 0.125 42
240 0.1875 43
240 0.25 20
240 0.3125 19
240 0.375 21
240 0.4375 22
240 0.5 21
240 0.5625 27
240 0.625 26
240 0.6875 42
240 0.75 59
240 0.8125 73
240 0.875 84
240 0.9375 70
241 0 69
241 0.0625 55
241 0.125 46
241 0.1875 23
241 0.25 25
241 0.3125 18
241 0.375 17
241 0.4375 19
241 0.5 20
241 0.5625 23
241 0.625 29
241 0.6875 38
241 0.75 43
241 0.8125 67
241 0.875 71
241 0.9375 87
242 0 57
242 0.0625 60
242 0.125 45
242 0.1875 35
242 0.25 24
242 0.3125 22
242 0.375 29
242 0.4375 33
242 0.5 22
242 0.5625 17
242 0.625 26
242 0.6875 32
242 0.75 46
242 0.8125 72
242 0.875 84
242 0.9375 74
243 0 71
243 0.0625 45
243 0.125 33
243 0.1875 27
243 0.25 18
243 0.3125 22
243 0.375 15
243 0.4375 18
243 0.5 18
243 0.5625 16
243 0.625 31
243 0.6875 28
243 0.75 49
243 0.8125 61
243 0.875 94
243 0.9375 74
244 0 85
244 0.0625 48
244 0.125 41
244 0.1875 23
244 0.25 21
244 0.3125 23
244 0.375 16
244 0.4375 25
244 0.5 17
244 0.5625 19
244 0.625 14
244 0.6875 32
244 0.75 52
244 0.8125 70
244 0.875 81
244 0.9375 91
245 0 63
245 0.0625 49
245 0.125 34
245 0.1875 32
245 0.25 35
245 0.3125 29
245 0.375 25
245 0.4375 20
245 0.5 13
245 0.5625 22
245 0.625 23
245 0.6875 40
245 0.75 40
245 0.8125 78
245 0.875 74
245 0.9375 87
246 0 69
246 0.0625 58
246 0.125 35
246 0.1875 35
246 0.25 29
246 0.3125 20
246 0.375 33
246 0.4375 22
246 0.5 25
246 0.5625 16
246 0.625 22
246 0.6875 32
246 0.75 52
246 0.8125 64
246 0.875 59
246 0.9375 83
247 0 73
247 0.0625 47
247 0.125 44
247 0.1875 25
247 0.25 29
247 0.3125 14
247 0.375 24
247 0.4375 15
247 0.5 19
247 0.5625 19
247 0.625 24
247 0.6875 29
247 0.75 46
247 0.8125 57
247 0.875 78
247 0.9375 78
248 0 66
248 0.0625 51
248 0.125 41
248 0.1875 37
248 0.25 24
248 0.3125 21
248 0.375 18
248 0.4375 21
248 0.5 19
248 0.5625 19
248 0.625 19
248 0.6875 36
248 0.75 42
248 0.8125 60
248 0.875 75
248 0.9375 69
249 0 67
249 0.0625 49
249 0.125 38
249 0.1875 34
249 0.25 20
249 0.3125 21
249 0.375 14
249 0.4375 17
249 0.5 16
249 0.5625 16
249 0.625 19
249 0.6875 32
249 0.75 48
249 0.8125 65
249 0.875 73
249 0.9375 83
250 0 52
250 0.0625 41
250 0.125 46
250 0.1875 31
250 0.25 30
250 0.3125 23
250 0.375 22
250 0.4375 12
250 0.5 19
250 0.5625 27
250 0.625 23
250 0.6875 29
250 0.75 36
250 0.8125 58
250 0.875 82
250 0.9375 81
251 0 77
251 0.0625 49
251 0.125 27
251 0.1875 28
251 0.25 25
251 0.3125 26
251 0.375 18
251 0.4375 19
251 0.5 10
251 0.5625 21
251 0.625 27
251 0.6875 25
251 0.75 47
251 0.8125 62
251 0.875 71
251 0.9375 55
252 0 63
252 0.0625 50
252 0.125 39
252 0.1875 29
252 0.25 32
252 0.3125 20
252 0.375 18
252 0.4375 22
252 0.5 17
252 0.5625 24
252 0.625 33
252 0.6875 36
252 0.75 58
252 0.8125 59
252 0.875 68
252 0.9375 90
253 0 54
253 0.0625 45
253 0.125 38
253 0.1875 36
253 0.25 25
253 0.3125 19
253 0.375 20
253 0.4375 24
253 0.5 9
253 0.5625 21
253 0.625 20
253 0.6875 39
253 0.75 50
253 0.8125 44
253 0.875 66
253 0.9375 59
254 0 63
254 0.0625 47
254 0.125 34
254 0.1875 25
254 0.25 16
254 0.3125 24
254 0.375 14
254 0.4375 18
254 0.5 18
254 0.5625 22
254 0.625 26
254 0.6875 30
254 0.75 55
254 0.8125 50
254 0.875 70
254 0.9375 62
255 0 59
255 0.0625 56
255 0.125 35
255 0.1875 26
255 0.25 22
255 0.3125 22
255 0.375 15
255 0.4375 16
255 0.5 13
255 0.5625 18
255 0.625 21
255 0.6875 32
255 0.75 43
255 0.8125 63
255 0.875 79
255 0.9375 88
256 0 63
256 0.0625 48
256 0.125 27
256 0.1875 26
256 0.25 23
256 0.3125 12
256 0.375 20
256 0.4375 21
256 0.5 15
256 0.5625 23
256 0.625 26
256 0.6875 26
256 0.75 41
256 0.8125 52
256 0.875 54
256 0.9375 64
257 0 64
257 0.0625 58
257 0.125 38
257 0.1875 32
257 0.25 19
257 0.3125 26
257 0.375 16
257 0.4375 15
257 0.5 10
257 0.5625 15
257 0.625 20
257 0.6875 29
257 0.75 44
257 0.8125 66
257 0.875 59
257 0.9375 68
258 0 58
258 0.0625 32
258 0.125 35
258 0.1875 27
258 0.25 21
258 0.3125 21
258 0.375 23
258 0.4375 19
258 0.5 17
258 0.5625 16
258 0.625 25
258 0.6875 33
258 0.75 35
258 0.8125 45
258 0.875 61
258 0.9375 68
259 0 58
259 0.0625 50
259 0.125 32
259 0.1875 33
259 0.25 27
259 0.3125 21
259 0.375 10
259 0.4375 15
259 0.5 14
259 0.5625 15
259 0.625 25
259 0.6875 31
259 0.75 47
259 0.8125 55
259 0.875 59
259 0.9375 66
260 0 53
260 0.0625 38
260 0.125 45
260 0.1875 30
260 0.25 22
260 0.3125 24
260 0.375 9
260 0.4375 20
260 0.5 19
260 0.5625 19
260 0.625 15
260 0.6875 25
260 0.75 48
260 0.8125 66
260 0.875 55
260 0.9375 73
261 0 56
261 0.0625 36
261 0.125 32
261 0.1875 20
261 0.25 19
261 0.3125 19
261 0.375 13
261 0.4375 21
261 0.5 15
261 0.5625 18
261 0.625 10
261 0.6875 23
261 0.75 43
261 0.8125 50
261 0.875 55
261 0.9375 60
262 0 68
262 0.0625 43
262 0.125 35
262 0.1875 21
262 0.25 24
262 0.3125 17
262 0.375 21
262 0.4375 18
262 0.5 18
262 0.5625 19
262 0.625 13
262 0.6875 32
262 0.75 34
262 0.8125 37
262 0.875 64
262 0.9375 61
263 0 45
263 0.0625 41
263 0.125 24
263 0.1875 34
263 0.25 21
263 0.3125 21
263 0.375 19
263 0.4375 15
263 0.5 23
263 0.5625 17
263 0.625 16
263 0.6875 34
263 0.75 36
263 0.8125 38
263 0.875 60
263 0.9375 53
264 0 52
264 0.0625 38
264 0.125 32
264 0.1875 23
264 0.25 23
264 0.3125 17
264 0.375 21
264 0.4375 17
264 0.5 19
264 0.5625 17
264 0.625 18
264 0.6875 36
264 0.75 33
264 0.8125 63
264 0.875 59
264 0.9375 61
265 0 47
265 0.0625 38
265 0.125 21
265 0.1875 19
265 0.25 27
265 0.3125 18
265 0.375 12
265 0.4375 16
265 0.5 20
265 0.5625 10
265 0.625 17
265 0.6875 33
265 0.75 46
265 0.8125 46
265 0.875 54
265 0.9375 52
266 0 54
266 0.0625 40
266 0.125 29
266 0.1875 21
266 0.25 27
266 0.3125 17
266 0.375 14
266 0.4375 22
266 0.5 15
266 0.5625 14
266 0.625 12
266 0.6875 30
266 0.75 32
266 0.8125 50
266 0.875 60
266 0.9375 55
267 0 47
267 0.0625 45
267 0.125 26
267 0.1875 12
267 0.25 23
267 0.3125 17
267 0.375 11
267 0.4375 13
267 0.5 22
267 0.5625 20
267 0.625 18
267 0.6875 23
267 0.75 35
267 0.8125 41
267 0.875 50
267 0.9375 41
268 0 44
268 0.0625 47
268 0.125 40
268 0.1875 17
268 0.25 17
268 0.3125 18
268 0.375 20
268 0.4375 26
268 0.5 11
268 0.5625 10
268 0.625 24
268 0.6875 25
268 0.75 44
268 0.8125 43
268 0.875 55
268 0.9375 64
269 0 49
269 0.0625 40
269 0.125 34
269 0.1875 26
269 0.25 17
269 0.3125 15
269 0.375 16
269 0.4375 16
269 0.5 11
269 0.5625 13
269 0.625 21
269 0.6875 37
269 0.75 35
269 0.8125 62
269 0.875 35
269 0.9375 53
270 0 40
270 0.0625 30
270 0.125 34
270 0.1875 27
270 0.25 22
270 0.3125 17
270 0.375 19
270 0.4375 16
270 0.5 13
270 0.5625 17
270 0.625 18
270 0.6875 26
270 0.75 35
270 0.8125 39
270 0.875 57
270 0.9375 61
271 0 47
271 0.0625 39
271 0.125 26
271 0.1875 24
271 0.25 22
271 0.3125 14
271 0.375 15
271 0.4375 19
271 0.5 23
271 0.5625 13
271 0.625 16
271 0.6875 30
271 0.75 41
271 0.8125 33
271 0.875 56
271 0.9375 50
272 0 51
272 0.0625 44
272 0.125 27
272 0.1875 21
272 0.25 19
272 0.3125 9
272 0.375 11
272 0.4375 13
272 0.5 18
272 0.5625 10
272 0.625 22
272 0.6875 25
272 0.75 38
272 0.8125 49
272 0.875 50
272 0.9375 49
273 0 41
273 0.0625 38
273 0.125 32
273 0.1875 24
273 0.25 25
273 0.3125 19
273 0.375 11
273 0.4375 12
273 0.5 7
273 0.5625 7
273 0.625 20
273 0.6875 26
273 0.75 36
273 0.8125 47
273 0.875 47
273 0.9375 44
274 0 53
274 0.0625 27
274 0.125 27
274 0.1875 24
274 0.25 20
274 0.3125 24
274 0.375 10
274 0.4375 13
274 0.5 14
274 0.5625 9
274 0.625 13
274 0.6875 28
274 0.75 33
274 0.8125 48
274 0.875 42
274 0.9375 56
275 0 40
275 0.0625 42
275 0.125 20
275 0.1875 21
275 0.25 17
275 0.3125 17
275 0.375 17
275 0.4375 17
275 0.5 11
275 0.5625 15
275 0.625 15
275 0.6875 17
275 0.75 37
275 0.8125 38
275 0.875 51
275 0.9375 54
276 0 42
276 0.0625 39
276 0.125 27
276 0.1875 18
276 0.25 24
276 0.3125 13
276 0.375 13
276 0.4375 17
276 0.5 11
276 0.5625 11
276 0.625 22
276 0.6875 21
276 0.75 35
276 0.8125 44
276 0.875 56
276 0.9375 52
277 0 35
277 0.0625 28
277 0.125 24
277 0.1875 23
277 0.25 15
277 0.3125 11
277 0.375 18
277 0.4375 14
277 0.5 18
277 0.5625 21
277 0.625 16
277 0.6875 22
277 0.75 31
277 0.8125 58
277 0.875 37
277 0.9375 59
278 0 47
278 0.0625 25
278 0.125 21
278 0.1875 21
278 0.25 12
278 0.3125 14
278 0.375 20
278 0.4375 20
278 0.5 12
278 0.5625 11
278 0.625 22
278 0.6875 24
278 0.75 26
278 0.8125 54
278 0.875 55
278 0.9375 64
279 0 39
279 0.0625 36
279 0.125 37
279 0.1875 19
279 0.25 24
279 0.3125 23
279 0.375 17
279 0.4375 20
279 0.5 14
279 0.5625 25
279 0.625 25
279 0.6875 26
279 0.75 32
279 0.8125 30
279 0.875 53
279 0.9375 37
280 0 53
280 0.0625 34
280 0.125 27
280 0.1875 22
280 0.25 14
280 0.3125 18
280 0.375 13
280 0.4375 21
280 0.5 15
280 0.5625 15
280 0.625 19
280 0.6875 20
280 0.75 34
280 0.8125 43
280 0.875 50
280 0.9375 41
281 0 38
281 0.0625 34
281 0.125 21
281 0.1875 16
281 0.25 14
281 0.3125 17
281 0.375 17
281 0.4375 17
281 0.5 17
281 0.5625 13
281 0.625 9
281 0.6875 29
281 0.75 34
281 0.8125 40
281 0.875 37
281 0.9375 41
282 0 46
282 0.0625 29
282 0.125 28
282 0.1875 22
282 0.25 16
282 0.3125 17
282 0.375 16
282 0.4375 14
282 0.5 15
282 0.5625 11
282 0.625 16
282 0.6875 32
282 0.75 35
282 0.8125 36
282 0.875 41
282 0.9375 37
283 0 41
283 0.0625 30
283 0.125 25
283 0.1875 14
283 0.25 14
283 0.3125 13
283 0.375 13
283 0.4375 21
283 0.5 22
283 0.5625 11
283 0.625 10
283 0.6875 29
283 0.75 40
283 0.8125 35
283 0.875 59
283 0.9375 44
284 0 26
284 0.0625 33
284 0.125 27
284 0.1875 15
284 0.25 12
284 0.3125 18
284 0.375 9
284 0.4375 17
284 0.5 14
284 0.5625 14
284 0.625 13
284 0.6875 16
284 0.75 30
284 0.8125 24
284 0.875 46
284 0.9375 46
285 0 31
285 0.0625 34
285 0.125 34
285 0.1875 17
285 0.25 12
285 0.3125 17
285 0.375 25
285 0.4375 10
285 0.5 18
285 0.5625 19
285 0.625 15
285 0.6875 26
285 0.75 42
285 0.8125 47
285 0.875 43
285 0.9375 53
286 0 49
286 0.0625 29
286 0.125 25
286 0.1875 20
286 0.25 12
286 0.3125 12
286 0.375 18
286 0.4375 14
286 0.5 13
286 0.5625 18
286 0.625 17
286 0.6875 21
286 0.75 31
286 0.8125 44
286 0.875 36
286 0.9375 33
287 0 39
287 0.0625 21
287 0.125 24
287 0.1875 26
287 0.25 14
287 0.3125 10
287 0.375 17
287 0.4375 9
287 0.5 12
287 0.5625 11
287 0.625 25
287 0.6875 23
287 0.75 34
287 0.8125 51
287 0.875 32
287 0.9375 49
288 0 37
288 0.0625 30
288 0.125 22
288 0.1875 14
288 0.25 14
288 0.3125 8
288 0.375 16
288 0.4375 16
288 0.5 12
288 0.5625 16
288 0.625 13
288 0.6875 22
288 0.75 35
288 0.8125 52
288 0.875 41
288 0.9375 37
289 0 30
289 0.0625 22
289 0.125 27
289 0.1875 23
289 0.25 18
289 0.3125 16
289 0.375 16
289 0.4375 10
289 0.5 8
289 0.5625 25
289 0.625 18
289 0.6875 18
289 0.75 21
289 0.8125 42
289 0.875 36
289 0.9375 36
290 0 38
290 0.0625 28
290 0.125 18
290 0.1875 16
290 0.25 22
290 0.3125 12
290 0.375 13
290 0.4375 16
290 0.5 15
290 0.5625 11
290 0.625 13
290 0.6875 14
290 0.75 29
290 0.8125 32
290 0.875 47
290 0.9375 41
291 0 23
291 0.0625 35
291 0.125 27
291 0.1875 14
291 0.25 14
291 0.3125 15
291 0.375 13
291 0.4375 14
291 0.5 11
291 0.5625 10
291 0.625 14
291 0.6875 24
291 0.75 32
291 0.8125 33
291 0.875 44
291 0.9375 54
292 0 27
292 0.0625 28
292 0.125 22
292 0.1875 20
292 0.25 18
292 0.3125 14
292 0.375 17
292 0.4375 11
292 0.5 17
292 0.5625 14
292 0.625 18
292 0.6875 18
292 0.75 21
292 0.8125 35
292 0.875 48
292 0.9375 40
293 0 38
293 0.0625 24
293 0.125 20
293 0.1875 16
293 0.25 16
293 0.3125 22
293 0.375 13
293 0.4375 13
293 0.5 16
293 0.5625 17
293 0.625 18
293 0.6875 24
293 0.75 27
293 0.8125 37
293 0.875 38
293 0.9375 45
294 0 32
294 0.0625 26
294 0.125 30
294 0.1875 22
294 0.25 14
294 0.3125 15
294 0.375 9
294 0.4375 8
294 0.5 15
294 0.5625 17
294 0.625 18
294 0.6875 17
294 0.75 27
294 0.8125 44
294 0.875 36
294 0.9375 39
295 0 43
295 0.0625 29
295 0.125 27
295 0.1875 17
295 0.25 17
295 0.3125 12
295 0.375 22
295 0.4375 8
295 0.5 20
295 0.5625 10
295 0.625 12
295 0.6875 17
295 0.75 31
295 0.8125 32
295 0.875 36
295 0.9375 34
296 0 33
296 0.0625 18
296 0.125 20
296 0.1875 21
296 0.25 16
296 0.3125 12
296 0.375 18
296 0.4375 14
296 0.5 12
296 0.5625 10
296 0.625 19
296 0.6875 17
296 0.75 23
296 0.8125 33
296 0.875 41
296 0.9375 44
297 0 33
297 0.0625 29
297 0.125 25
297 0.1875 18
297 0.25 13
297 0.3125 17
297 0.375 11
297 0.4375 12
297 0.5 6
297 0.5625 11
297 0.625 9
297 0.6875 20
297 0.75 23
297 0.8125 35
297 0.875 33
297 0.9375 38
298 0 22
298 0.0625 22
298 0.125 18
298 0.1875 12
298 0.25 12
298 0.3125 16
298 0.375 12
298 0.4375 7
298 0.5 16
298 0.5625 10
298 0.625 16
298 0.6875 18
298 0.75 34
298 0.8125 31
298 0.875 38
298 0.9375 31
299 0 32
299 0.0625 21
299 0.125 24
299 0.1875 22
299 0.25 14
299 0.3125 7
299 0.375 5
299 0.4375 7
299 0.5 9
299 0.5625 12
299 0.625 20
299 0.6875 19
299 0.75 23
299 0.8125 37
299 0.875 33
299 0.9375 31
300 0 38
300 0.0625 22
300 0.125 24
300 0.1875 15
300 0.25 17
300 0.3125 20
300 0.375 8
300 0.4375 13
300 0.5 10
300 0.5625 11
300 0.625 15
300 0.6875 22
300 0.75 32
300 0.8125 33
300 0.875 30
300 0.9375 31
