1 0 479
1 0.0625 446
1 0.125 428
1 0.1875 437
1 0.25 424
1 0.3125 455
1 0.375 431
1 0.4375 424
1 0.5 409
1 0.5625 405
1 0.625 401
1 0.6875 447
1 0.75 465
1 0.8125 444
1 0.875 435
1 0.9375 421
2 0 531
2 0.0625 538
2 0.125 561
2 0.1875 500
2 0.25 495
2 0.3125 521
2 0.375 525
2 0.4375 489
2 0.5 459
2 0.5625 485
2 0.625 491
2 0.6875 468
2 0.75 498
2 0.8125 489
2 0.875 533
2 0.9375 546
3 0 611
3 0.0625 615
3 0.125 571
3 0.1875 552
3 0.25 587
3 0.3125 560
3 0.375 553
3 0.4375 586
3 0.5 542
3 0.5625 560
3 0.625 567
3 0.6875 571
3 0.75 548
3 0.8125 561
3 0.875 579
3 0.9375 596
4 0 620
4 0.0625 607
4 0.125 656
4 0.1875 656
4 0.25 569
4 0.3125 605
4 0.375 605
4 0.4375 621
4 0.5 622
4 0.5625 568
4 0.625 551
4 0.6875 613
4 0.75 669
4 0.8125 594
4 0.875 653
4 0.9375 595
5 0 694
5 0.0625 664
5 0.125 701
5 0.1875 625
5 0.25 635
5 0.3125 602
5 0.375 636
5 0.4375 601
5 0.5 674
5 0.5625 578
5 0.625 614
5 0.6875 638
5 0.75 640
5 0.8125 621
5 0.875 695
5 0.9375 716
6 0 756
6 0.0625 742
6 0.125 717
6 0.1875 702
6 0.25 688
6 0.3125 646
6 0.375 701
6 0.4375 660
6 0.5 663
6 0.5625 643
6 0.625 673
6 0.6875 701
6 0.75 715
6 0.8125 712
6 0.875 736
6 0.9375 753
7 0 821
7 0.0625 722
7 0.125 766
7 0.1875 739
7 0.25 729
7 0.3125 717
7 0.375 713
7 0.4375 668
7 0.5 705
7 0.5625 642
7 0.625 685
7 0.6875 712
7 0.75 725
7 0.8125 738
7 0.875 794
7 0.9375 725
8 0 893
8 0.0625 847
8 0.125 805
8 0.1875 819
8 0.25 779
8 0.3125 745
8 0.375 739
8 0.4375 755
8 0.5 732
8 0.5625 712
8 0.625 719
8 0.6875 824
8 0.75 869
8 0.8125 808
8 0.875 854
8 0.9375 868
9 0 946
9 0.0625 939
9 0.125 860
9 0.1875 872
9 0.25 796
9 0.3125 789
9 0.375 760
9 0.4375 772
9 0.5 808
9 0.5625 774
9 0.625 787
9 0.6875 814
9 0.75 890
9 0.8125 871
9 0.875 976
9 0.9375 897
10 0 1041
10 0.0625 974
10 0.125 962
10 0.1875 946
10 0.25 944
10 0.3125 870
10 0.375 820
10 0.4375 788
10 0.5 880
10 0.5625 849
10 0.625 855
10 0.6875 856
10 0.75 924
10 0.8125 949
10 0.875 1019
10 0.9375 1065
11 0 1073
11 0.0625 1159
11 0.125 1084
11 0.1875 975
11 0.25 932
11 0.3125 931
11 0.375 901
11 0.4375 890
11 0.5 885
11 0.5625 864
11 0.625 886
11 0.6875 918
11 0.75 1015
11 0.8125 1074
11 0.875 1137
11 0.9375 1145
12 0 1186
12 0.0625 1143
12 0.125 1126
12 0.1875 1131
12 0.25 1046
12 0.3125 1025
12 0.375 942
12 0.4375 939
12 0.5 937
12 0.5625 934
12 0.625 946
12 0.6875 1032
12 0.75 1067
12 0.8125 1138
12 0.875 1173
12 0.9375 1246
13 0 1360
13 0.0625 1252
13 0.125 1205
13 0.1875 1144
13 0.25 1053
13 0.3125 992
13 0.375 1023
13 0.4375 991
13 0.5 980
13 0.5625 990
13 0.625 957
13 0.6875 1059
13 0.75 1099
13 0.8125 1213
13 0.875 1385
13 0.9375 1324
14 0 1386
14 0.0625 1364
14 0.125 1252
14 0.1875 1201
14 0.25 1150
14 0.3125 1076
14 0.375 1048
14 0.4375 1020
14 0.5 1001
14 0.5625 997
14 0.625 1069
14 0.6875 1084
14 0.75 1188
14 0.8125 1209
14 0.875 1407
14 0.9375 1408
15 0 1449
15 0.0625 1451
15 0.125 1265
15 0.1875 1194
15 0.25 1178
15 0.3125 1097
15 0.375 1104
15 0.4375 1114
15 0.5 1054
15 0.5625 1025
15 0.625 1063
15 0.6875 1148
15 0.75 1179
15 0.8125 1294
15 0.875 1349
15 0.9375 1469
16 0 1484
16 0.0625 1387
16 0.125 1341
16 0.1875 1310
16 0.25 1189
16 0.3125 1171
16 0.375 1099
16 0.4375 1024
16 0.5 1084
16 0.5625 1069
16 0.625 1070
16 0.6875 1038
16 0.75 1172
16 0.8125 1281
16 0.875 1471
16 0.9375 1497
17 0 1491
17 0.0625 1394
17 0.125 1395
17 0.1875 1199
17 0.25 1131
17 0.3125 1045
17 0.375 996
17 0.4375 1084
17 0.5 1053
17 0.5625 1008
17 0.625 1076
17 0.6875 1082
17 0.75 1253
17 0.8125 1375
17 0.875 1379
17 0.9375 1452
18 0 1499
18 0.0625 1400
18 0.125 1382
18 0.1875 1251
18 0.25 1074
18 0.3125 1052
18 0.375 1063
18 0.4375 1018
18 0.5 1017
18 0.5625 971
18 0.625 1033
18 0.6875 1125
18 0.75 1156
18 0.8125 1321
18 0.875 1457
18 0.9375 1480
19 0 1458
19 0.0625 1388
19 0.125 1264
19 0.1875 1202
19 0.25 1154
19 0.3125 1055
19 0.375 968
19 0.4375 914
19 0.5 967
19 0.5625 897
19 0.625 1008
19 0.6875 1105
19 0.75 1220
19 0.8125 1257
19 0.875 1433
19 0.9375 1536
20 0 1437
20 0.0625 1463
20 0.125 1257
20 0.1875 1152
20 0.25 1042
20 0.3125 1016
20 0.375 959
20 0.4375 984
20 0.5 873
20 0.5625 966
20 0.625 941
20 0.6875 1023
20 0.75 1098
20 0.8125 1280
20 0.875 1451
20 0.9375 1560
21 0 1452
21 0.0625 1333
21 0.125 1278
21 0.1875 1196
21 0.25 991
21 0.3125 942
21 0.375 889
21 0.4375 895
21 0.5 845
21 0.5625 809
21 0.625 915
21 0.6875 1001
21 0.75 1115
21 0.8125 1314
21 0.875 1408
21 0.9375 1425
22 0 1420
22 0.0625 1319
22 0.125 1228
22 0.1875 1103
22 0.25 975
22 0.3125 929
22 0.375 860
22 0.4375 859
22 0.5 893
22 0.5625 810
22 0.625 907
22 0.6875 956
22 0.75 1065
22 0.8125 1198
22 0.875 1388
22 0.9375 1410
23 0 1368
23 0.0625 1296
23 0.125 1224
23 0.1875 1071
23 0.25 929
23 0.3125 853
23 0.375 870
23 0.4375 787
23 0.5 799
23 0.5625 783
23 0.625 841
23 0.6875 966
23 0.75 1066
23 0.8125 1219
23 0.875 1363
23 0.9375 1494
24 0 1342
24 0.0625 1329
24 0.125 1188
24 0.1875 1119
24 0.25 955
24 0.3125 884
24 0.375 927
24 0.4375 794
24 0.5 799
24 0.5625 747
24 0.625 910
24 0.6875 884
24 0.75 1129
24 0.8125 1262
24 0.875 1322
24 0.9375 1456
25 0 1493
25 0.0625 1290
25 0.125 1214
25 0.1875 1077
25 0.25 996
25 0.3125 882
25 0.375 862
25 0.4375 792
25 0.5 763
25 0.5625 768
25 0.625 789
25 0.6875 935
25 0.75 1127
25 0.8125 1223
25 0.875 1281
25 0.9375 1466
26 0 1450
26 0.0625 1416
26 0.125 1214
26 0.1875 1101
26 0.25 987
26 0.3125 859
26 0.375 835
26 0.4375 824
26 0.5 764
26 0.5625 792
26 0.625 837
26 0.6875 903
26 0.75 1085
26 0.8125 1202
26 0.875 1420
26 0.9375 1498
27 0 1516
27 0.0625 1376
27 0.125 1235
27 0.1875 1093
27 0.25 937
27 0.3125 882
27 0.375 835
27 0.4375 733
27 0.5 772
27 0.5625 781
27 0.625 890
27 0.6875 936
27 0.75 1049
27 0.8125 1298
27 0.875 1437
27 0.9375 1551
28 0 1579
28 0.0625 1429
28 0.125 1230
28 0.1875 1145
28 0.25 962
28 0.3125 865
28 0.375 830
28 0.4375 752
28 0.5 748
28 0.5625 738
28 0.625 766
28 0.6875 993
28 0.75 1051
28 0.8125 1266
28 0.875 1512
28 0.9375 1537
29 0 1600
29 0.0625 1415
29 0.125 1249
29 0.1875 1046
29 0.25 961
29 0.3125 845
29 0.375 800
29 0.4375 749
29 0.5 761
29 0.5625 784
29 0.625 756
29 0.6875 917
29 0.75 1094
29 0.8125 1285
29 0.875 1419
29 0.9375 1584
30 0 1595
30 0.0625 1483
30 0.125 1266
30 0.1875 1079
30 0.25 980
30 0.3125 826
30 0.375 762
30 0.4375 720
30 0.5 671
30 0.5625 687
30 0.625 803
30 0.6875 927
30 0.75 1084
30 0.8125 1249
30 0.875 1489
30 0.9375 1639
31 0 1536
31 0.0625 1490
31 0.125 1280
31 0.1875 1106
31 0.25 875
31 0.3125 844
31 0.375 797
31 0.4375 702
31 0.5 731
31 0.5625 769
31 0.625 746
31 0.6875 907
31 0.75 1077
31 0.8125 1355
31 0.875 1486
31 0.9375 1577
32 0 1555
32 0.0625 1462
32 0.125 1200
32 0.1875 1121
32 0.25 898
32 0.3125 834
32 0.375 745
32 0.4375 711
32 0.5 677
32 0.5625 708
32 0.625 722
32 0.6875 873
32 0.75 1083
32 0.8125 1372
32 0.875 1533
32 0.9375 1678
33 0 1551
33 0.0625 1477
33 0.125 1207
33 0.1875 1065
33 0.25 947
33 0.3125 805
33 0.375 722
33 0.4375 677
33 0.5 662
33 0.5625 668
33 0.625 749
33 0.6875 849
33 0.75 1108
33 0.8125 1331
33 0.875 1419
33 0.9375 1591
34 0 1620
34 0.0625 1400
34 0.125 1254
34 0.1875 1019
34 0.25 960
34 0.3125 778
34 0.375 688
34 0.4375 678
34 0.5 658
34 0.5625 679
34 0.625 725
34 0.6875 879
34 0.75 1065
34 0.8125 1256
34 0.875 1490
34 0.9375 1633
35 0 1628
35 0.0625 1493
35 0.125 1290
35 0.1875 998
35 0.25 879
35 0.3125 814
35 0.375 671
35 0.4375 618
35 0.5 630
35 0.5625 630
35 0.625 669
35 0.6875 819
35 0.75 1111
35 0.8125 1264
35 0.875 1515
35 0.9375 1609
36 0 1562
36 0.0625 1471
36 0.125 1271
36 0.1875 1033
36 0.25 889
36 0.3125 746
36 0.375 659
36 0.4375 681
36 0.5 680
36 0.5625 678
36 0.625 699
36 0.6875 800
36 0.75 1172
36 0.8125 1309
36 0.875 1546
36 0.9375 1667
37 0 1562
37 0.0625 1496
37 0.125 1230
37 0.1875 1056
37 0.25 879
37 0.3125 799
37 0.375 649
37 0.4375 643
37 0.5 608
37 0.5625 618
37 0.625 708
37 0.6875 832
37 0.75 1016
37 0.8125 1290
37 0.875 1543
37 0.9375 1727
38 0 1607
38 0.0625 1442
38 0.125 1289
38 0.1875 1095
38 0.25 881
38 0.3125 756
38 0.375 681
38 0.4375 681
38 0.5 627
38 0.5625 587
38 0.625 694
38 0.6875 825
38 0.75 1048
38 0.8125 1325
38 0.875 1562
38 0.9375 1631
39 0 1632
39 0.0625 1477
39 0.125 1261
39 0.1875 1043
39 0.25 881
39 0.3125 747
39 0.375 645
39 0.4375 649
39 0.5 608
39 0.5625 609
39 0.625 632
39 0.6875 802
39 0.75 1041
39 0.8125 1330
39 0.875 1522
39 0.9375 1674
40 0 1682
40 0.0625 1483
40 0.125 1269
40 0.1875 1024
40 0.25 852
40 0.3125 717
40 0.375 617
40 0.4375 609
40 0.5 569
40 0.5625 578
40 0.625 673
40 0.6875 824
40 0.75 1087
40 0.8125 1352
40 0.875 1610
40 0.9375 1700
41 0 1668
41 0.0625 1447
41 0.125 1253
41 0.1875 1071
41 0.25 819
41 0.3125 744
41 0.375 648
41 0.4375 599
41 0.5 555
41 0.5625 585
41 0.625 633
41 0.6875 843
41 0.75 1033
41 0.8125 1328
41 0.875 1543
41 0.9375 1754
42 0 1646
42 0.0625 1457
42 0.125 1210
42 0.1875 996
42 0.25 896
42 0.3125 678
42 0.375 636
42 0.4375 603
42 0.5 566
42 0.5625 548
42 0.625 594
42 0.6875 792
42 0.75 1113
42 0.8125 1348
42 0.875 1527
42 0.9375 1733
43 0 1565
43 0.0625 1517
43 0.125 1234
43 0.1875 1019
43 0.25 814
43 0.3125 735
43 0.375 579
43 0.4375 601
43 0.5 577
43 0.5625 536
43 0.625 592
43 0.6875 834
43 0.75 1066
43 0.8125 1304
43 0.875 1618
43 0.9375 1723
44 0 1523
44 0.0625 1470
44 0.125 1194
44 0.1875 1031
44 0.25 790
44 0.3125 658
44 0.375 571
44 0.4375 612
44 0.5 496
44 0.5625 527
44 0.625 601
44 0.6875 767
44 0.75 1058
44 0.8125 1415
44 0.875 1613
44 0.9375 1686
45 0 1663
45 0.0625 1445
45 0.125 1199
45 0.1875 1012
45 0.25 802
45 0.3125 692
45 0.375 534
45 0.4375 554
45 0.5 532
45 0.5625 541
45 0.625 557
45 0.6875 745
45 0.75 1026
45 0.8125 1360
45 0.875 1564
45 0.9375 1659
46 0 1627
46 0.0625 1443
46 0.125 1173
46 0.1875 945
46 0.25 802
46 0.3125 625
46 0.375 545
46 0.4375 522
46 0.5 507
46 0.5625 514
46 0.625 543
46 0.6875 755
46 0.75 1013
46 0.8125 1303
46 0.875 1482
46 0.9375 1654
47 0 1530
47 0.0625 1451
47 0.125 1182
47 0.1875 936
47 0.25 802
47 0.3125 652
47 0.375 555
47 0.4375 513
47 0.5 487
47 0.5625 532
47 0.625 557
47 0.6875 707
47 0.75 1035
47 0.8125 1235
47 0.875 1543
47 0.9375 1681
48 0 1583
48 0.0625 1406
48 0.125 1182
48 0.1875 900
48 0.25 778
48 0.3125 613
48 0.375 534
48 0.4375 486
48 0.5 455
48 0.5625 444
48 0.625 590
48 0.6875 747
48 0.75 1008
48 0.8125 1262
48 0.875 1493
48 0.9375 1738
49 0 1572
49 0.0625 1402
49 0.125 1172
49 0.1875 899
49 0.25 684
49 0.3125 656
49 0.375 485
49 0.4375 513
49 0.5 469
49 0.5625 448
49 0.625 550
49 0.6875 696
49 0.75 962
49 0.8125 1345
49 0.875 1455
49 0.9375 1627
50 0 1595
50 0.0625 1421
50 0.125 1162
50 0.1875 920
50 0.25 767
50 0.3125 603
50 0.375 497
50 0.4375 528
50 0.5 478
50 0.5625 450
50 0.625 499
50 0.6875 663
50 0.75 972
50 0.8125 1255
50 0.875 1502
50 0.9375 1620
51 0 1556
51 0.0625 1361
51 0.125 1076
51 0.1875 940
51 0.25 726
51 0.3125 618
51 0.375 509
51 0.4375 447
51 0.5 427
51 0.5625 480
51 0.625 478
51 0.6875 692
51 0.75 950
51 0.8125 1199
51 0.875 1437
51 0.9375 1667
52 0 1513
52 0.0625 1425
52 0.125 1100
52 0.1875 940
52 0.25 703
52 0.3125 596
52 0.375 471
52 0.4375 463
52 0.5 456
52 0.5625 429
52 0.625 479
52 0.6875 680
52 0.75 949
52 0.8125 1264
52 0.875 1484
52 0.9375 1760
53 0 1593
53 0.0625 1372
53 0.125 1129
53 0.1875 870
53 0.25 725
53 0.3125 560
53 0.375 461
53 0.4375 411
53 0.5 441
53 0.5625 392
53 0.625 503
53 0.6875 641
53 0.75 889
53 0.8125 1248
53 0.875 1481
53 0.9375 1569
54 0 1541
54 0.0625 1408
54 0.125 1156
54 0.1875 896
54 0.25 643
54 0.3125 599
54 0.375 508
54 0.4375 394
54 0.5 424
54 0.5625 418
54 0.625 527
54 0.6875 661
54 0.75 960
54 0.8125 1277
54 0.875 1523
54 0.9375 1625
55 0 1556
55 0.0625 1374
55 0.125 1147
55 0.1875 862
55 0.25 634
55 0.3125 555
55 0.375 480
55 0.4375 445
55 0.5 381
55 0.5625 431
55 0.625 460
55 0.6875 673
55 0.75 987
55 0.8125 1214
55 0.875 1515
55 0.9375 1624
56 0 1582
56 0.0625 1351
56 0.125 1128
56 0.1875 904
56 0.25 668
56 0.3125 518
56 0.375 425
56 0.4375 437
56 0.5 402
56 0.5625 381
56 0.625 462
56 0.6875 670
56 0.75 942
56 0.8125 1298
56 0.875 1505
56 0.9375 1604
57 0 1565
57 0.0625 1357
57 0.125 1139
57 0.1875 871
57 0.25 640
57 0.3125 536
57 0.375 443
57 0.4375 404
57 0.5 423
57 0.5625 389
57 0.625 500
57 0.6875 644
57 0.75 942
57 0.8125 1228
57 0.875 1441
57 0.9375 1653
58 0 1561
58 0.0625 1346
58 0.125 1132
58 0.1875 919
58 0.25 653
58 0.3125 520
58 0.375 442
58 0.4375 392
58 0.5 388
58 0.5625 411
58 0.625 462
58 0.6875 608
58 0.75 989
58 0.8125 1262
58 0.875 1489
58 0.9375 1653
59 0 1629
59 0.0625 1376
59 0.125 1084
59 0.1875 827
59 0.25 662
59 0.3125 542
59 0.375 454
59 0.4375 402
59 0.5 391
59 0.5625 352
59 0.625 425
59 0.6875 597
59 0.75 891
59 0.8125 1275
59 0.875 1544
59 0.9375 1598
60 0 1545
60 0.0625 1378
60 0.125 1131
60 0.1875 929
60 0.25 713
60 0.3125 516
60 0.375 415
60 0.4375 422
60 0.5 365
60 0.5625 358
60 0.625 433
60 0.6875 615
60 0.75 920
60 0.8125 1236
60 0.875 1596
60 0.9375 1588
61 0 1593
61 0.0625 1324
61 0.125 1130
61 0.1875 866
61 0.25 636
61 0.3125 489
61 0.375 441
61 0.4375 375
61 0.5 369
61 0.5625 367
61 0.625 439
61 0.6875 651
61 0.75 957
61 0.8125 1256
61 0.875 1477
61 0.9375 1677
62 0 1577
62 0.0625 1427
62 0.125 1078
62 0.1875 826
62 0.25 647
62 0.3125 506
62 0.375 435
62 0.4375 387
62 0.5 359
62 0.5625 333
62 0.625 429
62 0.6875 617
62 0.75 872
62 0.8125 1262
62 0.875 1452
62 0.9375 1638
63 0 1627
63 0.0625 1316
63 0.125 1171
63 0.1875 896
63 0.25 621
63 0.3125 467
63 0.375 425
63 0.4375 385
63 0.5 362
63 0.5625 342
63 0.625 415
63 0.6875 647
63 0.75 946
63 0.8125 1206
63 0.875 1538
63 0.9375 1711
64 0 1556
64 0.0625 1371
64 0.125 1024
64 0.1875 838
64 0.25 650
64 0.3125 511
64 0.375 417
64 0.4375 379
64 0.5 371
64 0.5625 351
64 0.625 402
64 0.6875 581
64 0.75 958
64 0.8125 1294
64 0.875 1547
64 0.9375 1642
65 0 1598
65 0.0625 1335
65 0.125 1099
65 0.1875 821
65 0.25 611
65 0.3125 519
65 0.375 393
65 0.4375 380
65 0.5 325
65 0.5625 343
65 0.625 425
65 0.6875 627
65 0.75 886
65 0.8125 1197
65 0.875 1550
65 0.9375 1678
66 0 1563
66 0.0625 1381
66 0.125 1027
66 0.1875 808
66 0.25 638
66 0.3125 452
66 0.375 403
66 0.4375 322
66 0.5 343
66 0.5625 339
66 0.625 441
66 0.6875 607
66 0.75 894
66 0.8125 1240
66 0.875 1491
66 0.9375 1659
67 0 1602
67 0.0625 1391
67 0.125 1068
67 0.1875 848
67 0.25 639
67 0.3125 488
67 0.375 373
67 0.4375 331
67 0.5 327
67 0.5625 316
67 0.625 408
67 0.6875 579
67 0.75 920
67 0.8125 1313
67 0.875 1515
67 0.9375 1652
68 0 1435
68 0.0625 1345
68 0.125 1024
68 0.1875 794
68 0.25 598
68 0.3125 452
68 0.375 416
68 0.4375 336
68 0.5 324
68 0.5625 346
68 0.625 388
68 0.6875 557
68 0.75 867
68 0.8125 1143
68 0.875 1496
68 0.9375 1592
69 0 1575
69 0.0625 1298
69 0.125 984
69 0.1875 835
69 0.25 569
69 0.3125 481
69 0.375 393
69 0.4375 316
69 0.5 328
69 0.5625 302
69 0.625 402
69 0.6875 555
69 0.75 890
69 0.8125 1239
69 0.875 1522
69 0.9375 1626
70 0 1492
70 0.0625 1334
70 0.125 1078
70 0.1875 800
70 0.25 598
70 0.3125 462
70 0.375 364
70 0.4375 340
70 0.5 305
70 0.5625 326
70 0.625 365
70 0.6875 604
70 0.75 814
70 0.8125 1168
70 0.875 1458
70 0.9375 1594
71 0 1491
71 0.0625 1332
71 0.125 1012
71 0.1875 813
71 0.25 570
71 0.3125 455
71 0.375 380
71 0.4375 313
71 0.5 351
71 0.5625 310
71 0.625 382
71 0.6875 627
71 0.75 902
71 0.8125 1206
71 0.875 1497
71 0.9375 1552
72 0 1466
72 0.0625 1281
72 0.125 1018
72 0.1875 733
72 0.25 582
72 0.3125 419
72 0.375 348
72 0.4375 276
72 0.5 322
72 0.5625 343
72 0.625 404
72 0.6875 538
72 0.75 832
72 0.8125 1227
72 0.875 1535
72 0.9375 1588
73 0 1447
73 0.0625 1289
73 0.125 1026
73 0.1875 778
73 0.25 573
73 0.3125 433
73 0.375 326
73 0.4375 298
73 0.5 332
73 0.5625 299
73 0.625 363
73 0.6875 555
73 0.75 807
73 0.8125 1242
73 0.875 1456
73 0.9375 1533
74 0 1477
74 0.0625 1294
74 0.125 975
74 0.1875 738
74 0.25 536
74 0.3125 441
74 0.375 368
74 0.4375 322
74 0.5 284
74 0.5625 324
74 0.625 352
74 0.6875 549
74 0.75 846
74 0.8125 1164
74 0.875 1386
74 0.9375 1575
75 0 1495
75 0.0625 1267
75 0.125 1016
75 0.1875 705
75 0.25 538
75 0.3125 421
75 0.375 345
75 0.4375 344
75 0.5 311
75 0.5625 281
75 0.625 333
75 0.6875 532
75 0.75 840
75 0.8125 1193
75 0.875 1445
75 0.9375 1660
76 0 1493
76 0.0625 1324
76 0.125 987
76 0.1875 772
76 0.25 550
76 0.3125 422
76 0.375 355
76 0.4375 302
76 0.5 322
76 0.5625 259
76 0.625 341
76 0.6875 556
76 0.75 852
76 0.8125 1147
76 0.875 1442
76 0.9375 1597
77 0 1499
77 0.0625 1193
77 0.125 977
77 0.1875 753
77 0.25 550
77 0.3125 434
77 0.375 363
77 0.4375 297
77 0.5 241
77 0.5625 289
77 0.625 362
77 0.6875 538
77 0.75 827
77 0.8125 1138
77 0.875 1457
77 0.9375 1571
78 0 1510
78 0.0625 1270
78 0.125 933
78 0.1875 720
78 0.25 540
78 0.3125 394
78 0.375 328
78 0.4375 306
78 0.5 267
78 0.5625 268
78 0.625 374
78 0.6875 503
78 0.75 827
78 0.8125 1070
78 0.875 1401
78 0.9375 1540
79 0 1483
79 0.0625 1214
79 0.125 907
79 0.1875 770
79 0.25 542
79 0.3125 379
79 0.375 324
79 0.4375 299
79 0.5 287
79 0.5625 262
79 0.625 344
79 0.6875 531
79 0.75 809
79 0.8125 1142
79 0.875 1397
79 0.9375 1522
80 0 1406
80 0.0625 1227
80 0.125 962
80 0.1875 735
80 0.25 494
80 0.3125 372
80 0.375 339
80 0.4375 304
80 0.5 289
80 0.5625 261
80 0.625 345
80 0.6875 520
80 0.75 751
80 0.8125 1085
80 0.875 1347
80 0.9375 1543
81 0 1390
81 0.0625 1212
81 0.125 953
81 0.1875 685
81 0.25 539
81 0.3125 389
81 0.375 312
81 0.4375 281
81 0.5 238
81 0.5625 275
81 0.625 323
81 0.6875 510
81 0.75 829
81 0.8125 1139
81 0.875 1356
81 0.9375 1473
82 0 1400
82 0.0625 1189
82 0.125 951
82 0.1875 715
82 0.25 518
82 0.3125 409
82 0.375 295
82 0.4375 257
82 0.5 252
82 0.5625 235
82 0.625 354
82 0.6875 502
82 0.75 812
82 0.8125 1123
82 0.875 1386
82 0.9375 1529
83 0 1499
83 0.0625 1129
83 0.125 864
83 0.1875 690
83 0.25 501
83 0.3125 392
83 0.375 299
83 0.4375 264
83 0.5 267
83 0.5625 244
83 0.625 309
83 0.6875 494
83 0.75 762
83 0.8125 1106
83 0.875 1329
83 0.9375 1492
84 0 1372
84 0.0625 1185
84 0.125 914
84 0.1875 674
84 0.25 513
84 0.3125 356
84 0.375 305
84 0.4375 275
84 0.5 237
84 0.5625 239
84 0.625 301
84 0.6875 498
84 0.75 774
84 0.8125 1126
84 0.875 1361
84 0.9375 1497
85 0 1353
85 0.0625 1110
85 0.125 889
85 0.1875 659
85 0.25 505
85 0.3125 387
85 0.375 290
85 0.4375 258
85 0.5 258
85 0.5625 234
85 0.625 307
85 0.6875 472
85 0.75 792
85 0.8125 1054
85 0.875 1307
85 0.9375 1470
86 0 1450
86 0.0625 1093
86 0.125 889
86 0.1875 619
86 0.25 459
86 0.3125 377
86 0.375 284
86 0.4375 262
86 0.5 253
86 0.5625 252
86 0.625 331
86 0.6875 471
86 0.75 795
86 0.8125 1128
86 0.875 1311
86 0.9375 1444
87 0 1329
87 0.0625 1141
87 0.125 877
87 0.1875 651
87 0.25 454
87 0.3125 355
87 0.375 281
87 0.4375 270
87 0.5 238
87 0.5625 217
87 0.625 292
87 0.6875 470
87 0.75 782
87 0.8125 1033
87 0.875 1349
87 0.9375 1483
88 0 1299
88 0.0625 1085
88 0.125 895
88 0.1875 642
88 0.25 413
88 0.3125 341
88 0.375 291
88 0.4375 247
88 0.5 239
88 0.5625 242
88 0.625 309
88 0.6875 462
88 0.75 756
88 0.8125 1047
88 0.875 1366
88 0.9375 1399
89 0 1332
89 0.0625 1169
89 0.125 813
89 0.1875 570
89 0.25 472
89 0.3125 351
89 0.375 264
89 0.4375 229
89 0.5 222
89 0.5625 229
89 0.625 317
89 0.6875 490
89 0.75 742
89 0.8125 1027
89 0.875 1254
89 0.9375 1430
90 0 1345
90 0.0625 1127
90 0.125 852
90 0.1875 614
90 0.25 450
90 0.3125 357
90 0.375 254
90 0.4375 264
90 0.5 249
90 0.5625 230
90 0.625 283
90 0.6875 480
90 0.75 780
90 0.8125 1017
90 0.875 1300
90 0.9375 1318
91 0 1317
91 0.0625 1038
91 0.125 798
91 0.1875 605
91 0.25 456
91 0.3125 303
91 0.375 269
91 0.4375 234
91 0.5 229
91 0.5625 206
91 0.625 283
91 0.6875 443
91 0.75 756
91 0.8125 1003
91 0.875 1266
91 0.9375 1371
92 0 1283
92 0.0625 1083
92 0.125 791
92 0.1875 597
92 0.25 396
92 0.3125 350
92 0.375 263
92 0.4375 231
92 0.5 217
92 0.5625 222
92 0.625 265
92 0.6875 486
92 0.75 677
92 0.8125 975
92 0.875 1229
92 0.9375 1412
93 0 1302
93 0.0625 1024
93 0.125 820
93 0.1875 576
93 0.25 405
93 0.3125 328
93 0.375 268
93 0.4375 206
93 0.5 209
93 0.5625 242
93 0.625 303
93 0.6875 423
93 0.75 713
93 0.8125 1000
93 0.875 1192
93 0.9375 1407
94 0 1260
94 0.0625 1025
94 0.125 856
94 0.1875 573
94 0.25 404
94 0.3125 330
94 0.375 256
94 0.4375 229
94 0.5 229
94 0.5625 210
94 0.625 251
94 0.6875 453
94 0.75 706
94 0.8125 1006
94 0.875 1248
94 0.9375 1362
95 0 1276
95 0.0625 1067
95 0.125 830
95 0.1875 566
95 0.25 394
95 0.3125 309
95 0.375 229
95 0.4375 210
95 0.5 221
95 0.5625 189
95 0.625 253
95 0.6875 446
95 0.75 712
95 0.8125 943
95 0.875 1218
95 0.9375 1353
96 0 1261
96 0.0625 1083
96 0.125 733
96 0.1875 577
96 0.25 425
96 0.3125 322
96 0.375 236
96 0.4375 251
96 0.5 208
96 0.5625 226
96 0.625 260
96 0.6875 404
96 0.75 692
96 0.8125 952
96 0.875 1198
96 0.9375 1314
97 0 1292
97 0.0625 1080
97 0.125 759
97 0.1875 572
97 0.25 422
97 0.3125 313
97 0.375 228
97 0.4375 205
97 0.5 228
97 0.5625 198
97 0.625 273
97 0.6875 440
97 0.75 729
97 0.8125 1015
97 0.875 1181
97 0.9375 1322
98 0 1231
98 0.0625 985
98 0.125 760
98 0.1875 571
98 0.25 386
98 0.3125 284
98 0.375 233
98 0.4375 222
98 0.5 192
98 0.5625 205
98 0.625 269
98 0.6875 417
98 0.75 676
98 0.8125 1016
98 0.875 1209
98 0.9375 1309
99 0 1146
99 0.0625 982
99 0.125 748
99 0.1875 549
99 0.25 365
99 0.3125 271
99 0.375 231
99 0.4375 213
99 0.5 193
99 0.5625 175
99 0.625 252
99 0.6875 436
99 0.75 704
99 0.8125 949
99 0.875 1266
99 0.9375 1257
100 0 1190
100 0.0625 969
100 0.125 748
100 0.1875 529
100 0.25 411
100 0.3125 278
100 0.375 225
100 0.4375 195
100 0.5 178
100 0.5625 171
100 0.625 246
100 0.6875 423
100 0.75 695
100 0.8125 1011
100 0.875 1194
100 0.9375 1265
101 0 1142
101 0.0625 990
101 0.125 695
101 0.1875 554
101 0.25 382
101 0.3125 270
101 0.375 221
101 0.4375 224
101 0.5 190
101 0.5625 188
101 0.625 221
101 0.6875 438
101 0.75 704
101 0.8125 987
101 0.875 1194
101 0.9375 1248
102 0 1141
102 0.0625 951
102 0.125 782
102 0.1875 566
102 0.25 382
102 0.3125 277
102 0.375 225
102 0.4375 223
102 0.5 205
102 0.5625 199
102 0.625 225
102 0.6875 403
102 0.75 664
102 0.8125 952
102 0.875 1098
102 0.9375 1204
103 0 1154
103 0.0625 970
103 0.125 738
103 0.1875 545
103 0.25 394
103 0.3125 285
103 0.375 231
103 0.4375 205
103 0.5 184
103 0.5625 155
103 0.625 257
103 0.6875 406
103 0.75 657
103 0.8125 912
103 0.875 1164
103 0.9375 1278
104 0 1193
104 0.0625 917
104 0.125 676
104 0.1875 521
104 0.25 382
104 0.3125 250
104 0.375 226
104 0.4375 212
104 0.5 182
104 0.5625 177
104 0.625 251
104 0.6875 376
104 0.75 639
104 0.8125 909
104 0.875 1129
104 0.9375 1190
105 0 1152
105 0.0625 930
105 0.125 729
105 0.1875 529
105 0.25 316
105 0.3125 260
105 0.375 206
105 0.4375 165
105 0.5 167
105 0.5625 208
105 0.625 232
105 0.6875 374
105 0.75 615
105 0.8125 921
105 0.875 1133
105 0.9375 1202
106 0 1065
106 0.0625 887
106 0.125 731
106 0.1875 482
106 0.25 338
106 0.3125 253
106 0.375 242
106 0.4375 175
106 0.5 186
106 0.5625 178
106 0.625 242
106 0.6875 390
106 0.75 607
106 0.8125 916
106 0.875 1159
106 0.9375 1181
107 0 1125
107 0.0625 945
107 0.125 730
107 0.1875 433
107 0.25 341
107 0.3125 280
107 0.375 179
107 0.4375 206
107 0.5 183
107 0.5625 168
107 0.625 215
107 0.6875 381
107 0.75 588
107 0.8125 874
107 0.875 1098
107 0.9375 1113
108 0 1051
108 0.0625 872
108 0.125 625
108 0.1875 469
108 0.25 358
108 0.3125 245
108 0.375 234
108 0.4375 198
108 0.5 159
108 0.5625 162
108 0.625 211
108 0.6875 354
108 0.75 602
108 0.8125 877
108 0.875 1056
108 0.9375 1136
109 0 1088
109 0.0625 894
109 0.125 678
109 0.1875 509
109 0.25 341
109 0.3125 277
109 0.375 198
109 0.4375 195
109 0.5 159
109 0.5625 190
109 0.625 210
109 0.6875 380
109 0.75 621
109 0.8125 901
109 0.875 1013
109 0.9375 1165
110 0 1081
110 0.0625 926
110 0.125 628
110 0.1875 440
110 0.25 288
110 0.3125 251
110 0.375 203
110 0.4375 187
110 0.5 168
110 0.5625 161
110 0.625 212
110 0.6875 357
110 0.75 586
110 0.8125 863
110 0.875 1026
110 0.9375 1088
111 0 1018
111 0.0625 878
111 0.125 664
111 0.1875 448
111 0.25 316
111 0.3125 240
111 0.375 229
111 0.4375 167
111 0.5 136
111 0.5625 181
111 0.625 240
111 0.6875 367
111 0.75 616
111 0.8125 876
111 0.875 1046
111 0.9375 1121
112 0 1020
112 0.0625 871
112 0.125 612
112 0.1875 422
112 0.25 320
112 0.3125 230
112 0.375 185
112 0.4375 164
112 0.5 172
112 0.5625 155
112 0.625 228
112 0.6875 370
112 0.75 576
112 0.8125 865
112 0.875 1036
112 0.9375 1137
113 0 1015
113 0.0625 877
113 0.125 622
113 0.1875 450
113 0.25 318
113 0.3125 232
113 0.375 198
113 0.4375 181
113 0.5 167
113 0.5625 168
113 0.625 212
113 0.6875 318
113 0.75 566
113 0.8125 857
113 0.875 989
113 0.9375 1075
114 0 1020
114 0.0625 822
114 0.125 586
114 0.1875 439
114 0.25 311
114 0.3125 242
114 0.375 193
114 0.4375 152
114 0.5 166
114 0.5625 159
114 0.625 190
114 0.6875 340
114 0.75 559
114 0.8125 807
114 0.875 1067
114 0.9375 1066
115 0 1008
115 0.0625 800
115 0.125 600
115 0.1875 437
115 0.25 289
115 0.3125 237
115 0.375 179
115 0.4375 153
115 0.5 136
115 0.5625 157
115 0.625 186
115 0.6875 318
115 0.75 585
115 0.8125 745
115 0.875 974
115 0.9375 1022
116 0 978
116 0.0625 821
116 0.125 651
116 0.1875 412
116 0.25 295
116 0.3125 233
116 0.375 175
116 0.4375 164
116 0.5 134
116 0.5625 144
116 0.625 212
116 0.6875 361
116 0.75 599
116 0.8125 803
116 0.875 956
116 0.9375 1042
117 0 1015
117 0.0625 841
117 0.125 646
117 0.1875 407
117 0.25 314
117 0.3125 214
117 0.375 186
117 0.4375 148
117 0.5 147
117 0.5625 172
117 0.625 194
117 0.6875 344
117 0.75 530
117 0.8125 835
117 0.875 956
117 0.9375 1022
118 0 910
118 0.0625 779
118 0.125 549
118 0.1875 451
118 0.25 299
118 0.3125 197
118 0.375 172
118 0.4375 155
118 0.5 146
118 0.5625 166
118 0.625 214
118 0.6875 325
118 0.75 529
118 0.8125 797
118 0.875 954
118 0.9375 1042
119 0 911
119 0.0625 796
119 0.125 544
119 0.1875 412
119 0.25 305
119 0.3125 229
119 0.375 181
119 0.4375 158
119 0.5 139
119 0.5625 144
119 0.625 177
119 0.6875 330
119 0.75 526
119 0.8125 690
119 0.875 917
119 0.9375 1002
120 0 894
120 0.0625 746
120 0.125 561
120 0.1875 407
120 0.25 270
120 0.3125 221
120 0.375 171
120 0.4375 148
120 0.5 151
120 0.5625 161
120 0.625 161
120 0.6875 342
120 0.75 537
120 0.8125 746
120 0.875 947
120 0.9375 967
121 0 855
121 0.0625 697
121 0.125 542
121 0.1875 381
121 0.25 305
121 0.3125 201
121 0.375 195
121 0.4375 139
121 0.5 146
121 0.5625 147
121 0.625 179
121 0.6875 325
121 0.75 535
121 0.8125 761
121 0.875 948
121 0.9375 943
122 0 900
122 0.0625 750
122 0.125 582
122 0.1875 383
122 0.25 292
122 0.3125 210
122 0.375 177
122 0.4375 137
122 0.5 132
122 0.5625 155
122 0.625 176
122 0.6875 313
122 0.75 560
122 0.8125 743
122 0.875 870
122 0.9375 969
123 0 918
123 0.0625 696
123 0.125 544
123 0.1875 374
123 0.25 294
123 0.3125 198
123 0.375 177
123 0.4375 157
123 0.5 135
123 0.5625 142
123 0.625 173
123 0.6875 294
123 0.75 519
123 0.8125 741
123 0.875 964
123 0.9375 1000
124 0 882
124 0.0625 693
124 0.125 556
124 0.1875 377
124 0.25 256
124 0.3125 204
124 0.375 148
124 0.4375 145
124 0.5 132
124 0.5625 119
124 0.625 192
124 0.6875 312
124 0.75 520
124 0.8125 738
124 0.875 914
124 0.9375 956
125 0 793
125 0.0625 705
125 0.125 519
125 0.1875 383
125 0.25 252
125 0.3125 189
125 0.375 169
125 0.4375 149
125 0.5 112
125 0.5625 141
125 0.625 172
125 0.6875 283
125 0.75 493
125 0.8125 733
125 0.875 870
125 0.9375 929
126 0 879
126 0.0625 731
126 0.125 538
126 0.1875 374
126 0.25 238
126 0.3125 178
126 0.375 181
126 0.4375 138
126 0.5 115
126 0.5625 145
126 0.625 176
126 0.6875 304
126 0.75 443
126 0.8125 702
126 0.875 878
126 0.9375 929
127 0 860
127 0.0625 692
127 0.125 503
127 0.1875 347
127 0.25 250
127 0.3125 187
127 0.375 129
127 0.4375 138
127 0.5 125
127 0.5625 136
127 0.625 182
127 0.6875 285
127 0.75 475
127 0.8125 670
127 0.875 816
127 0.9375 944
128 0 851
128 0.0625 669
128 0.125 500
128 0.1875 347
128 0.25 275
128 0.3125 192
128 0.375 162
128 0.4375 144
128 0.5 151
128 0.5625 125
128 0.625 182
128 0.6875 269
128 0.75 517
128 0.8125 678
128 0.875 808
128 0.9375 903
129 0 818
129 0.0625 615
129 0.125 460
129 0.1875 349
129 0.25 224
129 0.3125 191
129 0.375 149
129 0.4375 116
129 0.5 118
129 0.5625 131
129 0.625 174
129 0.6875 326
129 0.75 463
129 0.8125 693
129 0.875 903
129 0.9375 912
130 0 791
130 0.0625 646
130 0.125 476
130 0.1875 339
130 0.25 264
130 0.3125 181
130 0.375 143
130 0.4375 130
130 0.5 116
130 0.5625 113
130 0.625 169
130 0.6875 307
130 0.75 470
130 0.8125 638
130 0.875 810
130 0.9375 867
131 0 790
131 0.0625 617
131 0.125 447
131 0.1875 334
131 0.25 244
131 0.3125 194
131 0.375 136
131 0.4375 120
131 0.5 125
131 0.5625 125
131 0.625 178
131 0.6875 283
131 0.75 457
131 0.8125 651
131 0.875 771
131 0.9375 827
132 0 790
132 0.0625 669
132 0.125 451
132 0.1875 317
132 0.25 220
132 0.3125 203
132 0.375 143
132 0.4375 126
132 0.5 135
132 0.5625 111
132 0.625 173
132 0.6875 265
132 0.75 448
132 0.8125 669
132 0.875 771
132 0.9375 872
133 0 793
133 0.0625 663
133 0.125 471
133 0.1875 323
133 0.25 255
133 0.3125 185
133 0.375 153
133 0.4375 137
133 0.5 127
133 0.5625 118
133 0.625 157
133 0.6875 278
133 0.75 434
133 0.8125 682
133 0.875 802
133 0.9375 815
134 0 737
134 0.0625 605
134 0.125 453
134 0.1875 314
134 0.25 227
134 0.3125 156
134 0.375 135
134 0.4375 119
134 0.5 117
134 0.5625 131
134 0.625 144
134 0.6875 264
134 0.75 468
134 0.8125 655
134 0.875 805
134 0.9375 819
135 0 735
135 0.0625 591
135 0.125 405
135 0.1875 275
135 0.25 211
135 0.3125 164
135 0.375 130
135 0.4375 117
135 0.5 98
135 0.5625 129
135 0.625 173
135 0.6875 284
135 0.75 404
135 0.8125 654
135 0.875 791
135 0.9375 851
136 0 796
136 0.0625 602
136 0.125 431
136 0.1875 299
136 0.25 224
136 0.3125 167
136 0.375 127
136 0.4375 112
136 0.5 127
136 0.5625 103
136 0.625 140
136 0.6875 280
136 0.75 433
136 0.8125 586
136 0.875 774
136 0.9375 785
137 0 713
137 0.0625 593
137 0.125 439
137 0.1875 309
137 0.25 233
137 0.3125 180
137 0.375 143
137 0.4375 123
137 0.5 126
137 0.5625 120
137 0.625 162
137 0.6875 239
137 0.75 422
137 0.8125 601
137 0.875 746
137 0.9375 776
138 0 713
138 0.0625 607
138 0.125 408
138 0.1875 291
138 0.25 210
138 0.3125 147
138 0.375 121
138 0.4375 116
138 0.5 118
138 0.5625 103
138 0.625 146
138 0.6875 257
138 0.75 437
138 0.8125 607
138 0.875 705
138 0.9375 793
139 0 674
139 0.0625 589
139 0.125 374
139 0.1875 288
139 0.25 180
139 0.3125 150
139 0.375 115
139 0.4375 115
139 0.5 135
139 0.5625 147
139 0.625 187
139 0.6875 243
139 0.75 453
139 0.8125 631
139 0.875 706
139 0.9375 807
140 0 721
140 0.0625 558
140 0.125 394
140 0.1875 280
140 0.25 204
140 0.3125 164
140 0.375 132
140 0.4375 113
140 0.5 105
140 0.5625 125
140 0.625 165
140 0.6875 259
140 0.75 390
140 0.8125 562
140 0.875 738
140 0.9375 710
141 0 683
141 0.0625 579
141 0.125 370
141 0.1875 319
141 0.25 210
141 0.3125 178
141 0.375 129
141 0.4375 132
141 0.5 108
141 0.5625 106
141 0.625 119
141 0.6875 279
141 0.75 456
141 0.8125 557
141 0.875 735
141 0.9375 769
142 0 660
142 0.0625 538
142 0.125 442
142 0.1875 287
142 0.25 183
142 0.3125 158
142 0.375 125
142 0.4375 109
142 0.5 95
142 0.5625 110
142 0.625 129
142 0.6875 253
142 0.75 409
142 0.8125 580
142 0.875 680
142 0.9375 725
143 0 697
143 0.0625 483
143 0.125 386
143 0.1875 258
143 0.25 192
143 0.3125 143
143 0.375 147
143 0.4375 124
143 0.5 111
143 0.5625 111
143 0.625 150
143 0.6875 213
143 0.75 386
143 0.8125 556
143 0.875 640
143 0.9375 718
144 0 647
144 0.0625 557
144 0.125 381
144 0.1875 264
144 0.25 181
144 0.3125 159
144 0.375 108
144 0.4375 111
144 0.5 136
144 0.5625 116
144 0.625 161
144 0.6875 231
144 0.75 386
144 0.8125 575
144 0.875 652
144 0.9375 721
145 0 590
145 0.0625 479
145 0.125 385
145 0.1875 278
145 0.25 178
145 0.3125 145
145 0.375 125
145 0.4375 114
145 0.5 88
145 0.5625 98
145 0.625 137
145 0.6875 229
145 0.75 410
145 0.8125 515
145 0.875 664
145 0.9375 680
146 0 626
146 0.0625 496
146 0.125 397
146 0.1875 265
146 0.25 173
146 0.3125 142
146 0.375 106
146 0.4375 92
146 0.5 108
146 0.5625 107
146 0.625 153
146 0.6875 239
146 0.75 389
146 0.8125 543
146 0.875 615
146 0.9375 683
147 0 613
147 0.0625 454
147 0.125 371
147 0.1875 255
147 0.25 192
147 0.3125 142
147 0.375 112
147 0.4375 112
147 0.5 94
147 0.5625 109
147 0.625 133
147 0.6875 243
147 0.75 340
147 0.8125 526
147 0.875 649
147 0.9375 691
148 0 623
148 0.0625 475
148 0.125 375
148 0.1875 262
148 0.25 201
148 0.3125 116
148 0.375 138
148 0.4375 94
148 0.5 98
148 0.5625 104
148 0.625 137
148 0.6875 229
148 0.75 351
148 0.8125 521
148 0.875 601
148 0.9375 618
149 0 633
149 0.0625 478
149 0.125 320
149 0.1875 254
149 0.25 178
149 0.3125 144
149 0.375 108
149 0.4375 107
149 0.5 108
149 0.5625 105
149 0.625 117
149 0.6875 205
149 0.75 373
149 0.8125 499
149 0.875 600
149 0.9375 687
150 0 588
150 0.0625 473
150 0.125 343
150 0.1875 221
150 0.25 132
150 0.3125 138
150 0.375 89
150 0.4375 98
150 0.5 88
150 0.5625 95
150 0.625 118
150 0.6875 219
150 0.75 341
150 0.8125 491
150 0.875 600
150 0.9375 635
151 0 614
151 0.0625 439
151 0.125 330
151 0.1875 259
151 0.25 162
151 0.3125 153
151 0.375 107
151 0.4375 98
151 0.5 98
151 0.5625 83
151 0.625 127
151 0.6875 231
151 0.75 364
151 0.8125 459
151 0.875 545
151 0.9375 657
152 0 562
152 0.0625 481
152 0.125 323
152 0.1875 230
152 0.25 153
152 0.3125 118
152 0.375 108
152 0.4375 94
152 0.5 104
152 0.5625 82
152 0.625 103
152 0.6875 213
152 0.75 306
152 0.8125 443
152 0.875 589
152 0.9375 625
153 0 518
153 0.0625 444
153 0.125 360
153 0.1875 216
153 0.25 167
153 0.3125 134
153 0.375 99
153 0.4375 93
153 0.5 86
153 0.5625 91
153 0.625 112
153 0.6875 196
153 0.75 348
153 0.8125 491
153 0.875 589
153 0.9375 607
154 0 542
154 0.0625 444
154 0.125 323
154 0.1875 247
154 0.25 156
154 0.3125 140
154 0.375 97
154 0.4375 92
154 0.5 101
154 0.5625 82
154 0.625 127
154 0.6875 240
154 0.75 339
154 0.8125 469
154 0.875 603
154 0.9375 599
155 0 489
155 0.0625 468
155 0.125 329
155 0.1875 218
155 0.25 163
155 0.3125 122
155 0.375 100
155 0.4375 90
155 0.5 98
155 0.5625 90
155 0.625 109
155 0.6875 222
155 0.75 337
155 0.8125 487
155 0.875 569
155 0.9375 572
156 0 578
156 0.0625 419
156 0.125 294
156 0.1875 212
156 0.25 160
156 0.3125 123
156 0.375 90
156 0.4375 102
156 0.5 80
156 0.5625 91
156 0.625 111
156 0.6875 208
156 0.75 324
156 0.8125 455
156 0.875 553
156 0.9375 579
157 0 557
157 0.0625 369
157 0.125 319
157 0.1875 242
157 0.25 171
157 0.3125 128
157 0.375 100
157 0.4375 81
157 0.5 95
157 0.5625 87
157 0.625 112
157 0.6875 185
157 0.75 345
157 0.8125 426
157 0.875 564
157 0.9375 593
158 0 514
158 0.0625 407
158 0.125 289
158 0.1875 237
158 0.25 178
158 0.3125 118
158 0.375 103
158 0.4375 88
158 0.5 86
158 0.5625 77
158 0.625 128
158 0.6875 179
158 0.75 316
158 0.8125 434
158 0.875 506
158 0.9375 551
159 0 455
159 0.0625 380
159 0.125 300
159 0.1875 209
159 0.25 146
159 0.3125 126
159 0.375 102
159 0.4375 91
159 0.5 86
159 0.5625 75
159 0.625 129
159 0.6875 194
159 0.75 317
159 0.8125 448
159 0.875 515
159 0.9375 609
160 0 508
160 0.0625 413
160 0.125 304
160 0.1875 222
160 0.25 144
160 0.3125 117
160 0.375 96
160 0.4375 87
160 0.5 93
160 0.5625 75
160 0.625 111
160 0.6875 196
160 0.75 301
160 0.8125 437
160 0.875 488
160 0.9375 529
161 0 478
161 0.0625 386
161 0.125 278
161 0.1875 199
161 0.25 134
161 0.3125 110
161 0.375 88
161 0.4375 93
161 0.5 85
161 0.5625 83
161 0.625 110
161 0.6875 200
161 0.75 321
161 0.8125 443
161 0.875 522
161 0.9375 517
162 0 472
162 0.0625 371
162 0.125 288
162 0.1875 196
162 0.25 163
162 0.3125 101
162 0.375 82
162 0.4375 87
162 0.5 70
162 0.5625 78
162 0.625 118
162 0.6875 191
162 0.75 298
162 0.8125 412
162 0.875 497
162 0.9375 539
163 0 479
163 0.0625 381
163 0.125 272
163 0.1875 192
163 0.25 151
163 0.3125 96
163 0.375 105
163 0.4375 84
163 0.5 77
163 0.5625 65
163 0.625 102
163 0.6875 154
163 0.75 281
163 0.8125 425
163 0.875 479
163 0.9375 520
164 0 452
164 0.0625 324
164 0.125 276
164 0.1875 198
164 0.25 137
164 0.3125 124
164 0.375 83
164 0.4375 83
164 0.5 84
164 0.5625 72
164 0.625 109
164 0.6875 181
164 0.75 324
164 0.8125 391
164 0.875 519
164 0.9375 570
165 0 451
165 0.0625 371
165 0.125 252
165 0.1875 203
165 0.25 158
165 0.3125 111
165 0.375 89
165 0.4375 74
165 0.5 73
165 0.5625 88
165 0.625 92
165 0.6875 154
165 0.75 290
165 0.8125 396
165 0.875 474
165 0.9375 510
166 0 459
166 0.0625 371
166 0.125 262
166 0.1875 201
166 0.25 139
166 0.3125 113
166 0.375 95
166 0.4375 101
166 0.5 76
166 0.5625 77
166 0.625 102
166 0.6875 194
166 0.75 312
166 0.8125 383
166 0.875 495
166 0.9375 508
167 0 428
167 0.0625 354
167 0.125 279
167 0.1875 170
167 0.25 136
167 0.3125 112
167 0.375 77
167 0.4375 88
167 0.5 82
167 0.5625 73
167 0.625 90
167 0.6875 174
167 0.75 256
167 0.8125 406
167 0.875 485
167 0.9375 481
168 0 436
168 0.0625 357
168 0.125 273
168 0.1875 176
168 0.25 125
168 0.3125 125
168 0.375 93
168 0.4375 77
168 0.5 81
168 0.5625 72
168 0.625 109
168 0.6875 164
168 0.75 263
168 0.8125 352
168 0.875 458
168 0.9375 496
169 0 453
169 0.0625 336
169 0.125 259
169 0.1875 169
169 0.25 141
169 0.3125 105
169 0.375 79
169 0.4375 80
169 0.5 54
169 0.5625 89
169 0.625 94
169 0.6875 192
169 0.75 272
169 0.8125 367
169 0.875 454
169 0.9375 476
170 0 437
170 0.0625 337
170 0.125 224
170 0.1875 199
170 0.25 130
170 0.3125 94
170 0.375 88
170 0.4375 86
170 0.5 72
170 0.5625 84
170 0.625 99
170 0.6875 146
170 0.75 278
170 0.8125 368
170 0.875 449
170 0.9375 446
171 0 401
171 0.0625 331
171 0.125 261
171 0.1875 190
171 0.25 119
171 0.3125 101
171 0.375 68
171 0.4375 72
171 0.5 65
171 0.5625 67
171 0.625 113
171 0.6875 154
171 0.75 229
171 0.8125 406
171 0.875 444
171 0.9375 461
172 0 443
172 0.0625 309
172 0.125 243
172 0.1875 167
172 0.25 128
172 0.3125 111
172 0.375 79
172 0.4375 71
172 0.5 80
172 0.5625 89
172 0.625 87
172 0.6875 169
172 0.75 274
172 0.8125 364
172 0.875 443
172 0.9375 437
173 0 403
173 0.0625 298
173 0.125 241
173 0.1875 150
173 0.25 106
173 0.3125 111
173 0.375 82
173 0.4375 82
173 0.5 71
173 0.5625 73
173 0.625 103
173 0.6875 153
173 0.75 281
173 0.8125 345
173 0.875 433
173 0.9375 434
174 0 418
174 0.0625 309
174 0.125 208
174 0.1875 168
174 0.25 121
174 0.3125 102
174 0.375 86
174 0.4375 65
174 0.5 80
174 0.5625 72
174 0.625 89
174 0.6875 159
174 0.75 216
174 0.8125 345
174 0.875 427
174 0.9375 426
175 0 390
175 0.0625 310
175 0.125 234
175 0.1875 162
175 0.25 104
175 0.3125 90
175 0.375 85
175 0.4375 73
175 0.5 78
175 0.5625 68
175 0.625 91
175 0.6875 132
175 0.75 229
175 0.8125 332
175 0.875 384
175 0.9375 410
176 0 329
176 0.0625 292
176 0.125 231
176 0.1875 127
176 0.25 105
176 0.3125 68
176 0.375 80
176 0.4375 64
176 0.5 59
176 0.5625 71
176 0.625 83
176 0.6875 155
176 0.75 240
176 0.8125 353
176 0.875 410
176 0.9375 425
177 0 361
177 0.0625 305
177 0.125 211
177 0.1875 132
177 0.25 142
177 0.3125 83
177 0.375 79
177 0.4375 63
177 0.5 73
177 0.5625 75
177 0.625 86
177 0.6875 151
177 0.75 214
177 0.8125 307
177 0.875 384
177 0.9375 404
178 0 341
178 0.0625 242
178 0.125 197
178 0.1875 135
178 0.25 110
178 0.3125 91
178 0.375 68
178 0.4375 67
178 0.5 59
178 0.5625 76
178 0.625 82
178 0.6875 131
178 0.75 249
178 0.8125 303
178 0.875 372
178 0.9375 395
179 0 321
179 0.0625 277
179 0.125 201
179 0.1875 149
179 0.25 106
179 0.3125 85
179 0.375 55
179 0.4375 74
179 0.5 74
179 0.5625 55
179 0.625 78
179 0.6875 146
179 0.75 220
179 0.8125 301
179 0.875 377
179 0.9375 368
180 0 345
180 0.0625 272
180 0.125 193
180 0.1875 161
180 0.25 105
180 0.3125 88
180 0.375 54
180 0.4375 79
180 0.5 40
180 0.5625 54
180 0.625 100
180 0.6875 143
180 0.75 226
180 0.8125 329
180 0.875 367
180 0.9375 372
181 0 326
181 0.0625 264
181 0.125 219
181 0.1875 137
181 0.25 124
181 0.3125 89
181 0.375 70
181 0.4375 60
181 0.5 64
181 0.5625 54
181 0.625 78
181 0.6875 134
181 0.75 222
181 0.8125 311
181 0.875 348
181 0.9375 400
182 0 340
182 0.0625 251
182 0.125 177
182 0.1875 134
182 0.25 108
182 0.3125 78
182 0.375 58
182 0.4375 66
182 0.5 62
182 0.5625 52
182 0.625 94
182 0.6875 150
182 0.75 223
182 0.8125 257
182 0.875 325
182 0.9375 351
183 0 272
183 0.0625 261
183 0.125 184
183 0.1875 127
183 0.25 104
183 0.3125 79
183 0.375 68
183 0.4375 63
183 0.5 56
183 0.5625 74
183 0.625 87
183 0.6875 114
183 0.75 216
183 0.8125 241
183 0.875 324
183 0.9375 310
184 0 308
184 0.0625 244
184 0.125 191
184 0.1875 134
184 0.25 101
184 0.3125 67
184 0.375 69
184 0.4375 54
184 0.5 68
184 0.5625 54
184 0.625 72
184 0.6875 108
184 0.75 190
184 0.8125 265
184 0.875 355
184 0.9375 335
185 0 315
185 0.0625 235
185 0.125 185
185 0.1875 115
185 0.25 94
185 0.3125 88
185 0.375 77
185 0.4375 65
185 0.5 69
185 0.5625 65
185 0.625 65
185 0.6875 125
185 0.75 181
185 0.8125 311
185 0.875 337
185 0.9375 345
186 0 302
186 0.0625 210
186 0.125 179
186 0.1875 124
186 0.25 101
186 0.3125 74
186 0.375 62
186 0.4375 56
186 0.5 58
186 0.5625 59
186 0.625 78
186 0.6875 120
186 0.75 189
186 0.8125 261
186 0.875 338
186 0.9375 309
187 0 299
187 0.0625 256
187 0.125 154
187 0.1875 110
187 0.25 98
187 0.3125 73
187 0.375 78
187 0.4375 65
187 0.5 61
187 0.5625 62
187 0.625 84
187 0.6875 128
187 0.75 210
187 0.8125 265
187 0.875 331
187 0.9375 310
188 0 285
188 0.0625 221
188 0.125 180
188 0.1875 154
188 0.25 93
188 0.3125 85
188 0.375 52
188 0.4375 58
188 0.5 77
188 0.5625 59
188 0.625 73
188 0.6875 107
188 0.75 174
188 0.8125 261
188 0.875 301
188 0.9375 320
189 0 289
189 0.0625 223
189 0.125 188
189 0.1875 126
189 0.25 104
189 0.3125 70
189 0.375 64
189 0.4375 52
189 0.5 51
189 0.5625 58
189 0.625 74
189 0.6875 143
189 0.75 179
189 0.8125 294
189 0.875 273
189 0.9375 320
190 0 295
190 0.0625 204
190 0.125 158
190 0.1875 120
190 0.25 93
190 0.3125 68
190 0.375 76
190 0.4375 68
190 0.5 62
190 0.5625 44
190 0.625 82
190 0.6875 103
190 0.75 197
190 0.8125 260
190 0.875 305
190 0.9375 318
191 0 296
191 0.0625 215
191 0.125 160
191 0.1875 131
191 0.25 81
191 0.3125 76
191 0.375 51
191 0.4375 47
191 0.5 47
191 0.5625 55
191 0.625 61
191 0.6875 125
191 0.75 211
191 0.8125 258
191 0.875 254
191 0.9375 303
192 0 267
192 0.0625 211
192 0.125 156
192 0.1875 122
192 0.25 77
192 0.3125 68
192 0.375 76
192 0.4375 44
192 0.5 72
192 0.5625 48
192 0.625 64
192 0.6875 102
192 0.75 186
192 0.8125 228
192 0.875 325
192 0.9375 311
193 0 258
193 0.0625 200
193 0.125 124
193 0.1875 114
193 0.25 82
193 0.3125 80
193 0.375 60
193 0.4375 60
193 0.5 45
193 0.5625 48
193 0.625 76
193 0.6875 110
193 0.75 177
193 0.8125 261
193 0.875 291
193 0.9375 305
194 0 223
194 0.0625 225
194 0.125 131
194 0.1875 126
194 0.25 94
194 0.3125 66
194 0.375 63
194 0.4375 56
194 0.5 55
194 0.5625 47
194 0.625 74
194 0.6875 130
194 0.75 189
194 0.8125 239
194 0.875 233
194 0.9375 269
195 0 273
195 0.0625 214
195 0.125 141
195 0.1875 107
195 0.25 96
195 0.3125 69
195 0.375 55
195 0.4375 57
195 0.5 50
195 0.5625 50
195 0.625 77
195 0.6875 111
195 0.75 171
195 0.8125 255
195 0.875 266
195 0.9375 305
196 0 248
196 0.0625 167
196 0.125 124
196 0.1875 88
196 0.25 94
196 0.3125 63
196 0.375 50
196 0.4375 45
196 0.5 59
196 0.5625 43
196 0.625 59
196 0.6875 112
196 0.75 170
196 0.8125 252
196 0.875 292
196 0.9375 288
197 0 229
197 0.0625 202
197 0.125 137
197 0.1875 112
197 0.25 88
197 0.3125 56
197 0.375 51
197 0.4375 53
197 0.5 51
197 0.5625 68
197 0.625 68
197 0.6875 95
197 0.75 151
197 0.8125 233
197 0.875 265
197 0.9375 275
198 0 234
198 0.0625 184
198 0.125 157
198 0.1875 80
198 0.25 81
198 0.3125 83
198 0.375 48
198 0.4375 51
198 0.5 39
198 0.5625 44
198 0.625 58
198 0.6875 116
198 0.75 147
198 0.8125 248
198 0.875 294
198 0.9375 272
199 0 270
199 0.0625 183
199 0.125 142
199 0.1875 92
199 0.25 70
199 0.3125 61
199 0.375 35
199 0.4375 54
199 0.5 61
199 0.5625 48
199 0.625 79
199 0.6875 91
199 0.75 172
199 0.8125 213
199 0.875 235
199 0.9375 265
200 0 218
200 0.0625 148
200 0.125 133
200 0.1875 96
200 0.25 87
200 0.3125 69
200 0.375 53
200 0.4375 48
200 0.5 44
200 0.5625 57
200 0.625 73
200 0.6875 99
200 0.75 166
200 0.8125 213
200 0.875 251
200 0.9375 265
201 0 212
201 0.0625 158
201 0.125 116
201 0.1875 95
201 0.25 81
201 0.3125 58
201 0.375 55
201 0.4375 42
201 0.5 51
201 0.5625 41
201 0.625 69
201 0.6875 90
201 0.75 171
201 0.8125 210
201 0.875 261
201 0.9375 264
202 0 212
202 0.0625 152
202 0.125 109
202 0.1875 92
202 0.25 72
202 0.3125 60
202 0.375 56
202 0.4375 56
202 0.5 52
202 0.5625 38
202 0.625 51
202 0.6875 77
202 0.75 129
202 0.8125 185
202 0.875 233
202 0.9375 246
203 0 220
203 0.0625 163
203 0.125 139
203 0.1875 74
203 0.25 68
203 0.3125 62
203 0.375 52
203 0.4375 46
203 0.5 56
203 0.5625 47
203 0.625 54
203 0.6875 74
203 0.75 156
203 0.8125 214
203 0.875 252
203 0.9375 242
204 0 221
204 0.0625 171
204 0.125 106
204 0.1875 81
204 0.25 68
204 0.3125 55
204 0.375 54
204 0.4375 37
204 0.5 39
204 0.5625 33
204 0.625 50
204 0.6875 103
204 0.75 130
204 0.8125 180
204 0.875 228
204 0.9375 284
205 0 207
205 0.0625 160
205 0.125 119
205 0.1875 76
205 0.25 76
205 0.3125 65
205 0.375 51
205 0.4375 48
205 0.5 50
205 0.5625 52
205 0.625 44
205 0.6875 104
205 0.75 139
205 0.8125 194
205 0.875 232
205 0.9375 248
206 0 208
206 0.0625 163
206 0.125 110
206 0.1875 106
206 0.25 58
206 0.3125 52
206 0.375 43
206 0.4375 51
206 0.5 45
206 0.5625 51
206 0.625 51
206 0.6875 102
206 0.75 148
206 0.8125 192
206 0.875 223
206 0.9375 225
207 0 191
207 0.0625 138
207 0.125 88
207 0.1875 79
207 0.25 70
207 0.3125 59
207 0.375 51
207 0.4375 41
207 0.5 41
207 0.5625 41
207 0.625 50
207 0.6875 88
207 0.75 137
207 0.8125 198
207 0.875 196
207 0.9375 215
208 0 179
208 0.0625 147
208 0.125 98
208 0.1875 69
208 0.25 46
208 0.3125 40
208 0.375 49
208 0.4375 52
208 0.5 40
208 0.5625 27
208 0.625 66
208 0.6875 73
208 0.75 136
208 0.8125 183
208 0.875 210
208 0.9375 215
209 0 163
209 0.0625 144
209 0.125 102
209 0.1875 93
209 0.25 60
209 0.3125 50
209 0.375 36
209 0.4375 47
209 0.5 44
209 0.5625 39
209 0.625 46
209 0.6875 89
209 0.75 133
209 0.8125 163
209 0.875 177
209 0.9375 190
210 0 169
210 0.0625 124
210 0.125 109
210 0.1875 82
210 0.25 63
210 0.3125 42
210 0.375 50
210 0.4375 40
210 0.5 48
210 0.5625 40
210 0.625 51
210 0.6875 91
210 0.75 122
210 0.8125 159
210 0.875 186
210 0.9375 176
211 0 165
211 0.0625 122
211 0.125 94
211 0.1875 68
211 0.25 52
211 0.3125 46
211 0.375 50
211 0.4375 40
211 0.5 34
211 0.5625 32
211 0.625 47
211 0.6875 60
211 0.75 126
211 0.8125 155
211 0.875 185
211 0.9375 198
212 0 132
212 0.0625 132
212 0.125 105
212 0.1875 61
212 0.25 37
212 0.3125 31
212 0.375 33
212 0.4375 33
212 0.5 31
212 0.5625 29
212 0.625 34
212 0.6875 72
212 0.75 115
212 0.8125 112
212 0.875 165
212 0.9375 190
213 0 146
213 0.0625 120
213 0.125 77
213 0.1875 58
213 0.25 56
213 0.3125 55
213 0.375 40
213 0.4375 26
213 0.5 30
213 0.5625 37
213 0.625 39
213 0.6875 61
213 0.75 94
213 0.8125 130
213 0.875 188
213 0.9375 164
214 0 139
214 0.0625 103
214 0.125 66
214 0.1875 47
214 0.25 47
214 0.3125 33
214 0.375 28
214 0.4375 28
214 0.5 43
214 0.5625 33
214 0.625 39
214 0.6875 58
214 0.75 105
214 0.8125 125
214 0.875 136
214 0.9375 156
215 0 136
215 0.0625 103
215 0.125 85
215 0.1875 50
215 0.25 39
215 0.3125 34
215 0.375 29
215 0.4375 25
215 0.5 26
215 0.5625 25
215 0.625 44
215 0.6875 64
215 0.75 85
215 0.8125 123
215 0.875 139
215 0.9375 135
216 0 126
216 0.0625 101
216 0.125 86
216 0.1875 62
216 0.25 35
216 0.3125 36
216 0.375 23
216 0.4375 25
216 0.5 26
216 0.5625 35
216 0.625 40
216 0.6875 53
216 0.75 86
216 0.8125 115
216 0.875 135
216 0.9375 137
217 0 123
217 0.0625 103
217 0.125 52
217 0.1875 37
217 0.25 40
217 0.3125 27
217 0.375 28
217 0.4375 26
217 0.5 28
217 0.5625 30
217 0.625 35
217 0.6875 52
217 0.75 76
217 0.8125 118
217 0.875 134
217 0.9375 136
218 0 111
218 0.0625 92
218 0.125 65
218 0.1875 50
218 0.25 32
218 0.3125 23
218 0.375 27
218 0.4375 24
218 0.5 25
218 0.5625 23
218 0.625 32
218 0.6875 45
218 0.75 72
218 0.8125 106
218 0.875 123
218 0.9375 104
219 0 116
219 0.0625 78
219 0.125 50
219 0.1875 47
219 0.25 27
219 0.3125 26
219 0.375 27
219 0.4375 14
219 0.5 17
219 0.5625 17
219 0.625 45
219 0.6875 51
219 0.75 67
219 0.8125 93
219 0.875 109
219 0.9375 112
220 0 103
220 0.0625 81
220 0.125 39
220 0.1875 27
220 0.25 23
220 0.3125 17
220 0.375 35
220 0.4375 26
220 0.5 33
220 0.5625 18
220 0.625 23
220 0.6875 48
220 0.75 66
220 0.8125 90
220 0.875 91
220 0.9375 111
221 0 103
221 0.0625 80
221 0.125 58
221 0.1875 46
221 0.25 38
221 0.3125 35
221 0.375 28
221 0.4375 18
221 0.5 23
221 0.5625 23
221 0.625 35
221 0.6875 48
221 0.75 56
221 0.8125 85
221 0.875 100
221 0.9375 111
222 0 94
222 0.0625 71
222 0.125 39
222 0.1875 39
222 0.25 34
222 0.3125 26
222 0.375 27
222 0.4375 28
222 0.5 13
222 0.5625 21
222 0.625 27
222 0.6875 38
222 0.75 73
222 0.8125 79
222 0.875 100
222 0.9375 103
223 0 90
223 0.0625 63
223 0.125 48
223 0.1875 33
223 0.25 24
223 0.3125 18
223 0.375 13
223 0.4375 19
223 0.5 24
223 0.5625 22
223 0.625 24
223 0.6875 42
223 0.75 59
223 0.8125 74
223 0.875 99
223 0.9375 99
224 0 83
224 0.0625 76
224 0.125 47
224 0.1875 47
224 0.25 39
224 0.3125 25
224 0.375 23
224 0.4375 18
224 0.5 20
224 0.5625 28
224 0.625 22
224 0.6875 34
224 0.75 57
224 0.8125 63
224 0.875 95
224 0.9375 100
225 0 79
225 0.0625 62
225 0.125 68
225 0.1875 34
225 0.25 22
225 0.3125 28
225 0.375 25
225 0.4375 19
225 0.5 18
225 0.5625 31
225 0.625 20
225 0.6875 38
225 0.75 71
225 0.8125 71
225 0.875 88
225 0.9375 103
226 0 75
226 0.0625 68
226 0.125 39
226 0.1875 49
226 0.25 28
226 0.3125 25
226 0.375 21
226 0.4375 20
226 0.5 13
226 0.5625 24
226 0.625 34
226 0.6875 30
226 0.75 41
226 0.8125 79
226 0.875 106
226 0.9375 84
227 0 72
227 0.0625 55
227 0.125 49
227 0.1875 36
227 0.25 26
227 0.3125 16
227 0.375 30
227 0.4375 22
227 0.5 20
227 0.5625 20
227 0.625 16
227 0.6875 51
227 0.75 60
227 0.8125 81
227 0.875 69
227 0.9375 86
228 0 67
228 0.0625 72
228 0.125 48
228 0.1875 33
228 0.25 39
228 0.3125 27
228 0.375 20
228 0.4375 16
228 0.5 20
228 0.5625 19
228 0.625 28
228 0.6875 43
228 0.75 49
228 0.8125 59
228 0.875 93
228 0.9375 91
229 0 78
229 0.0625 48
229 0.125 62
229 0.1875 30
229 0.25 28
229 0.3125 24
229 0.375 18
229 0.4375 30
229 0.5 21
229 0.5625 26
229 0.625 24
229 0.6875 37
229 0.75 53
229 0.8125 68
229 0.875 102
229 0.9375 98
230 0 80
230 0.0625 55
230 0.125 38
230 0.1875 35
230 0.25 33
230 0.3125 36
230 0.375 11
230 0.4375 20
230 0.5 28
230 0.5625 22
230 0.625 30
230 0.6875 25
230 0.75 70
230 0.8125 87
230 0.875 99
230 0.9375 92
231 0 68
231 0.0625 71
231 0.125 37
231 0.1875 30
231 0.25 26
231 0.3125 15
231 0.375 20
231 0.4375 23
231 0.5 28
231 0.5625 21
231 0.625 23
231 0.6875 46
231 0.75 61
231 0.8125 82
231 0.875 77
231 0.9375 69
232 0 80
232 0.0625 66
232 0.125 62
232 0.1875 37
232 0.25 23
232 0.3125 22
232 0.375 24
232 0.4375 22
232 0.5 21
232 0.5625 18
232 0.625 25
232 0.6875 33
232 0.75 63
232 0.8125 79
232 0.875 65
232 0.9375 108
233 0 71
233 0.0625 50
233 0.125 53
233 0.1875 25
233 0.25 28
233 0.3125 24
233 0.375 30
233 0.4375 24
233 0.5 23
233 0.5625 23
233 0.625 19
233 0.6875 52
233 0.75 63
233 0.8125 74
233 0.875 95
233 0.9375 84
234 0 74
234 0.0625 69
234 0.125 45
234 0.1875 26
234 0.25 31
234 0.3125 22
234 0.375 21
234 0.4375 17
234 0.5 19
234 0.5625 22
234 0.625 19
234 0.6875 32
234 0.75 45
234 0.8125 71
234 0.875 94
234 0.9375 89
235 0 63
235 0.0625 56
235 0.125 52
235 0.1875 40
235 0.25 35
235 0.3125 24
235 0.375 21
235 0.4375 22
235 0.5 24
235 0.5625 16
235 0.625 19
235 0.6875 34
235 0.75 57
235 0.8125 62
235 0.875 87
235 0.9375 71
236 0 80
236 0.0625 76
236 0.125 32
236 0.1875 24
236 0.25 26
236 0.3125 26
236 0.375 16
236 0.4375 21
236 0.5 25
236 0.5625 13
236 0.625 19
236 0.6875 54
236 0.75 59
236 0.8125 69
236 0.875 80
236 0.9375 83
237 0 76
237 0.0625 58
237 0.125 50
237 0.1875 43
237 0.25 29
237 0.3125 25
237 0.375 18
237 0.4375 23
237 0.5 19
237 0.5625 20
237 0.625 29
237 0.6875 40
237 0.75 53
237 0.8125 72
237 0.875 87
237 0.9375 83
238 0 71
238 0.0625 54
238 0.125 48
238 0.1875 36
238 0.25 29
238 0.3125 26
238 0.375 19
238 0.4375 21
238 0.5 21
238 0.5625 17
238 0.625 24
238 0.6875 32
238 0.75 51
238 0.8125 62
238 0.875 74
238 0.9375 75
239 0 78
239 0.0625 67
239 0.125 36
239 0.1875 38
239 0.25 16
239 0.3125 24
239 0.375 23
239 0.4375 16
239 0.5 20
239 0.5625 25
239 0.625 20
239 0.6875 33
239 0.75 62
239 0.8125 90
239 0.875 73
239 0.9375 90
240 0 74
240 0.0625 52
240 0.125 45
240 0.1875 30
240 0.25 24
240 0.3125 21
240 0.375 22
240 0.4375 27
240 0.5 25
240 0.5625 16
240 0.625 27
240 0.6875 36
240 0.75 51
240 0.8125 69
240 0.875 83
240 0.9375 81
241 0 78
241 0.0625 49
241 0.125 42
241 0.1875 35
241 0.25 29
241 0.3125 24
241 0.375 19
241 0.4375 16
241 0.5 14
241 0.5625 15
241 0.625 28
241 0.6875 37
241 0.75 59
241 0.8125 58
241 0.875 72
241 0.9375 88
242 0 77
242 0.0625 69
242 0.125 43
242 0.1875 26
242 0.25 28
242 0.3125 36
242 0.375 24
242 0.4375 16
242 0.5 10
242 0.5625 24
242 0.625 30
242 0.6875 32
242 0.75 61
242 0.8125 67
242 0.875 87
242 0.9375 78
243 0 67
243 0.0625 52
243 0.125 45
243 0.1875 22
243 0.25 29
243 0.3125 23
243 0.375 16
243 0.4375 16
243 0.5 23
243 0.5625 34
243 0.625 26
243 0.6875 36
243 0.75 49
243 0.8125 62
243 0.875 88
243 0.9375 78
244 0 91
244 0.0625 56
244 0.125 38
244 0.1875 34
244 0.25 23
244 0.3125 19
244 0.375 21
244 0.4375 22
244 0.5 21
244 0.5625 23
244 0.625 18
244 0.6875 32
244 0.75 56
244 0.8125 53
244 0.875 79
244 0.9375 102
245 0 73
245 0.0625 63
245 0.125 41
245 0.1875 35
245 0.25 18
245 0.3125 21
245 0.375 23
245 0.4375 14
245 0.5 16
245 0.5625 27
245 0.625 22
245 0.6875 34
245 0.75 48
245 0.8125 72
245 0.875 85
245 0.9375 75
246 0 62
246 0.0625 68
246 0.125 35
246 0.1875 32
246 0.25 39
246 0.3125 14
246 0.375 15
246 0.4375 24
246 0.5 17
246 0.5625 14
246 0.625 31
246 0.6875 28
246 0.75 40
246 0.8125 64
246 0.875 75
246 0.9375 74
247 0 71
247 0.0625 52
247 0.125 46
247 0.1875 32
247 0.25 19
247 0.3125 25
247 0.375 32
247 0.4375 21
247 0.5 9
247 0.5625 16
247 0.625 28
247 0.6875 41
247 0.75 35
247 0.8125 65
247 0.875 65
247 0.9375 72
248 0 75
248 0.0625 55
248 0.125 38
248 0.1875 38
248 0.25 20
248 0.3125 26
248 0.375 24
248 0.4375 16
248 0.5 17
248 0.5625 22
248 0.625 24
248 0.6875 41
248 0.75 53
248 0.8125 64
248 0.875 70
248 0.9375 70
249 0 66
249 0.0625 58
249 0.125 46
249 0.1875 28
249 0.25 26
249 0.3125 12
249 0.375 22
249 0.4375 13
249 0.5 19
249 0.5625 15
249 0.625 25
249 0.6875 39
249 0.75 52
249 0.8125 52
249 0.875 74
249 0.9375 80
250 0 65
250 0.0625 57
250 0.125 38
250 0.1875 21
250 0.25 30
250 0.3125 26
250 0.375 27
250 0.4375 24
250 0.5 21
250 0.5625 19
250 0.625 18
250 0.6875 35
250 0.75 37
250 0.8125 51
250 0.875 69
250 0.9375 76
251 0 62
251 0.0625 43
251 0.125 31
251 0.1875 23
251 0.25 29
251 0.3125 17
251 0.375 24
251 0.4375 16
251 0.5 13
251 0.5625 20
251 0.625 30
251 0.6875 40
251 0.75 52
251 0.8125 58
251 0.875 71
251 0.9375 76
252 0 68
252 0.0625 53
252 0.125 36
252 0.1875 42
252 0.25 18
252 0.3125 22
252 0.375 19
252 0.4375 19
252 0.5 22
252 0.5625 22
252 0.625 23
252 0.6875 35
252 0.75 43
252 0.8125 73
252 0.875 73
252 0.9375 73
253 0 60
253 0.0625 42
253 0.125 29
253 0.1875 16
253 0.25 24
253 0.3125 19
253 0.375 12
253 0.4375 11
253 0.5 10
253 0.5625 22
253 0.625 21
253 0.6875 36
253 0.75 61
253 0.8125 59
253 0.875 63
253 0.9375 61
254 0 71
254 0.0625 35
254 0.125 48
254 0.1875 33
254 0.25 27
254 0.3125 14
254 0.375 18
254 0.4375 20
254 0.5 19
254 0.5625 16
254 0.625 29
254 0.6875 37
254 0.75 52
254 0.8125 62
254 0.875 63
254 0.9375 56
255 0 61
255 0.0625 51
255 0.125 47
255 0.1875 33
255 0.25 27
255 0.3125 21
255 0.375 14
255 0.4375 16
255 0.5 22
255 0.5625 15
255 0.625 26
255 0.6875 32
255 0.75 50
255 0.8125 57
255 0.875 50
255 0.9375 79
256 0 52
256 0.0625 45
256 0.125 34
256 0.1875 24
256 0.25 12
256 0.3125 28
256 0.375 23
256 0.4375 19
256 0.5 9
256 0.5625 20
256 0.625 20
256 0.6875 34
256 0.75 53
256 0.8125 46
256 0.875 76
256 0.9375 71
257 0 61
257 0.0625 49
257 0.125 45
257 0.1875 22
257 0.25 19
257 0.3125 12
257 0.375 20
257 0.4375 17
257 0.5 25
257 0.5625 29
257 0.625 26
257 0.6875 20
257 0.75 42
257 0.8125 53
257 0.875 57
257 0.9375 59
258 0 51
258 0.0625 46
258 0.125 37
258 0.1875 32
258 0.25 38
258 0.3125 15
258 0.375 26
258 0.4375 19
258 0.5 19
258 0.5625 15
258 0.625 26
258 0.6875 35
258 0.75 42
258 0.8125 38
258 0.875 58
258 0.9375 75
259 0 56
259 0.0625 34
259 0.125 38
259 0.1875 26
259 0.25 22
259 0.3125 17
259 0.375 12
259 0.4375 21
259 0.5 18
259 0.5625 14
259 0.625 16
259 0.6875 33
259 0.75 46
259 0.8125 46
259 0.875 66
259 0.9375 58
260 0 59
260 0.0625 28
260 0.125 43
260 0.1875 16
260 0.25 23
260 0.3125 17
260 0.375 16
260 0.4375 19
260 0.5 25
260 0.5625 22
260 0.625 16
260 0.6875 25
260 0.75 42
260 0.8125 51
260 0.875 67
260 0.9375 64
261 0 48
261 0.0625 45
261 0.125 31
261 0.1875 27
261 0.25 29
261 0.3125 22
261 0.375 25
261 0.4375 22
261 0.5 18
261 0.5625 18
261 0.625 18
261 0.6875 34
261 0.75 43
261 0.8125 64
261 0.875 64
261 0.9375 59
262 0 62
262 0.0625 41
262 0.125 28
262 0.1875 23
262 0.25 32
262 0.3125 23
262 0.375 15
262 0.4375 16
262 0.5 13
262 0.5625 14
262 0.625 17
262 0.6875 27
262 0.75 31
262 0.8125 48
262 0.875 61
262 0.9375 63
263 0 45
263 0.0625 44
263 0.125 33
263 0.1875 31
263 0.25 24
263 0.3125 21
263 0.375 23
263 0.4375 16
263 0.5 19
263 0.5625 10
263 0.625 25
263 0.6875 27
263 0.75 35
263 0.8125 35
263 0.875 60
263 0.9375 59
264 0 54
264 0.0625 42
264 0.125 31
264 0.1875 30
264 0.25 17
264 0.3125 18
264 0.375 16
264 0.4375 16
264 0.5 15
264 0.5625 11
264 0.625 23
264 0.6875 43
264 0.75 36
264 0.8125 61
264 0.875 56
264 0.9375 63
265 0 28
265 0.0625 50
265 0.125 29
265 0.1875 16
265 0.25 19
265 0.3125 13
265 0.375 15
265 0.4375 10
265 0.5 18
265 0.5625 13
265 0.625 26
265 0.6875 31
265 0.75 30
265 0.8125 52
265 0.875 48
265 0.9375 56
266 0 47
266 0.0625 30
266 0.125 28
266 0.1875 16
266 0.25 23
266 0.3125 18
266 0.375 17
266 0.4375 16
266 0.5 19
266 0.5625 24
266 0.625 20
266 0.6875 28
266 0.75 39
266 0.8125 50
266 0.875 49
266 0.9375 50
267 0 52
267 0.0625 28
267 0.125 34
267 0.1875 16
267 0.25 20
267 0.3125 24
267 0.375 20
267 0.4375 17
267 0.5 13
267 0.5625 11
267 0.625 18
267 0.6875 27
267 0.75 41
267 0.8125 63
267 0.875 43
267 0.9375 49
268 0 56
268 0.0625 32
268 0.125 39
268 0.1875 21
268 0.25 18
268 0.3125 20
268 0.375 23
268 0.4375 10
268 0.5 26
268 0.5625 19
268 0.625 20
268 0.6875 41
268 0.75 34
268 0.8125 39
268 0.875 55
268 0.9375 59
269 0 49
269 0.0625 31
269 0.125 22
269 0.1875 21
269 0.25 16
269 0.3125 12
269 0.375 19
269 0.4375 15
269 0.5 18
269 0.5625 17
269 0.625 24
269 0.6875 21
269 0.75 40
269 0.8125 52
269 0.875 55
269 0.9375 58
270 0 42
270 0.0625 48
270 0.125 23
270 0.1875 19
270 0.25 24
270 0.3125 10
270 0.375 15
270 0.4375 6
270 0.5 22
270 0.5625 12
270 0.625 21
270 0.6875 24
270 0.75 31
270 0.8125 28
270 0.875 61
270 0.9375 41
271 0 38
271 0.0625 44
271 0.125 29
271 0.1875 22
271 0.25 26
271 0.3125 10
271 0.375 14
271 0.4375 21
271 0.5 12
271 0.5625 15
271 0.625 23
271 0.6875 20
271 0.75 38
271 0.8125 51
271 0.875 46
271 0.9375 55
272 0 44
272 0.0625 38
272 0.125 30
272 0.1875 21
272 0.25 17
272 0.3125 20
272 0.375 10
272 0.4375 17
272 0.5 12
272 0.5625 18
272 0.625 15
272 0.6875 19
272 0.75 40
272 0.8125 45
272 0.875 46
272 0.9375 44
273 0 42
273 0.0625 34
273 0.125 31
273 0.1875 21
273 0.25 20
273 0.3125 21
273 0.375 18
273 0.4375 19
273 0.5 19
273 0.5625 17
273 0.625 17
273 0.6875 26
273 0.75 34
273 0.8125 38
273 0.875 61
273 0.9375 46
274 0 45
274 0.0625 39
274 0.125 30
274 0.1875 22
274 0.25 17
274 0.3125 15
274 0.375 24
274 0.4375 19
274 0.5 16
274 0.5625 15
274 0.625 21
274 0.6875 25
274 0.75 36
274 0.8125 36
274 0.875 43
274 0.9375 56
275 0 41
275 0.0625 35
275 0.125 41
275 0.1875 30
275 0.25 20
275 0.3125 11
275 0.375 16
275 0.4375 15
275 0.5 14
275 0.5625 11
275 0.625 17
275 0.6875 21
275 0.75 36
275 0.8125 53
275 0.875 53
275 0.9375 53
276 0 41
276 0.0625 27
276 0.125 25
276 0.1875 14
276 0.25 23
276 0.3125 19
276 0.375 16
276 0.4375 14
276 0.5 15
276 0.5625 10
276 0.625 21
276 0.6875 20
276 0.75 36
276 0.8125 37
276 0.875 44
276 0.9375 46
277 0 42
277 0.0625 31
277 0.125 26
277 0.1875 13
277 0.25 19
277 0.3125 13
277 0.375 15
277 0.4375 12
277 0.5 12
277 0.5625 13
277 0.625 23
277 0.6875 27
277 0.75 39
277 0.8125 37
277 0.875 53
277 0.9375 41
278 0 33
278 0.0625 39
278 0.125 32
278 0.1875 16
278 0.25 17
278 0.3125 15
278 0.375 17
278 0.4375 10
278 0.5 8
278 0.5625 22
278 0.625 18
278 0.6875 30
278 0.75 33
278 0.8125 44
278 0.875 50
278 0.9375 54
279 0 36
279 0.0625 26
279 0.125 29
279 0.1875 26
279 0.25 13
279 0.3125 17
279 0.375 17
279 0.4375 7
279 0.5 10
279 0.5625 12
279 0.625 13
279 0.6875 30
279 0.75 28
279 0.8125 41
279 0.875 51
279 0.9375 51
280 0 47
280 0.0625 36
280 0.125 17
280 0.1875 25
280 0.25 13
280 0.3125 12
280 0.375 21
280 0.4375 8
280 0.5 15
280 0.5625 17
280 0.625 17
280 0.6875 24
280 0.75 40
280 0.8125 31
280 0.875 52
280 0.9375 41
281 0 39
281 0.0625 40
281 0.125 29
281 0.1875 28
281 0.25 22
281 0.3125 15
281 0.375 15
281 0.4375 13
281 0.5 15
281 0.5625 13
281 0.625 14
281 0.6875 23
281 0.75 41
281 0.8125 50
281 0.875 41
281 0.9375 48
282 0 35
282 0.0625 33
282 0.125 27
282 0.1875 17
282 0.25 11
282 0.3125 10
282 0.375 18
282 0.4375 12
282 0.5 15
282 0.5625 11
282 0.625 15
282 0.6875 18
282 0.75 33
282 0.8125 46
282 0.875 36
282 0.9375 34
283 0 40
283 0.0625 25
283 0.125 22
283 0.1875 22
283 0.25 15
283 0.3125 16
283 0.375 12
283 0.4375 12
283 0.5 14
283 0.5625 20
283 0.625 14
283 0.6875 22
283 0.75 28
283 0.8125 29
283 0.875 44
283 0.9375 53
284 0 42
284 0.0625 37
284 0.125 34
284 0.1875 23
284 0.25 19
284 0.3125 13
284 0.375 12
284 0.4375 16
284 0.5 19
284 0.5625 8
284 0.625 24
284 0.6875 19
284 0.75 33
284 0.8125 38
284 0.875 45
284 0.9375 39
285 0 34
285 0.0625 44
285 0.125 18
285 0.1875 13
285 0.25 14
285 0.3125 13
285 0.375 14
285 0.4375 12
285 0.5 7
285 0.5625 14
285 0.625 19
285 0.6875 32
285 0.75 36
285 0.8125 36
285 0.875 37
285 0.9375 37
286 0 40
286 0.0625 25
286 0.125 19
286 0.1875 17
286 0.25 21
286 0.3125 15
286 0.375 9
286 0.4375 20
286 0.5 15
286 0.5625 18
286 0.625 25
286 0.6875 19
286 0.75 41
286 0.8125 39
286 0.875 39
286 0.9375 35
287 0 41
287 0.0625 26
287 0.125 16
287 0.1875 16
287 0.25 23
287 0.3125 17
287 0.375 14
287 0.4375 9
287 0.5 25
287 0.5625 15
287 0.625 19
287 0.6875 20
287 0.75 18
287 0.8125 39
287 0.875 48
287 0.9375 50
288 0 38
288 0.0625 19
288 0.125 34
288 0.1875 23
288 0.25 20
288 0.3125 13
288 0.375 9
288 0.4375 12
288 0.5 14
288 0.5625 24
288 0.625 14
288 0.6875 22
288 0.75 22
288 0.8125 37
288 0.875 49
288 0.9375 52
289 0 37
289 0.0625 39
289 0.125 19
289 0.1875 13
289 0.25 22
289 0.3125 14
289 0.375 19
289 0.4375 16
289 0.5 20
289 0.5625 12
289 0.625 19
289 0.6875 24
289 0.75 37
289 0.8125 41
289 0.875 44
289 0.9375 60
290 0 30
290 0.0625 27
290 0.125 23
290 0.1875 19
290 0.25 20
290 0.3125 13
290 0.375 19
290 0.4375 11
290 0.5 15
290 0.5625 14
290 0.625 13
290 0.6875 34
290 0.75 26
290 0.8125 24
290 0.875 37
290 0.9375 49
291 0 40
291 0.0625 37
291 0.125 15
291 0.1875 15
291 0.25 16
291 0.3125 14
291 0.375 12
291 0.4375 15
291 0.5 15
291 0.5625 20
291 0.625 12
291 0.6875 27
291 0.75 20
291 0.8125 24
291 0.875 48
291 0.9375 37
292 0 45
292 0.0625 21
292 0.125 18
292 0.1875 27
292 0.25 10
292 0.3125 15
292 0.375 10
292 0.4375 12
292 0.5 14
292 0.5625 11
292 0.625 16
292 0.6875 24
292 0.75 32
292 0.8125 33
292 0.875 31
292 0.9375 30
293 0 39
293 0.0625 31
293 0.125 23
293 0.1875 21
293 0.25 14
293 0.3125 17
293 0.375 17
293 0.4375 14
293 0.5 11
293 0.5625 10
293 0.625 9
293 0.6875 29
293 0.75 30
293 0.8125 43
293 0.875 44
293 0.9375 38
294 0 40
294 0.0625 25
294 0.125 22
294 0.1875 11
294 0.25 15
294 0.3125 9
294 0.375 10
294 0.4375 14
294 0.5 13
294 0.5625 16
294 0.625 17
294 0.6875 14
294 0.75 28
294 0.8125 24
294 0.875 34
294 0.9375 35
295 0 39
295 0.0625 21
295 0.125 27
295 0.1875 9
295 0.25 13
295 0.3125 16
295 0.375 14
295 0.4375 18
295 0.5 19
295 0.5625 17
295 0.625 14
295 0.6875 27
295 0.75 34
295 0.8125 26
295 0.875 37
295 0.9375 36
296 0 27
296 0.0625 16
296 0.125 14
296 0.1875 17
296 0.25 20
296 0.3125 13
296 0.375 9
296 0.4375 19
296 0.5 11
296 0.5625 20
296 0.625 25
296 0.6875 19
296 0.75 33
296 0.8125 26
296 0.875 34
296 0.9375 47
297 0 31
297 0.0625 34
297 0.125 17
297 0.1875 14
297 0.25 17
297 0.3125 11
297 0.375 10
297 0.4375 15
297 0.5 11
297 0.5625 18
297 0.625 12
297 0.6875 14
297 0.75 28
297 0.8125 35
297 0.875 37
297 0.9375 30
298 0 32
298 0.0625 28
298 0.125 23
298 0.1875 19
298 0.25 15
298 0.3125 11
298 0.375 9
298 0.4375 22
298 0.5 16
298 0.5625 7
298 0.625 20
298 0.6875 24
298 0.75 17
298 0.8125 29
298 0.875 33
298 0.9375 35
299 0 36
299 0.0625 33
299 0.125 21
299 0.1875 25
299 0.25 12
299 0.3125 11
299 0.375 8
299 0.4375 15
299 0.5 9
299 0.5625 20
299 0.625 16
299 0.6875 15
299 0.75 21
299 0.8125 21
299 0.875 38
299 0.9375 45
300 0 37
300 0.0625 20
300 0.125 18
300 0.1875 22
300 0.25 13
300 0.3125 21
300 0.375 11
300 0.4375 19
300 0.5 12
300 0.5625 10
300 0.625 16
300 0.6875 22
300 0.75 34
300 0.8125 38
300 0.875 35
300 0.9375 51
