1 0 479
1 0.0625 483
1 0.125 458
1 0.1875 430
1 0.25 426
1 0.3125 470
1 0.375 448
1 0.4375 420
1 0.5 423
1 0.5625 408
1 0.625 448
1 0.6875 407
1 0.75 426
1 0.8125 473
1 0.875 454
1 0.9375 444
2 0 502
2 0.0625 507
2 0.125 524
2 0.1875 521
2 0.25 496
2 0.3125 455
2 0.375 493
2 0.4375 488
2 0.5 518
2 0.5625 507
2 0.625 476
2 0.6875 528
2 0.75 524
2 0.8125 544
2 0.875 504
2 0.9375 544
3 0 585
3 0.0625 581
3 0.125 585
3 0.1875 575
3 0.25 581
3 0.3125 590
3 0.375 543
3 0.4375 544
3 0.5 524
3 0.5625 550
3 0.625 551
3 0.6875 551
3 0.75 584
3 0.8125 574
3 0.875 574
3 0.9375 629
4 0 643
4 0.0625 617
4 0.125 615
4 0.1875 585
4 0.25 620
4 0.3125 606
4 0.375 607
4 0.4375 580
4 0.5 569
4 0.5625 605
4 0.625 577
4 0.6875 601
4 0.75 634
4 0.8125 629
4 0.875 632
4 0.9375 665
5 0 705
5 0.0625 671
5 0.125 665
5 0.1875 625
5 0.25 629
5 0.3125 603
5 0.375 597
5 0.4375 582
5 0.5 608
5 0.5625 608
5 0.625 641
5 0.6875 611
5 0.75 647
5 0.8125 686
5 0.875 685
5 0.9375 722
6 0 767
6 0.0625 732
6 0.125 730
6 0.1875 671
6 0.25 674
6 0.3125 719
6 0.375 647
6 0.4375 681
6 0.5 666
6 0.5625 627
6 0.625 622
6 0.6875 642
6 0.75 701
6 0.8125 698
6 0.875 700
6 0.9375 708
7 0 817
7 0.0625 795
7 0.125 771
7 0.1875 723
7 0.25 711
7 0.3125 704
7 0.375 696
7 0.4375 704
7 0.5 720
7 0.5625 745
7 0.625 663
7 0.6875 742
7 0.75 771
7 0.8125 754
7 0.875 785
7 0.9375 824
8 0 880
8 0.0625 848
8 0.125 846
8 0.1875 811
8 0.25 749
8 0.3125 759
8 0.375 768
8 0.4375 753
8 0.5 692
8 0.5625 687
8 0.625 696
8 0.6875 754
8 0.75 813
8 0.8125 862
8 0.875 822
8 0.9375 888
9 0 960
9 0.0625 899
9 0.125 890
9 0.1875 935
9 0.25 783
9 0.3125 818
9 0.375 778
9 0.4375 771
9 0.5 725
9 0.5625 736
9 0.625 736
9 0.6875 843
9 0.75 901
9 0.8125 889
9 0.875 928
9 0.9375 934
10 0 1069
10 0.0625 990
10 0.125 1002
10 0.1875 943
10 0.25 923
10 0.3125 835
10 0.375 840
10 0.4375 830
10 0.5 849
10 0.5625 822
10 0.625 816
10 0.6875 911
10 0.75 923
10 0.8125 1019
10 0.875 1017
10 0.9375 1071
11 0 1106
11 0.0625 1076
11 0.125 1026
11 0.1875 992
11 0.25 931
11 0.3125 934
11 0.375 887
11 0.4375 915
11 0.5 845
11 0.5625 823
11 0.625 874
11 0.6875 970
11 0.75 941
11 0.8125 994
11 0.875 1088
11 0.9375 1144
12 0 1198
12 0.0625 1176
12 0.125 1135
12 0.1875 1127
12 0.25 1044
12 0.3125 992
12 0.375 959
12 0.4375 929
12 0.5 946
12 0.5625 907
12 0.625 908
12 0.6875 988
12 0.75 1020
12 0.8125 1147
12 0.875 1237
12 0.9375 1268
13 0 1339
13 0.0625 1237
13 0.125 1235
13 0.1875 1100
13 0.25 1168
13 0.3125 1027
13 0.375 986
13 0.4375 1020
13 0.5 971
13 0.5625 960
13 0.625 1009
13 0.6875 1067
13 0.75 1083
13 0.8125 1216
13 0.875 1274
13 0.9375 1299
14 0 1375
14 0.0625 1272
14 0.125 1236
14 0.1875 1170
14 0.25 1132
14 0.3125 1061
14 0.375 1030
14 0.4375 1042
14 0.5 1059
14 0.5625 1040
14 0.625 987
14 0.6875 1173
14 0.75 1218
14 0.8125 1236
14 0.875 1350
14 0.9375 1339
15 0 1418
15 0.0625 1390
15 0.125 1329
15 0.1875 1223
15 0.25 1112
15 0.3125 1105
15 0.375 1072
15 0.4375 1056
15 0.5 1089
15 0.5625 1008
15 0.625 1068
15 0.6875 1155
15 0.75 1235
15 0.8125 1347
15 0.875 1329
15 0.9375 1423
16 0 1508
16 0.0625 1441
16 0.125 1355
16 0.1875 1245
16 0.25 1125
16 0.3125 1074
16 0.375 1076
16 0.4375 1065
16 0.5 996
16 0.5625 1026
16 0.625 1009
16 0.6875 1146
16 0.75 1243
16 0.8125 1385
16 0.875 1436
16 0.9375 1530
17 0 1461
17 0.0625 1483
17 0.125 1326
17 0.1875 1266
17 0.25 1124
17 0.3125 1102
17 0.375 1072
17 0.4375 1062
17 0.5 1008
17 0.5625 1002
17 0.625 1090
17 0.6875 1127
17 0.75 1225
17 0.8125 1367
17 0.875 1418
17 0.9375 1499
18 0 1394
18 0.0625 1391
18 0.125 1261
18 0.1875 1250
18 0.25 1142
18 0.3125 1074
18 0.375 979
18 0.4375 1005
18 0.5 997
18 0.5625 976
18 0.625 1022
18 0.6875 1079
18 0.75 1209
18 0.8125 1345
18 0.875 1433
18 0.9375 1525
19 0 1504
19 0.0625 1390
19 0.125 1323
19 0.1875 1155
19 0.25 1070
19 0.3125 963
19 0.375 951
19 0.4375 1009
19 0.5 981
19 0.5625 959
19 0.625 989
19 0.6875 1104
19 0.75 1182
19 0.8125 1366
19 0.875 1416
19 0.9375 1477
20 0 1459
20 0.0625 1330
20 0.125 1251
20 0.1875 1205
20 0.25 1061
20 0.3125 995
20 0.375 953
20 0.4375 950
20 0.5 911
20 0.5625 900
20 0.625 994
20 0.6875 1012
20 0.75 1167
20 0.8125 1270
20 0.875 1350
20 0.9375 1506
21 0 1423
21 0.0625 1328
21 0.125 1191
21 0.1875 1062
21 0.25 1009
21 0.3125 997
21 0.375 874
21 0.4375 845
21 0.5 846
21 0.5625 862
21 0.625 898
21 0.6875 986
21 0.75 1123
21 0.8125 1288
21 0.875 1365
21 0.9375 1471
22 0 1409
22 0.0625 1332
22 0.125 1197
22 0.1875 1143
22 0.25 1003
22 0.3125 900
22 0.375 857
22 0.4375 848
22 0.5 798
22 0.5625 849
22 0.625 918
22 0.6875 903
22 0.75 1061
22 0.8125 1253
22 0.875 1317
22 0.9375 1467
23 0 1416
23 0.0625 1328
23 0.125 1240
23 0.1875 1071
23 0.25 941
23 0.3125 887
23 0.375 861
23 0.4375 790
23 0.5 802
23 0.5625 825
23 0.625 875
23 0.6875 908
23 0.75 1088
23 0.8125 1252
23 0.875 1379
23 0.9375 1442
24 0 1468
24 0.0625 1316
24 0.125 1186
24 0.1875 1087
24 0.25 1065
24 0.3125 871
24 0.375 851
24 0.4375 792
24 0.5 790
24 0.5625 839
24 0.625 845
24 0.6875 950
24 0.75 1062
24 0.8125 1215
24 0.875 1400
24 0.9375 1395
25 0 1428
25 0.0625 1316
25 0.125 1223
25 0.1875 1099
25 0.25 934
25 0.3125 924
25 0.375 826
25 0.4375 803
25 0.5 803
25 0.5625 820
25 0.625 840
25 0.6875 938
25 0.75 1107
25 0.8125 1227
25 0.875 1398
25 0.9375 1532
26 0 1494
26 0.0625 1318
26 0.125 1187
26 0.1875 1063
26 0.25 972
26 0.3125 896
26 0.375 865
26 0.4375 810
26 0.5 839
26 0.5625 803
26 0.625 809
26 0.6875 913
26 0.75 1075
26 0.8125 1289
26 0.875 1389
26 0.9375 1482
27 0 1476
27 0.0625 1351
27 0.125 1200
27 0.1875 1051
27 0.25 946
27 0.3125 883
27 0.375 780
27 0.4375 788
27 0.5 740
27 0.5625 757
27 0.625 786
27 0.6875 946
27 0.75 1152
27 0.8125 1250
27 0.875 1410
27 0.9375 1535
28 0 1558
28 0.0625 1456
28 0.125 1182
28 0.1875 1063
28 0.25 939
28 0.3125 893
28 0.375 828
28 0.4375 774
28 0.5 732
28 0.5625 792
28 0.625 781
28 0.6875 892
28 0.75 1092
28 0.8125 1303
28 0.875 1478
28 0.9375 1560
29 0 1535
29 0.0625 1435
29 0.125 1221
29 0.1875 1072
29 0.25 944
29 0.3125 824
29 0.375 811
29 0.4375 756
29 0.5 716
29 0.5625 739
29 0.625 790
29 0.6875 922
29 0.75 1116
29 0.8125 1250
29 0.875 1491
29 0.9375 1549
30 0 1606
30 0.0625 1396
30 0.125 1243
30 0.1875 1116
30 0.25 950
30 0.3125 810
30 0.375 772
30 0.4375 755
30 0.5 710
30 0.5625 742
30 0.625 816
30 0.6875 918
30 0.75 1150
30 0.8125 1274
30 0.875 1497
30 0.9375 1535
31 0 1556
31 0.0625 1418
31 0.125 1264
31 0.1875 1126
31 0.25 961
31 0.3125 828
31 0.375 770
31 0.4375 758
31 0.5 689
31 0.5625 748
31 0.625 793
31 0.6875 890
31 0.75 1126
31 0.8125 1285
31 0.875 1525
31 0.9375 1658
32 0 1584
32 0.0625 1467
32 0.125 1258
32 0.1875 1091
32 0.25 920
32 0.3125 801
32 0.375 726
32 0.4375 756
32 0.5 705
32 0.5625 710
32 0.625 797
32 0.6875 856
32 0.75 1029
32 0.8125 1268
32 0.875 1508
32 0.9375 1629
33 0 1563
33 0.0625 1493
33 0.125 1290
33 0.1875 1046
33 0.25 949
33 0.3125 756
33 0.375 725
33 0.4375 680
33 0.5 688
33 0.5625 697
33 0.625 735
33 0.6875 904
33 0.75 1112
33 0.8125 1274
33 0.875 1439
33 0.9375 1664
34 0 1559
34 0.0625 1488
34 0.125 1154
34 0.1875 1131
34 0.25 966
34 0.3125 777
34 0.375 744
34 0.4375 657
34 0.5 677
34 0.5625 693
34 0.625 676
34 0.6875 919
34 0.75 1064
34 0.8125 1362
34 0.875 1471
34 0.9375 1655
35 0 1581
35 0.0625 1489
35 0.125 1218
35 0.1875 1061
35 0.25 858
35 0.3125 776
35 0.375 728
35 0.4375 667
35 0.5 640
35 0.5625 620
35 0.625 741
35 0.6875 835
35 0.75 1095
35 0.8125 1254
35 0.875 1507
35 0.9375 1607
36 0 1530
36 0.0625 1425
36 0.125 1193
36 0.1875 1046
36 0.25 907
36 0.3125 819
36 0.375 667
36 0.4375 639
36 0.5 641
36 0.5625 608
36 0.625 681
36 0.6875 885
36 0.75 1036
36 0.8125 1295
36 0.875 1560
36 0.9375 1614
37 0 1621
37 0.0625 1432
37 0.125 1204
37 0.1875 1049
37 0.25 883
37 0.3125 768
37 0.375 646
37 0.4375 632
37 0.5 583
37 0.5625 626
37 0.625 678
37 0.6875 812
37 0.75 1077
37 0.8125 1316
37 0.875 1561
37 0.9375 1566
38 0 1706
38 0.0625 1488
38 0.125 1311
38 0.1875 1071
38 0.25 864
38 0.3125 752
38 0.375 664
38 0.4375 607
38 0.5 638
38 0.5625 637
38 0.625 611
38 0.6875 828
38 0.75 1091
38 0.8125 1274
38 0.875 1654
38 0.9375 1712
39 0 1646
39 0.0625 1447
39 0.125 1244
39 0.1875 1033
39 0.25 874
39 0.3125 743
39 0.375 646
39 0.4375 663
39 0.5 602
39 0.5625 658
39 0.625 654
39 0.6875 759
39 0.75 1079
39 0.8125 1351
39 0.875 1556
39 0.9375 1704
40 0 1621
40 0.0625 1461
40 0.125 1218
40 0.1875 1049
40 0.25 808
40 0.3125 737
40 0.375 659
40 0.4375 627
40 0.5 609
40 0.5625 526
40 0.625 646
40 0.6875 769
40 0.75 1058
40 0.8125 1284
40 0.875 1499
40 0.9375 1784
41 0 1629
41 0.0625 1484
41 0.125 1315
41 0.1875 981
41 0.25 864
41 0.3125 721
41 0.375 640
41 0.4375 582
41 0.5 606
41 0.5625 615
41 0.625 675
41 0.6875 803
41 0.75 1042
41 0.8125 1373
41 0.875 1562
41 0.9375 1616
42 0 1688
42 0.0625 1518
42 0.125 1201
42 0.1875 1019
42 0.25 890
42 0.3125 719
42 0.375 604
42 0.4375 580
42 0.5 608
42 0.5625 550
42 0.625 630
42 0.6875 802
42 0.75 1072
42 0.8125 1365
42 0.875 1594
42 0.9375 1624
43 0 1567
43 0.0625 1491
43 0.125 1268
43 0.1875 980
43 0.25 841
43 0.3125 729
43 0.375 643
43 0.4375 597
43 0.5 572
43 0.5625 604
43 0.625 610
43 0.6875 808
43 0.75 1056
43 0.8125 1287
43 0.875 1548
43 0.9375 1683
44 0 1697
44 0.0625 1484
44 0.125 1192
44 0.1875 961
44 0.25 817
44 0.3125 695
44 0.375 570
44 0.4375 569
44 0.5 537
44 0.5625 538
44 0.625 643
44 0.6875 800
44 0.75 999
44 0.8125 1342
44 0.875 1526
44 0.9375 1685
45 0 1647
45 0.0625 1413
45 0.125 1216
45 0.1875 957
45 0.25 804
45 0.3125 670
45 0.375 623
45 0.4375 563
45 0.5 535
45 0.5625 480
45 0.625 572
45 0.6875 780
45 0.75 1050
45 0.8125 1256
45 0.875 1596
45 0.9375 1716
46 0 1619
46 0.0625 1448
46 0.125 1204
46 0.1875 1025
46 0.25 741
46 0.3125 631
46 0.375 572
46 0.4375 513
46 0.5 479
46 0.5625 507
46 0.625 540
46 0.6875 720
46 0.75 967
46 0.8125 1335
46 0.875 1505
46 0.9375 1694
47 0 1601
47 0.0625 1454
47 0.125 1209
47 0.1875 969
47 0.25 785
47 0.3125 638
47 0.375 546
47 0.4375 499
47 0.5 559
47 0.5625 481
47 0.625 589
47 0.6875 731
47 0.75 982
47 0.8125 1251
47 0.875 1533
47 0.9375 1607
48 0 1583
48 0.0625 1411
48 0.125 1127
48 0.1875 912
48 0.25 787
48 0.3125 637
48 0.375 538
48 0.4375 482
48 0.5 452
48 0.5625 490
48 0.625 584
48 0.6875 730
48 0.75 952
48 0.8125 1247
48 0.875 1548
48 0.9375 1651
49 0 1596
49 0.0625 1457
49 0.125 1199
49 0.1875 854
49 0.25 710
49 0.3125 632
49 0.375 544
49 0.4375 477
49 0.5 463
49 0.5625 473
49 0.625 540
49 0.6875 725
49 0.75 907
49 0.8125 1256
49 0.875 1501
49 0.9375 1716
50 0 1522
50 0.0625 1417
50 0.125 1173
50 0.1875 902
50 0.25 723
50 0.3125 626
50 0.375 516
50 0.4375 478
50 0.5 447
50 0.5625 454
50 0.625 539
50 0.6875 633
50 0.75 967
50 0.8125 1237
50 0.875 1495
50 0.9375 1588
51 0 1587
51 0.0625 1394
51 0.125 1108
51 0.1875 909
51 0.25 714
51 0.3125 603
51 0.375 472
51 0.4375 454
51 0.5 424
51 0.5625 445
51 0.625 482
51 0.6875 645
51 0.75 955
51 0.8125 1299
51 0.875 1471
51 0.9375 1657
52 0 1532
52 0.0625 1364
52 0.125 1091
52 0.1875 901
52 0.25 722
52 0.3125 580
52 0.375 500
52 0.4375 478
52 0.5 393
52 0.5625 410
52 0.625 475
52 0.6875 634
52 0.75 926
52 0.8125 1290
52 0.875 1529
52 0.9375 1637
53 0 1604
53 0.0625 1395
53 0.125 1127
53 0.1875 943
53 0.25 725
53 0.3125 575
53 0.375 518
53 0.4375 427
53 0.5 439
53 0.5625 432
53 0.625 488
53 0.6875 626
53 0.75 1002
53 0.8125 1242
53 0.875 1541
53 0.9375 1645
54 0 1627
54 0.0625 1396
54 0.125 1149
54 0.1875 904
54 0.25 683
54 0.3125 592
54 0.375 466
54 0.4375 406
54 0.5 410
54 0.5625 420
54 0.625 487
54 0.6875 694
54 0.75 950
54 0.8125 1252
54 0.875 1495
54 0.9375 1675
55 0 1576
55 0.0625 1366
55 0.125 1144
55 0.1875 897
55 0.25 711
55 0.3125 540
55 0.375 429
55 0.4375 418
55 0.5 411
55 0.5625 410
55 0.625 474
55 0.6875 654
55 0.75 892
55 0.8125 1245
55 0.875 1555
55 0.9375 1659
56 0 1641
56 0.0625 1351
56 0.125 1136
56 0.1875 820
56 0.25 687
56 0.3125 577
56 0.375 515
56 0.4375 426
56 0.5 389
56 0.5625 431
56 0.625 476
56 0.6875 636
56 0.75 949
56 0.8125 1235
56 0.875 1559
56 0.9375 1689
57 0 1601
57 0.0625 1405
57 0.125 1134
57 0.1875 920
57 0.25 729
57 0.3125 530
57 0.375 467
57 0.4375 408
57 0.5 405
57 0.5625 397
57 0.625 518
57 0.6875 664
57 0.75 914
57 0.8125 1228
57 0.875 1511
57 0.9375 1658
58 0 1524
58 0.0625 1435
58 0.125 1165
58 0.1875 838
58 0.25 665
58 0.3125 566
58 0.375 463
58 0.4375 412
58 0.5 395
58 0.5625 378
58 0.625 469
58 0.6875 628
58 0.75 961
58 0.8125 1261
58 0.875 1515
58 0.9375 1716
59 0 1600
59 0.0625 1352
59 0.125 1156
59 0.1875 890
59 0.25 647
59 0.3125 569
59 0.375 457
59 0.4375 407
59 0.5 385
59 0.5625 384
59 0.625 446
59 0.6875 627
59 0.75 907
59 0.8125 1328
59 0.875 1583
59 0.9375 1642
60 0 1645
60 0.0625 1394
60 0.125 1084
60 0.1875 789
60 0.25 672
60 0.3125 523
60 0.375 431
60 0.4375 346
60 0.5 375
60 0.5625 383
60 0.625 445
60 0.6875 626
60 0.75 978
60 0.8125 1291
60 0.875 1539
60 0.9375 1628
61 0 1547
61 0.0625 1357
61 0.125 1051
61 0.1875 852
61 0.25 645
61 0.3125 512
61 0.375 440
61 0.4375 416
61 0.5 360
61 0.5625 394
61 0.625 445
61 0.6875 613
61 0.75 940
61 0.8125 1254
61 0.875 1469
61 0.9375 1678
62 0 1570
62 0.0625 1286
62 0.125 1079
62 0.1875 853
62 0.25 625
62 0.3125 520
62 0.375 417
62 0.4375 363
62 0.5 363
62 0.5625 370
62 0.625 431
62 0.6875 642
62 0.75 929
62 0.8125 1268
62 0.875 1419
62 0.9375 1653
63 0 1598
63 0.0625 1344
63 0.125 1076
63 0.1875 868
63 0.25 629
63 0.3125 498
63 0.375 442
63 0.4375 406
63 0.5 356
63 0.5625 329
63 0.625 385
63 0.6875 609
63 0.75 938
63 0.8125 1302
63 0.875 1552
63 0.9375 1598
64 0 1604
64 0.0625 1333
64 0.125 1095
64 0.1875 846
64 0.25 637
64 0.3125 492
64 0.375 392
64 0.4375 351
64 0.5 329
64 0.5625 346
64 0.625 428
64 0.6875 648
64 0.75 899
64 0.8125 1263
64 0.875 1484
64 0.9375 1708
65 0 1535
65 0.0625 1317
65 0.125 1098
65 0.1875 805
65 0.25 625
65 0.3125 493
65 0.375 395
65 0.4375 357
65 0.5 357
65 0.5625 329
65 0.625 404
65 0.6875 631
65 0.75 909
65 0.8125 1291
65 0.875 1582
65 0.9375 1663
66 0 1530
66 0.0625 1339
66 0.125 1077
66 0.1875 843
66 0.25 623
66 0.3125 514
66 0.375 399
66 0.4375 356
66 0.5 350
66 0.5625 338
66 0.625 401
66 0.6875 580
66 0.75 929
66 0.8125 1205
66 0.875 1524
66 0.9375 1625
67 0 1501
67 0.0625 1342
67 0.125 1054
67 0.1875 843
67 0.25 596
67 0.3125 475
67 0.375 366
67 0.4375 327
67 0.5 334
67 0.5625 326
67 0.625 410
67 0.6875 604
67 0.75 924
67 0.8125 1164
67 0.875 1461
67 0.9375 1643
68 0 1544
68 0.0625 1333
68 0.125 1042
68 0.1875 784
68 0.25 589
68 0.3125 506
68 0.375 393
68 0.4375 329
68 0.5 340
68 0.5625 341
68 0.625 405
68 0.6875 574
68 0.75 899
68 0.8125 1243
68 0.875 1535
68 0.9375 1652
69 0 1530
69 0.0625 1333
69 0.125 1009
69 0.1875 807
69 0.25 582
69 0.3125 481
69 0.375 364
69 0.4375 356
69 0.5 322
69 0.5625 347
69 0.625 391
69 0.6875 589
69 0.75 868
69 0.8125 1167
69 0.875 1451
69 0.9375 1635
70 0 1491
70 0.0625 1305
70 0.125 1066
70 0.1875 731
70 0.25 590
70 0.3125 478
70 0.375 382
70 0.4375 336
70 0.5 333
70 0.5625 343
70 0.625 373
70 0.6875 575
70 0.75 857
70 0.8125 1176
70 0.875 1470
70 0.9375 1670
71 0 1540
71 0.0625 1322
71 0.125 979
71 0.1875 780
71 0.25 587
71 0.3125 450
71 0.375 360
71 0.4375 328
71 0.5 288
71 0.5625 310
71 0.625 384
71 0.6875 533
71 0.75 882
71 0.8125 1160
71 0.875 1516
71 0.9375 1652
72 0 1562
72 0.0625 1329
72 0.125 1067
72 0.1875 739
72 0.25 524
72 0.3125 427
72 0.375 346
72 0.4375 340
72 0.5 318
72 0.5625 334
72 0.625 349
72 0.6875 572
72 0.75 872
72 0.8125 1249
72 0.875 1511
72 0.9375 1588
73 0 1471
73 0.0625 1254
73 0.125 1006
73 0.1875 749
73 0.25 567
73 0.3125 468
73 0.375 392
73 0.4375 299
73 0.5 289
73 0.5625 316
73 0.625 355
73 0.6875 536
73 0.75 887
73 0.8125 1178
73 0.875 1492
73 0.9375 1583
74 0 1520
74 0.0625 1271
74 0.125 1019
74 0.1875 726
74 0.25 553
74 0.3125 402
74 0.375 338
74 0.4375 316
74 0.5 324
74 0.5625 302
74 0.625 356
74 0.6875 524
74 0.75 862
74 0.8125 1140
74 0.875 1441
74 0.9375 1510
75 0 1589
75 0.0625 1300
75 0.125 1005
75 0.1875 745
75 0.25 520
75 0.3125 408
75 0.375 335
75 0.4375 310
75 0.5 290
75 0.5625 322
75 0.625 363
75 0.6875 527
75 0.75 856
75 0.8125 1179
75 0.875 1468
75 0.9375 1619
76 0 1470
76 0.0625 1227
76 0.125 993
76 0.1875 709
76 0.25 537
76 0.3125 404
76 0.375 358
76 0.4375 292
76 0.5 270
76 0.5625 320
76 0.625 371
76 0.6875 563
76 0.75 846
76 0.8125 1191
76 0.875 1417
76 0.9375 1566
77 0 1523
77 0.0625 1274
77 0.125 967
77 0.1875 721
77 0.25 533
77 0.3125 408
77 0.375 324
77 0.4375 300
77 0.5 280
77 0.5625 274
77 0.625 363
77 0.6875 534
77 0.75 873
77 0.8125 1171
77 0.875 1402
77 0.9375 1503
78 0 1455
78 0.0625 1202
78 0.125 971
78 0.1875 752
78 0.25 480
78 0.3125 430
78 0.375 331
78 0.4375 283
78 0.5 251
78 0.5625 252
78 0.625 337
78 0.6875 520
78 0.75 850
78 0.8125 1163
78 0.875 1450
78 0.9375 1565
79 0 1396
79 0.0625 1214
79 0.125 967
79 0.1875 719
79 0.25 526
79 0.3125 379
79 0.375 303
79 0.4375 312
79 0.5 272
79 0.5625 273
79 0.625 334
79 0.6875 530
79 0.75 890
79 0.8125 1117
79 0.875 1343
79 0.9375 1568
80 0 1410
80 0.0625 1217
80 0.125 932
80 0.1875 722
80 0.25 465
80 0.3125 392
80 0.375 301
80 0.4375 261
80 0.5 282
80 0.5625 278
80 0.625 343
80 0.6875 519
80 0.75 808
80 0.8125 1125
80 0.875 1415
80 0.9375 1476
81 0 1433
81 0.0625 1199
81 0.125 904
81 0.1875 708
81 0.25 534
81 0.3125 381
81 0.375 336
81 0.4375 282
81 0.5 235
81 0.5625 262
81 0.625 332
81 0.6875 516
81 0.75 801
81 0.8125 1129
81 0.875 1368
81 0.9375 1493
82 0 1417
82 0.0625 1198
82 0.125 884
82 0.1875 642
82 0.25 528
82 0.3125 360
82 0.375 311
82 0.4375 265
82 0.5 272
82 0.5625 247
82 0.625 322
82 0.6875 510
82 0.75 767
82 0.8125 1149
82 0.875 1326
82 0.9375 1445
83 0 1442
83 0.0625 1196
83 0.125 950
83 0.1875 696
83 0.25 481
83 0.3125 364
83 0.375 307
83 0.4375 244
83 0.5 268
83 0.5625 289
83 0.625 350
83 0.6875 520
83 0.75 784
83 0.8125 1129
83 0.875 1390
83 0.9375 1497
84 0 1480
84 0.0625 1124
84 0.125 899
84 0.1875 669
84 0.25 508
84 0.3125 360
84 0.375 295
84 0.4375 266
84 0.5 249
84 0.5625 235
84 0.625 312
84 0.6875 524
84 0.75 761
84 0.8125 1125
84 0.875 1306
84 0.9375 1469
85 0 1350
85 0.0625 1156
85 0.125 888
85 0.1875 667
85 0.25 487
85 0.3125 362
85 0.375 314
85 0.4375 248
85 0.5 233
85 0.5625 260
85 0.625 327
85 0.6875 475
85 0.75 817
85 0.8125 1124
85 0.875 1415
85 0.9375 1449
86 0 1299
86 0.0625 1161
86 0.125 873
86 0.1875 630
86 0.25 489
86 0.3125 328
86 0.375 299
86 0.4375 254
86 0.5 222
86 0.5625 250
86 0.625 293
86 0.6875 480
86 0.75 806
86 0.8125 1085
86 0.875 1327
86 0.9375 1417
87 0 1347
87 0.0625 1122
87 0.125 881
87 0.1875 655
87 0.25 461
87 0.3125 333
87 0.375 280
87 0.4375 261
87 0.5 230
87 0.5625 268
87 0.625 300
87 0.6875 482
87 0.75 748
87 0.8125 1106
87 0.875 1276
87 0.9375 1416
88 0 1388
88 0.0625 1144
88 0.125 868
88 0.1875 658
88 0.25 499
88 0.3125 344
88 0.375 282
88 0.4375 232
88 0.5 248
88 0.5625 274
88 0.625 303
88 0.6875 458
88 0.75 752
88 0.8125 1069
88 0.875 1321
88 0.9375 1438
89 0 1266
89 0.0625 1058
89 0.125 814
89 0.1875 607
89 0.25 431
89 0.3125 330
89 0.375 246
89 0.4375 270
89 0.5 231
89 0.5625 241
89 0.625 284
89 0.6875 474
89 0.75 754
89 0.8125 993
89 0.875 1315
89 0.9375 1450
90 0 1300
90 0.0625 1086
90 0.125 839
90 0.1875 645
90 0.25 463
90 0.3125 336
90 0.375 274
90 0.4375 264
90 0.5 225
90 0.5625 229
90 0.625 296
90 0.6875 486
90 0.75 811
90 0.8125 1023
90 0.875 1323
90 0.9375 1371
91 0 1347
91 0.0625 1084
91 0.125 832
91 0.1875 612
91 0.25 401
91 0.3125 335
91 0.375 253
91 0.4375 222
91 0.5 246
91 0.5625 222
91 0.625 290
91 0.6875 414
91 0.75 762
91 0.8125 1017
91 0.875 1238
91 0.9375 1389
92 0 1357
92 0.0625 1078
92 0.125 830
92 0.1875 577
92 0.25 425
92 0.3125 298
92 0.375 267
92 0.4375 235
92 0.5 200
92 0.5625 211
92 0.625 324
92 0.6875 436
92 0.75 756
92 0.8125 1096
92 0.875 1240
92 0.9375 1391
93 0 1255
93 0.0625 1038
93 0.125 852
93 0.1875 616
93 0.25 381
93 0.3125 321
93 0.375 263
93 0.4375 221
93 0.5 206
93 0.5625 257
93 0.625 264
93 0.6875 464
93 0.75 717
93 0.8125 1034
93 0.875 1224
93 0.9375 1340
94 0 1293
94 0.0625 1107
94 0.125 828
94 0.1875 595
94 0.25 441
94 0.3125 318
94 0.375 246
94 0.4375 237
94 0.5 214
94 0.5625 225
94 0.625 275
94 0.6875 459
94 0.75 695
94 0.8125 1019
94 0.875 1204
94 0.9375 1370
95 0 1229
95 0.0625 982
95 0.125 774
95 0.1875 560
95 0.25 444
95 0.3125 321
95 0.375 257
95 0.4375 226
95 0.5 211
95 0.5625 202
95 0.625 275
95 0.6875 447
95 0.75 678
95 0.8125 996
95 0.875 1193
95 0.9375 1281
96 0 1284
96 0.0625 981
96 0.125 762
96 0.1875 549
96 0.25 377
96 0.3125 307
96 0.375 217
96 0.4375 194
96 0.5 181
96 0.5625 191
96 0.625 238
96 0.6875 477
96 0.75 713
96 0.8125 1007
96 0.875 1265
96 0.9375 1341
97 0 1278
97 0.0625 1011
97 0.125 762
97 0.1875 539
97 0.25 383
97 0.3125 305
97 0.375 220
97 0.4375 227
97 0.5 205
97 0.5625 203
97 0.625 273
97 0.6875 413
97 0.75 651
97 0.8125 971
97 0.875 1192
97 0.9375 1348
98 0 1216
98 0.0625 989
98 0.125 837
98 0.1875 541
98 0.25 406
98 0.3125 255
98 0.375 221
98 0.4375 215
98 0.5 196
98 0.5625 190
98 0.625 264
98 0.6875 430
98 0.75 678
98 0.8125 978
98 0.875 1204
98 0.9375 1318
99 0 1213
99 0.0625 941
99 0.125 768
99 0.1875 557
99 0.25 387
99 0.3125 292
99 0.375 211
99 0.4375 198
99 0.5 214
99 0.5625 195
99 0.625 241
99 0.6875 438
99 0.75 688
99 0.8125 938
99 0.875 1184
99 0.9375 1281
100 0 1179
100 0.0625 1047
100 0.125 734
100 0.1875 582
100 0.25 388
100 0.3125 290
100 0.375 235
100 0.4375 209
100 0.5 201
100 0.5625 211
100 0.625 240
100 0.6875 413
100 0.75 694
100 0.8125 917
100 0.875 1205
100 0.9375 1265
101 0 1196
101 0.0625 924
101 0.125 762
101 0.1875 545
101 0.25 344
101 0.3125 294
101 0.375 222
101 0.4375 197
101 0.5 207
101 0.5625 186
101 0.625 240
101 0.6875 405
101 0.75 658
101 0.8125 925
101 0.875 1133
101 0.9375 1235
102 0 1156
102 0.0625 964
102 0.125 728
102 0.1875 508
102 0.25 362
102 0.3125 280
102 0.375 195
102 0.4375 202
102 0.5 208
102 0.5625 172
102 0.625 247
102 0.6875 403
102 0.75 649
102 0.8125 869
102 0.875 1152
102 0.9375 1212
103 0 1153
103 0.0625 955
103 0.125 704
103 0.1875 552
103 0.25 361
103 0.3125 292
103 0.375 216
103 0.4375 191
103 0.5 210
103 0.5625 184
103 0.625 234
103 0.6875 400
103 0.75 641
103 0.8125 950
103 0.875 1063
103 0.9375 1189
104 0 1082
104 0.0625 918
104 0.125 705
104 0.1875 516
104 0.25 355
104 0.3125 256
104 0.375 195
104 0.4375 178
104 0.5 192
104 0.5625 182
104 0.625 245
104 0.6875 394
104 0.75 651
104 0.8125 903
104 0.875 1101
104 0.9375 1193
105 0 1092
105 0.0625 912
105 0.125 692
105 0.1875 490
105 0.25 377
105 0.3125 292
105 0.375 231
105 0.4375 190
105 0.5 187
105 0.5625 194
105 0.625 245
105 0.6875 400
105 0.75 681
105 0.8125 895
105 0.875 1055
105 0.9375 1200
106 0 1081
106 0.0625 916
106 0.125 673
106 0.1875 493
106 0.25 354
106 0.3125 257
106 0.375 224
106 0.4375 218
106 0.5 168
106 0.5625 169
106 0.625 203
106 0.6875 397
106 0.75 587
106 0.8125 929
106 0.875 1067
106 0.9375 1174
107 0 1109
107 0.0625 888
107 0.125 690
107 0.1875 469
107 0.25 369
107 0.3125 275
107 0.375 201
107 0.4375 193
107 0.5 196
107 0.5625 171
107 0.625 251
107 0.6875 413
107 0.75 605
107 0.8125 882
107 0.875 1086
107 0.9375 1192
108 0 1114
108 0.0625 894
108 0.125 636
108 0.1875 478
108 0.25 342
108 0.3125 289
108 0.375 197
108 0.4375 184
108 0.5 188
108 0.5625 179
108 0.625 202
108 0.6875 358
108 0.75 601
108 0.8125 900
108 0.875 1140
108 0.9375 1160
109 0 1037
109 0.0625 927
109 0.125 653
109 0.1875 489
109 0.25 327
109 0.3125 256
109 0.375 207
109 0.4375 174
109 0.5 173
109 0.5625 165
109 0.625 235
109 0.6875 363
109 0.75 613
109 0.8125 888
109 0.875 1113
109 0.9375 1147
110 0 1071
110 0.0625 911
110 0.125 677
110 0.1875 427
110 0.25 343
110 0.3125 240
110 0.375 196
110 0.4375 174
110 0.5 153
110 0.5625 166
110 0.625 230
110 0.6875 347
110 0.75 615
110 0.8125 840
110 0.875 1071
110 0.9375 1126
111 0 1076
111 0.0625 865
111 0.125 608
111 0.1875 499
111 0.25 343
111 0.3125 247
111 0.375 205
111 0.4375 166
111 0.5 154
111 0.5625 154
111 0.625 208
111 0.6875 363
111 0.75 635
111 0.8125 818
111 0.875 1051
111 0.9375 1096
112 0 1034
112 0.0625 835
112 0.125 646
112 0.1875 489
112 0.25 317
112 0.3125 247
112 0.375 195
112 0.4375 181
112 0.5 164
112 0.5625 166
112 0.625 209
112 0.6875 381
112 0.75 628
112 0.8125 818
112 0.875 1055
112 0.9375 1033
113 0 1055
113 0.0625 916
113 0.125 625
113 0.1875 491
113 0.25 337
113 0.3125 224
113 0.375 183
113 0.4375 156
113 0.5 166
113 0.5625 164
113 0.625 207
113 0.6875 371
113 0.75 586
113 0.8125 840
113 0.875 1063
113 0.9375 1073
114 0 1032
114 0.0625 879
114 0.125 639
114 0.1875 431
114 0.25 315
114 0.3125 229
114 0.375 179
114 0.4375 158
114 0.5 167
114 0.5625 153
114 0.625 213
114 0.6875 325
114 0.75 599
114 0.8125 845
114 0.875 977
114 0.9375 1109
115 0 1019
115 0.0625 799
115 0.125 588
115 0.1875 420
115 0.25 280
115 0.3125 222
115 0.375 153
115 0.4375 174
115 0.5 150
115 0.5625 150
115 0.625 203
115 0.6875 357
115 0.75 529
115 0.8125 817
115 0.875 1032
115 0.9375 1069
116 0 1001
116 0.0625 797
116 0.125 600
116 0.1875 424
116 0.25 276
116 0.3125 236
116 0.375 164
116 0.4375 162
116 0.5 185
116 0.5625 143
116 0.625 181
116 0.6875 345
116 0.75 569
116 0.8125 814
116 0.875 974
116 0.9375 1034
117 0 949
117 0.0625 760
117 0.125 581
117 0.1875 448
117 0.25 281
117 0.3125 199
117 0.375 200
117 0.4375 164
117 0.5 148
117 0.5625 167
117 0.625 193
117 0.6875 318
117 0.75 518
117 0.8125 724
117 0.875 978
117 0.9375 1040
118 0 984
118 0.0625 837
118 0.125 568
118 0.1875 406
118 0.25 302
118 0.3125 241
118 0.375 179
118 0.4375 130
118 0.5 155
118 0.5625 156
118 0.625 206
118 0.6875 344
118 0.75 581
118 0.8125 749
118 0.875 985
118 0.9375 992
119 0 951
119 0.0625 751
119 0.125 549
119 0.1875 398
119 0.25 310
119 0.3125 258
119 0.375 183
119 0.4375 156
119 0.5 165
119 0.5625 143
119 0.625 223
119 0.6875 351
119 0.75 555
119 0.8125 744
119 0.875 936
119 0.9375 1018
120 0 935
120 0.0625 773
120 0.125 557
120 0.1875 392
120 0.25 274
120 0.3125 203
120 0.375 169
120 0.4375 152
120 0.5 168
120 0.5625 157
120 0.625 194
120 0.6875 308
120 0.75 552
120 0.8125 764
120 0.875 909
120 0.9375 983
121 0 928
121 0.0625 789
121 0.125 551
121 0.1875 397
121 0.25 271
121 0.3125 207
121 0.375 165
121 0.4375 136
121 0.5 131
121 0.5625 146
121 0.625 196
121 0.6875 323
121 0.75 552
121 0.8125 754
121 0.875 979
121 0.9375 1002
122 0 944
122 0.0625 755
122 0.125 520
122 0.1875 413
122 0.25 265
122 0.3125 187
122 0.375 167
122 0.4375 141
122 0.5 148
122 0.5625 155
122 0.625 168
122 0.6875 290
122 0.75 531
122 0.8125 740
122 0.875 862
122 0.9375 935
123 0 886
123 0.0625 701
123 0.125 543
123 0.1875 390
123 0.25 290
123 0.3125 198
123 0.375 143
123 0.4375 151
123 0.5 125
123 0.5625 117
123 0.625 205
123 0.6875 311
123 0.75 481
123 0.8125 772
123 0.875 935
123 0.9375 1018
124 0 879
124 0.0625 697
124 0.125 486
124 0.1875 354
124 0.25 276
124 0.3125 198
124 0.375 171
124 0.4375 140
124 0.5 139
124 0.5625 125
124 0.625 166
124 0.6875 317
124 0.75 485
124 0.8125 750
124 0.875 906
124 0.9375 972
125 0 822
125 0.0625 714
125 0.125 527
125 0.1875 406
125 0.25 278
125 0.3125 181
125 0.375 160
125 0.4375 155
125 0.5 145
125 0.5625 142
125 0.625 154
125 0.6875 324
125 0.75 484
125 0.8125 732
125 0.875 899
125 0.9375 986
126 0 846
126 0.0625 677
126 0.125 471
126 0.1875 357
126 0.25 254
126 0.3125 189
126 0.375 135
126 0.4375 138
126 0.5 133
126 0.5625 133
126 0.625 170
126 0.6875 318
126 0.75 497
126 0.8125 708
126 0.875 861
126 0.9375 959
127 0 843
127 0.0625 686
127 0.125 484
127 0.1875 336
127 0.25 252
127 0.3125 189
127 0.375 154
127 0.4375 155
127 0.5 138
127 0.5625 128
127 0.625 187
127 0.6875 284
127 0.75 470
127 0.8125 714
127 0.875 898
127 0.9375 911
128 0 843
128 0.0625 634
128 0.125 527
128 0.1875 336
128 0.25 249
128 0.3125 210
128 0.375 145
128 0.4375 132
128 0.5 136
128 0.5625 128
128 0.625 165
128 0.6875 286
128 0.75 482
128 0.8125 639
128 0.875 861
128 0.9375 905
129 0 839
129 0.0625 639
129 0.125 514
129 0.1875 394
129 0.25 244
129 0.3125 202
129 0.375 148
129 0.4375 121
129 0.5 145
129 0.5625 135
129 0.625 165
129 0.6875 324
129 0.75 496
129 0.8125 673
129 0.875 809
129 0.9375 867
130 0 820
130 0.0625 644
130 0.125 506
130 0.1875 335
130 0.25 249
130 0.3125 184
130 0.375 146
130 0.4375 116
130 0.5 138
130 0.5625 112
130 0.625 168
130 0.6875 306
130 0.75 451
130 0.8125 691
130 0.875 840
130 0.9375 890
131 0 799
131 0.0625 563
131 0.125 483
131 0.1875 340
131 0.25 257
131 0.3125 179
131 0.375 149
131 0.4375 134
131 0.5 132
131 0.5625 134
131 0.625 132
131 0.6875 282
131 0.75 475
131 0.8125 674
131 0.875 830
131 0.9375 818
132 0 764
132 0.0625 637
132 0.125 475
132 0.1875 345
132 0.25 244
132 0.3125 194
132 0.375 137
132 0.4375 133
132 0.5 130
132 0.5625 132
132 0.625 157
132 0.6875 274
132 0.75 465
132 0.8125 712
132 0.875 815
132 0.9375 831
133 0 733
133 0.0625 587
133 0.125 459
133 0.1875 362
133 0.25 232
133 0.3125 180
133 0.375 153
133 0.4375 126
133 0.5 119
133 0.5625 109
133 0.625 168
133 0.6875 270
133 0.75 485
133 0.8125 620
133 0.875 787
133 0.9375 869
134 0 769
134 0.0625 645
134 0.125 437
134 0.1875 330
134 0.25 229
134 0.3125 185
134 0.375 171
134 0.4375 125
134 0.5 120
134 0.5625 110
134 0.625 168
134 0.6875 262
134 0.75 451
134 0.8125 685
134 0.875 759
134 0.9375 809
135 0 732
135 0.0625 611
135 0.125 425
135 0.1875 289
135 0.25 211
135 0.3125 150
135 0.375 147
135 0.4375 146
135 0.5 125
135 0.5625 109
135 0.625 184
135 0.6875 273
135 0.75 410
135 0.8125 626
135 0.875 712
135 0.9375 867
136 0 719
136 0.0625 614
136 0.125 392
136 0.1875 312
136 0.25 237
136 0.3125 154
136 0.375 148
136 0.4375 135
136 0.5 126
136 0.5625 111
136 0.625 159
136 0.6875 248
136 0.75 457
136 0.8125 590
136 0.875 765
136 0.9375 802
137 0 756
137 0.0625 593
137 0.125 414
137 0.1875 301
137 0.25 241
137 0.3125 154
137 0.375 159
137 0.4375 138
137 0.5 126
137 0.5625 128
137 0.625 142
137 0.6875 261
137 0.75 401
137 0.8125 591
137 0.875 782
137 0.9375 833
138 0 706
138 0.0625 542
138 0.125 414
138 0.1875 336
138 0.25 223
138 0.3125 164
138 0.375 115
138 0.4375 125
138 0.5 112
138 0.5625 136
138 0.625 153
138 0.6875 251
138 0.75 451
138 0.8125 599
138 0.875 706
138 0.9375 819
139 0 685
139 0.0625 563
139 0.125 400
139 0.1875 303
139 0.25 197
139 0.3125 155
139 0.375 140
139 0.4375 119
139 0.5 120
139 0.5625 118
139 0.625 149
139 0.6875 295
139 0.75 420
139 0.8125 597
139 0.875 726
139 0.9375 810
140 0 740
140 0.0625 593
140 0.125 403
140 0.1875 290
140 0.25 201
140 0.3125 177
140 0.375 125
140 0.4375 114
140 0.5 93
140 0.5625 107
140 0.625 154
140 0.6875 275
140 0.75 383
140 0.8125 592
140 0.875 733
140 0.9375 764
141 0 683
141 0.0625 539
141 0.125 388
141 0.1875 267
141 0.25 187
141 0.3125 167
141 0.375 122
141 0.4375 124
141 0.5 94
141 0.5625 103
141 0.625 135
141 0.6875 245
141 0.75 393
141 0.8125 612
141 0.875 710
141 0.9375 760
142 0 715
142 0.0625 536
142 0.125 368
142 0.1875 287
142 0.25 202
142 0.3125 158
142 0.375 146
142 0.4375 90
142 0.5 124
142 0.5625 114
142 0.625 140
142 0.6875 252
142 0.75 388
142 0.8125 540
142 0.875 674
142 0.9375 716
143 0 662
143 0.0625 560
143 0.125 396
143 0.1875 269
143 0.25 182
143 0.3125 148
143 0.375 141
143 0.4375 99
143 0.5 135
143 0.5625 114
143 0.625 139
143 0.6875 248
143 0.75 389
143 0.8125 546
143 0.875 657
143 0.9375 760
144 0 644
144 0.0625 488
144 0.125 403
144 0.1875 259
144 0.25 185
144 0.3125 141
144 0.375 124
144 0.4375 115
144 0.5 97
144 0.5625 98
144 0.625 140
144 0.6875 245
144 0.75 339
144 0.8125 594
144 0.875 683
144 0.9375 716
145 0 645
145 0.0625 486
145 0.125 366
145 0.1875 252
145 0.25 215
145 0.3125 150
145 0.375 116
145 0.4375 94
145 0.5 88
145 0.5625 97
145 0.625 149
145 0.6875 238
145 0.75 386
145 0.8125 558
145 0.875 644
145 0.9375 675
146 0 659
146 0.0625 466
146 0.125 366
146 0.1875 272
146 0.25 201
146 0.3125 146
146 0.375 101
146 0.4375 107
146 0.5 102
146 0.5625 104
146 0.625 125
146 0.6875 264
146 0.75 367
146 0.8125 524
146 0.875 620
146 0.9375 687
147 0 629
147 0.0625 498
147 0.125 378
147 0.1875 249
147 0.25 191
147 0.3125 121
147 0.375 114
147 0.4375 99
147 0.5 113
147 0.5625 90
147 0.625 114
147 0.6875 232
147 0.75 360
147 0.8125 516
147 0.875 672
147 0.9375 700
148 0 596
148 0.0625 498
148 0.125 341
148 0.1875 265
148 0.25 178
148 0.3125 150
148 0.375 106
148 0.4375 82
148 0.5 104
148 0.5625 106
148 0.625 137
148 0.6875 234
148 0.75 342
148 0.8125 512
148 0.875 643
148 0.9375 710
149 0 603
149 0.0625 493
149 0.125 396
149 0.1875 261
149 0.25 175
149 0.3125 124
149 0.375 100
149 0.4375 107
149 0.5 79
149 0.5625 94
149 0.625 139
149 0.6875 193
149 0.75 376
149 0.8125 487
149 0.875 584
149 0.9375 646
150 0 569
150 0.0625 532
150 0.125 317
150 0.1875 260
150 0.25 150
150 0.3125 132
150 0.375 103
150 0.4375 92
150 0.5 99
150 0.5625 110
150 0.625 108
150 0.6875 211
150 0.75 363
150 0.8125 512
150 0.875 616
150 0.9375 637
151 0 549
151 0.0625 452
151 0.125 349
151 0.1875 231
151 0.25 172
151 0.3125 127
151 0.375 112
151 0.4375 98
151 0.5 99
151 0.5625 99
151 0.625 129
151 0.6875 209
151 0.75 334
151 0.8125 483
151 0.875 626
151 0.9375 630
152 0 530
152 0.0625 445
152 0.125 323
152 0.1875 231
152 0.25 172
152 0.3125 142
152 0.375 105
152 0.4375 79
152 0.5 78
152 0.5625 108
152 0.625 118
152 0.6875 216
152 0.75 328
152 0.8125 528
152 0.875 554
152 0.9375 628
153 0 551
153 0.0625 406
153 0.125 347
153 0.1875 217
153 0.25 177
153 0.3125 144
153 0.375 103
153 0.4375 86
153 0.5 97
153 0.5625 91
153 0.625 120
153 0.6875 205
153 0.75 328
153 0.8125 461
153 0.875 563
153 0.9375 634
154 0 540
154 0.0625 404
154 0.125 350
154 0.1875 218
154 0.25 141
154 0.3125 129
154 0.375 110
154 0.4375 93
154 0.5 91
154 0.5625 84
154 0.625 121
154 0.6875 193
154 0.75 326
154 0.8125 481
154 0.875 573
154 0.9375 609
155 0 530
155 0.0625 408
155 0.125 298
155 0.1875 235
155 0.25 157
155 0.3125 111
155 0.375 87
155 0.4375 92
155 0.5 89
155 0.5625 87
155 0.625 119
155 0.6875 210
155 0.75 348
155 0.8125 452
155 0.875 573
155 0.9375 535
156 0 527
156 0.0625 429
156 0.125 300
156 0.1875 246
156 0.25 139
156 0.3125 135
156 0.375 107
156 0.4375 96
156 0.5 96
156 0.5625 109
156 0.625 111
156 0.6875 185
156 0.75 327
156 0.8125 444
156 0.875 543
156 0.9375 558
157 0 530
157 0.0625 415
157 0.125 326
157 0.1875 188
157 0.25 151
157 0.3125 116
157 0.375 114
157 0.4375 81
157 0.5 94
157 0.5625 91
157 0.625 114
157 0.6875 202
157 0.75 304
157 0.8125 443
157 0.875 571
157 0.9375 565
158 0 518
158 0.0625 416
158 0.125 297
158 0.1875 226
158 0.25 145
158 0.3125 133
158 0.375 104
158 0.4375 113
158 0.5 89
158 0.5625 88
158 0.625 125
158 0.6875 193
158 0.75 309
158 0.8125 444
158 0.875 550
158 0.9375 514
159 0 519
159 0.0625 400
159 0.125 290
159 0.1875 201
159 0.25 145
159 0.3125 105
159 0.375 98
159 0.4375 81
159 0.5 77
159 0.5625 69
159 0.625 101
159 0.6875 175
159 0.75 316
159 0.8125 416
159 0.875 518
159 0.9375 572
160 0 494
160 0.0625 387
160 0.125 250
160 0.1875 185
160 0.25 127
160 0.3125 103
160 0.375 105
160 0.4375 79
160 0.5 80
160 0.5625 93
160 0.625 108
160 0.6875 199
160 0.75 299
160 0.8125 439
160 0.875 493
160 0.9375 569
161 0 427
161 0.0625 367
161 0.125 269
161 0.1875 190
161 0.25 164
161 0.3125 101
161 0.375 91
161 0.4375 89
161 0.5 68
161 0.5625 84
161 0.625 107
161 0.6875 177
161 0.75 304
161 0.8125 365
161 0.875 503
161 0.9375 532
162 0 466
162 0.0625 359
162 0.125 271
162 0.1875 181
162 0.25 136
162 0.3125 99
162 0.375 104
162 0.4375 83
162 0.5 78
162 0.5625 73
162 0.625 108
162 0.6875 175
162 0.75 289
162 0.8125 438
162 0.875 522
162 0.9375 537
163 0 455
163 0.0625 390
163 0.125 291
163 0.1875 157
163 0.25 150
163 0.3125 112
163 0.375 86
163 0.4375 85
163 0.5 80
163 0.5625 73
163 0.625 119
163 0.6875 210
163 0.75 337
163 0.8125 375
163 0.875 485
163 0.9375 516
164 0 439
164 0.0625 352
164 0.125 265
164 0.1875 209
164 0.25 139
164 0.3125 127
164 0.375 92
164 0.4375 82
164 0.5 76
164 0.5625 77
164 0.625 93
164 0.6875 193
164 0.75 271
164 0.8125 389
164 0.875 497
164 0.9375 486
165 0 461
165 0.0625 385
165 0.125 250
165 0.1875 185
165 0.25 153
165 0.3125 101
165 0.375 94
165 0.4375 86
165 0.5 71
165 0.5625 70
165 0.625 105
165 0.6875 191
165 0.75 307
165 0.8125 400
165 0.875 481
165 0.9375 478
166 0 460
166 0.0625 375
166 0.125 245
166 0.1875 178
166 0.25 141
166 0.3125 101
166 0.375 95
166 0.4375 78
166 0.5 75
166 0.5625 85
166 0.625 116
166 0.6875 179
166 0.75 287
166 0.8125 407
166 0.875 459
166 0.9375 539
167 0 515
167 0.0625 333
167 0.125 266
167 0.1875 171
167 0.25 152
167 0.3125 95
167 0.375 84
167 0.4375 97
167 0.5 64
167 0.5625 75
167 0.625 121
167 0.6875 156
167 0.75 294
167 0.8125 413
167 0.875 460
167 0.9375 484
168 0 479
168 0.0625 357
168 0.125 256
168 0.1875 171
168 0.25 129
168 0.3125 97
168 0.375 77
168 0.4375 78
168 0.5 53
168 0.5625 79
168 0.625 99
168 0.6875 152
168 0.75 261
168 0.8125 356
168 0.875 486
168 0.9375 468
169 0 426
169 0.0625 374
169 0.125 252
169 0.1875 182
169 0.25 120
169 0.3125 114
169 0.375 78
169 0.4375 79
169 0.5 75
169 0.5625 85
169 0.625 99
169 0.6875 174
169 0.75 262
169 0.8125 369
169 0.875 456
169 0.9375 485
170 0 414
170 0.0625 326
170 0.125 249
170 0.1875 182
170 0.25 131
170 0.3125 104
170 0.375 86
170 0.4375 60
170 0.5 72
170 0.5625 80
170 0.625 121
170 0.6875 150
170 0.75 265
170 0.8125 362
170 0.875 481
170 0.9375 470
171 0 402
171 0.0625 355
171 0.125 202
171 0.1875 180
171 0.25 113
171 0.3125 102
171 0.375 76
171 0.4375 69
171 0.5 74
171 0.5625 80
171 0.625 107
171 0.6875 202
171 0.75 254
171 0.8125 359
171 0.875 425
171 0.9375 465
172 0 393
172 0.0625 311
172 0.125 243
172 0.1875 153
172 0.25 111
172 0.3125 94
172 0.375 86
172 0.4375 70
172 0.5 69
172 0.5625 88
172 0.625 97
172 0.6875 183
172 0.75 237
172 0.8125 366
172 0.875 435
172 0.9375 473
173 0 402
173 0.0625 299
173 0.125 260
173 0.1875 184
173 0.25 103
173 0.3125 93
173 0.375 97
173 0.4375 93
173 0.5 73
173 0.5625 89
173 0.625 84
173 0.6875 153
173 0.75 252
173 0.8125 351
173 0.875 462
173 0.9375 461
174 0 380
174 0.0625 289
174 0.125 203
174 0.1875 165
174 0.25 96
174 0.3125 96
174 0.375 68
174 0.4375 75
174 0.5 73
174 0.5625 81
174 0.625 106
174 0.6875 156
174 0.75 242
174 0.8125 338
174 0.875 417
174 0.9375 419
175 0 360
175 0.0625 297
175 0.125 239
175 0.1875 142
175 0.25 125
175 0.3125 84
175 0.375 76
175 0.4375 73
175 0.5 67
175 0.5625 70
175 0.625 101
175 0.6875 123
175 0.75 234
175 0.8125 321
175 0.875 419
175 0.9375 387
176 0 377
176 0.0625 289
176 0.125 212
176 0.1875 157
176 0.25 91
176 0.3125 92
176 0.375 73
176 0.4375 66
176 0.5 77
176 0.5625 67
176 0.625 93
176 0.6875 154
176 0.75 295
176 0.8125 339
176 0.875 409
176 0.9375 413
177 0 309
177 0.0625 305
177 0.125 218
177 0.1875 139
177 0.25 111
177 0.3125 84
177 0.375 75
177 0.4375 66
177 0.5 78
177 0.5625 91
177 0.625 94
177 0.6875 140
177 0.75 242
177 0.8125 332
177 0.875 384
177 0.9375 392
178 0 350
178 0.0625 244
178 0.125 182
178 0.1875 127
178 0.25 100
178 0.3125 88
178 0.375 59
178 0.4375 68
178 0.5 63
178 0.5625 55
178 0.625 85
178 0.6875 136
178 0.75 223
178 0.8125 315
178 0.875 383
178 0.9375 377
179 0 351
179 0.0625 283
179 0.125 227
179 0.1875 115
179 0.25 120
179 0.3125 107
179 0.375 78
179 0.4375 63
179 0.5 55
179 0.5625 62
179 0.625 72
179 0.6875 129
179 0.75 194
179 0.8125 292
179 0.875 362
179 0.9375 381
180 0 340
180 0.0625 277
180 0.125 214
180 0.1875 126
180 0.25 98
180 0.3125 80
180 0.375 76
180 0.4375 52
180 0.5 68
180 0.5625 54
180 0.625 92
180 0.6875 123
180 0.75 181
180 0.8125 303
180 0.875 351
180 0.9375 404
181 0 343
181 0.0625 236
181 0.125 199
181 0.1875 149
181 0.25 112
181 0.3125 91
181 0.375 72
181 0.4375 77
181 0.5 57
181 0.5625 55
181 0.625 64
181 0.6875 152
181 0.75 211
181 0.8125 296
181 0.875 332
181 0.9375 354
182 0 311
182 0.0625 269
182 0.125 176
182 0.1875 125
182 0.25 103
182 0.3125 69
182 0.375 66
182 0.4375 68
182 0.5 44
182 0.5625 67
182 0.625 89
182 0.6875 130
182 0.75 204
182 0.8125 273
182 0.875 358
182 0.9375 346
183 0 317
183 0.0625 253
183 0.125 186
183 0.1875 125
183 0.25 109
183 0.3125 65
183 0.375 67
183 0.4375 73
183 0.5 68
183 0.5625 57
183 0.625 80
183 0.6875 147
183 0.75 192
183 0.8125 295
183 0.875 357
183 0.9375 341
184 0 321
184 0.0625 258
184 0.125 166
184 0.1875 135
184 0.25 85
184 0.3125 80
184 0.375 61
184 0.4375 50
184 0.5 57
184 0.5625 60
184 0.625 76
184 0.6875 127
184 0.75 167
184 0.8125 297
184 0.875 334
184 0.9375 311
185 0 321
185 0.0625 245
185 0.125 173
185 0.1875 129
185 0.25 94
185 0.3125 78
185 0.375 70
185 0.4375 48
185 0.5 48
185 0.5625 61
185 0.625 71
185 0.6875 121
185 0.75 230
185 0.8125 259
185 0.875 349
185 0.9375 356
186 0 317
186 0.0625 235
186 0.125 138
186 0.1875 124
186 0.25 91
186 0.3125 66
186 0.375 64
186 0.4375 59
186 0.5 50
186 0.5625 59
186 0.625 75
186 0.6875 115
186 0.75 191
186 0.8125 260
186 0.875 333
186 0.9375 337
187 0 276
187 0.0625 258
187 0.125 166
187 0.1875 124
187 0.25 70
187 0.3125 85
187 0.375 71
187 0.4375 56
187 0.5 52
187 0.5625 66
187 0.625 91
187 0.6875 131
187 0.75 198
187 0.8125 254
187 0.875 331
187 0.9375 320
188 0 307
188 0.0625 227
188 0.125 167
188 0.1875 123
188 0.25 89
188 0.3125 75
188 0.375 72
188 0.4375 52
188 0.5 59
188 0.5625 69
188 0.625 67
188 0.6875 129
188 0.75 217
188 0.8125 260
188 0.875 332
188 0.9375 309
189 0 285
189 0.0625 207
189 0.125 153
189 0.1875 137
189 0.25 83
189 0.3125 65
189 0.375 72
189 0.4375 63
189 0.5 48
189 0.5625 52
189 0.625 71
189 0.6875 112
189 0.75 175
189 0.8125 248
189 0.875 320
189 0.9375 364
190 0 301
190 0.0625 227
190 0.125 156
190 0.1875 115
190 0.25 75
190 0.3125 75
190 0.375 66
190 0.4375 45
190 0.5 56
190 0.5625 49
190 0.625 64
190 0.6875 128
190 0.75 188
190 0.8125 246
190 0.875 331
190 0.9375 299
191 0 265
191 0.0625 223
191 0.125 169
191 0.1875 113
191 0.25 74
191 0.3125 70
191 0.375 60
191 0.4375 49
191 0.5 50
191 0.5625 42
191 0.625 75
191 0.6875 119
191 0.75 150
191 0.8125 243
191 0.875 290
191 0.9375 319
192 0 275
192 0.0625 233
192 0.125 149
192 0.1875 97
192 0.25 81
192 0.3125 52
192 0.375 65
192 0.4375 52
192 0.5 47
192 0.5625 67
192 0.625 73
192 0.6875 112
192 0.75 196
192 0.8125 241
192 0.875 314
192 0.9375 266
193 0 288
193 0.0625 216
193 0.125 157
193 0.1875 117
193 0.25 93
193 0.3125 49
193 0.375 67
193 0.4375 48
193 0.5 49
193 0.5625 54
193 0.625 69
193 0.6875 108
193 0.75 185
193 0.8125 238
193 0.875 290
193 0.9375 299
194 0 263
194 0.0625 216
194 0.125 145
194 0.1875 110
194 0.25 103
194 0.3125 69
194 0.375 58
194 0.4375 67
194 0.5 49
194 0.5625 61
194 0.625 83
194 0.6875 110
194 0.75 167
194 0.8125 258
194 0.875 276
194 0.9375 285
195 0 247
195 0.0625 191
195 0.125 148
195 0.1875 112
195 0.25 90
195 0.3125 70
195 0.375 50
195 0.4375 42
195 0.5 63
195 0.5625 43
195 0.625 64
195 0.6875 114
195 0.75 183
195 0.8125 231
195 0.875 281
195 0.9375 284
196 0 253
196 0.0625 204
196 0.125 140
196 0.1875 86
196 0.25 96
196 0.3125 50
196 0.375 46
196 0.4375 49
196 0.5 53
196 0.5625 52
196 0.625 63
196 0.6875 103
196 0.75 169
196 0.8125 241
196 0.875 307
196 0.9375 252
197 0 240
197 0.0625 193
197 0.125 118
197 0.1875 103
197 0.25 77
197 0.3125 59
197 0.375 57
197 0.4375 58
197 0.5 49
197 0.5625 63
197 0.625 59
197 0.6875 101
197 0.75 168
197 0.8125 234
197 0.875 275
197 0.9375 269
198 0 269
198 0.0625 188
198 0.125 136
198 0.1875 108
198 0.25 74
198 0.3125 58
198 0.375 51
198 0.4375 47
198 0.5 42
198 0.5625 43
198 0.625 60
198 0.6875 113
198 0.75 158
198 0.8125 245
198 0.875 249
198 0.9375 262
199 0 216
199 0.0625 181
199 0.125 158
199 0.1875 90
199 0.25 87
199 0.3125 65
199 0.375 55
199 0.4375 63
199 0.5 47
199 0.5625 49
199 0.625 57
199 0.6875 93
199 0.75 170
199 0.8125 233
199 0.875 266
199 0.9375 274
200 0 232
200 0.0625 174
200 0.125 135
200 0.1875 108
200 0.25 77
200 0.3125 62
200 0.375 48
200 0.4375 57
200 0.5 45
200 0.5625 40
200 0.625 47
200 0.6875 98
200 0.75 165
200 0.8125 186
200 0.875 249
200 0.9375 259
201 0 230
201 0.0625 188
201 0.125 142
201 0.1875 76
201 0.25 62
201 0.3125 68
201 0.375 55
201 0.4375 52
201 0.5 42
201 0.5625 49
201 0.625 67
201 0.6875 83
201 0.75 169
201 0.8125 172
201 0.875 245
201 0.9375 253
202 0 218
202 0.0625 149
202 0.125 116
202 0.1875 85
202 0.25 55
202 0.3125 61
202 0.375 53
202 0.4375 58
202 0.5 50
202 0.5625 63
202 0.625 62
202 0.6875 85
202 0.75 137
202 0.8125 206
202 0.875 242
202 0.9375 263
203 0 219
203 0.0625 164
203 0.125 116
203 0.1875 82
203 0.25 67
203 0.3125 70
203 0.375 53
203 0.4375 53
203 0.5 29
203 0.5625 44
203 0.625 65
203 0.6875 96
203 0.75 135
203 0.8125 204
203 0.875 239
203 0.9375 219
204 0 210
204 0.0625 160
204 0.125 103
204 0.1875 82
204 0.25 73
204 0.3125 60
204 0.375 44
204 0.4375 43
204 0.5 39
204 0.5625 55
204 0.625 50
204 0.6875 94
204 0.75 146
204 0.8125 238
204 0.875 258
204 0.9375 231
205 0 209
205 0.0625 178
205 0.125 123
205 0.1875 86
205 0.25 55
205 0.3125 47
205 0.375 36
205 0.4375 56
205 0.5 35
205 0.5625 44
205 0.625 54
205 0.6875 82
205 0.75 143
205 0.8125 188
205 0.875 232
205 0.9375 239
206 0 212
206 0.0625 177
206 0.125 130
206 0.1875 80
206 0.25 69
206 0.3125 40
206 0.375 53
206 0.4375 55
206 0.5 49
206 0.5625 40
206 0.625 58
206 0.6875 113
206 0.75 151
206 0.8125 182
206 0.875 225
206 0.9375 229
207 0 202
207 0.0625 150
207 0.125 104
207 0.1875 83
207 0.25 61
207 0.3125 70
207 0.375 47
207 0.4375 50
207 0.5 45
207 0.5625 35
207 0.625 50
207 0.6875 74
207 0.75 123
207 0.8125 195
207 0.875 232
207 0.9375 212
208 0 180
208 0.0625 138
208 0.125 116
208 0.1875 70
208 0.25 68
208 0.3125 49
208 0.375 42
208 0.4375 29
208 0.5 45
208 0.5625 38
208 0.625 55
208 0.6875 91
208 0.75 116
208 0.8125 177
208 0.875 199
208 0.9375 212
209 0 184
209 0.0625 156
209 0.125 96
209 0.1875 73
209 0.25 59
209 0.3125 51
209 0.375 50
209 0.4375 41
209 0.5 39
209 0.5625 45
209 0.625 54
209 0.6875 87
209 0.75 114
209 0.8125 170
209 0.875 212
209 0.9375 204
210 0 167
210 0.0625 124
210 0.125 99
210 0.1875 77
210 0.25 58
210 0.3125 51
210 0.375 40
210 0.4375 50
210 0.5 19
210 0.5625 39
210 0.625 51
210 0.6875 73
210 0.75 135
210 0.8125 147
210 0.875 200
210 0.9375 197
211 0 160
211 0.0625 135
211 0.125 80
211 0.1875 78
211 0.25 68
211 0.3125 61
211 0.375 33
211 0.4375 31
211 0.5 39
211 0.5625 36
211 0.625 38
211 0.6875 77
211 0.75 116
211 0.8125 163
211 0.875 175
211 0.9375 185
212 0 145
212 0.0625 121
212 0.125 94
212 0.1875 73
212 0.25 50
212 0.3125 31
212 0.375 42
212 0.4375 41
212 0.5 33
212 0.5625 32
212 0.625 59
212 0.6875 76
212 0.75 96
212 0.8125 131
212 0.875 170
212 0.9375 180
213 0 155
213 0.0625 130
213 0.125 91
213 0.1875 62
213 0.25 42
213 0.3125 39
213 0.375 35
213 0.4375 34
213 0.5 40
213 0.5625 49
213 0.625 49
213 0.6875 75
213 0.75 118
213 0.8125 149
213 0.875 193
213 0.9375 170
214 0 138
214 0.0625 124
214 0.125 102
214 0.1875 57
214 0.25 46
214 0.3125 39
214 0.375 35
214 0.4375 29
214 0.5 23
214 0.5625 36
214 0.625 52
214 0.6875 72
214 0.75 88
214 0.8125 138
214 0.875 141
214 0.9375 149
215 0 133
215 0.0625 102
215 0.125 78
215 0.1875 53
215 0.25 33
215 0.3125 42
215 0.375 23
215 0.4375 37
215 0.5 31
215 0.5625 29
215 0.625 51
215 0.6875 67
215 0.75 93
215 0.8125 119
215 0.875 139
215 0.9375 149
216 0 133
216 0.0625 100
216 0.125 64
216 0.1875 52
216 0.25 40
216 0.3125 25
216 0.375 30
216 0.4375 34
216 0.5 27
216 0.5625 27
216 0.625 25
216 0.6875 49
216 0.75 83
216 0.8125 115
216 0.875 105
216 0.9375 121
217 0 95
217 0.0625 86
217 0.125 67
217 0.1875 49
217 0.25 50
217 0.3125 26
217 0.375 42
217 0.4375 29
217 0.5 18
217 0.5625 28
217 0.625 24
217 0.6875 50
217 0.75 92
217 0.8125 123
217 0.875 120
217 0.9375 109
218 0 93
218 0.0625 89
218 0.125 61
218 0.1875 47
218 0.25 36
218 0.3125 33
218 0.375 29
218 0.4375 29
218 0.5 23
218 0.5625 30
218 0.625 27
218 0.6875 60
218 0.75 57
218 0.8125 97
218 0.875 118
218 0.9375 130
219 0 96
219 0.0625 74
219 0.125 47
219 0.1875 46
219 0.25 41
219 0.3125 23
219 0.375 18
219 0.4375 23
219 0.5 24
219 0.5625 28
219 0.625 37
219 0.6875 50
219 0.75 71
219 0.8125 124
219 0.875 111
219 0.9375 125
220 0 95
220 0.0625 90
220 0.125 47
220 0.1875 40
220 0.25 34
220 0.3125 32
220 0.375 25
220 0.4375 24
220 0.5 28
220 0.5625 21
220 0.625 27
220 0.6875 39
220 0.75 59
220 0.8125 93
220 0.875 123
220 0.9375 119
221 0 100
221 0.0625 69
221 0.125 49
221 0.1875 37
221 0.25 33
221 0.3125 21
221 0.375 19
221 0.4375 23
221 0.5 21
221 0.5625 22
221 0.625 25
221 0.6875 53
221 0.75 76
221 0.8125 77
221 0.875 97
221 0.9375 91
222 0 112
222 0.0625 60
222 0.125 50
222 0.1875 35
222 0.25 32
222 0.3125 33
222 0.375 15
222 0.4375 25
222 0.5 23
222 0.5625 22
222 0.625 21
222 0.6875 42
222 0.75 56
222 0.8125 78
222 0.875 101
222 0.9375 124
223 0 74
223 0.0625 61
223 0.125 44
223 0.1875 37
223 0.25 25
223 0.3125 33
223 0.375 17
223 0.4375 28
223 0.5 25
223 0.5625 27
223 0.625 20
223 0.6875 53
223 0.75 58
223 0.8125 71
223 0.875 99
223 0.9375 110
224 0 95
224 0.0625 57
224 0.125 55
224 0.1875 32
224 0.25 20
224 0.3125 31
224 0.375 20
224 0.4375 20
224 0.5 19
224 0.5625 20
224 0.625 30
224 0.6875 39
224 0.75 65
224 0.8125 72
224 0.875 107
224 0.9375 91
225 0 86
225 0.0625 65
225 0.125 55
225 0.1875 45
225 0.25 27
225 0.3125 26
225 0.375 19
225 0.4375 22
225 0.5 20
225 0.5625 24
225 0.625 24
225 0.6875 45
225 0.75 60
225 0.8125 78
225 0.875 85
225 0.9375 108
226 0 79
226 0.0625 51
226 0.125 61
226 0.1875 32
226 0.25 30
226 0.3125 33
226 0.375 22
226 0.4375 21
226 0.5 9
226 0.5625 14
226 0.625 33
226 0.6875 44
226 0.75 57
226 0.8125 82
226 0.875 92
226 0.9375 80
227 0 68
227 0.0625 82
227 0.125 51
227 0.1875 46
227 0.25 42
227 0.3125 19
227 0.375 22
227 0.4375 28
227 0.5 22
227 0.5625 14
227 0.625 17
227 0.6875 30
227 0.75 55
227 0.8125 95
227 0.875 85
227 0.9375 84
228 0 89
228 0.0625 54
228 0.125 39
228 0.1875 43
228 0.25 31
228 0.3125 22
228 0.375 20
228 0.4375 22
228 0.5 28
228 0.5625 23
228 0.625 27
228 0.6875 46
228 0.75 59
228 0.8125 75
228 0.875 89
228 0.9375 93
229 0 90
229 0.0625 54
229 0.125 39
229 0.1875 25
229 0.25 27
229 0.3125 28
229 0.375 19
229 0.4375 12
229 0.5 18
229 0.5625 26
229 0.625 28
229 0.6875 31
229 0.75 53
229 0.8125 74
229 0.875 74
229 0.9375 91
230 0 89
230 0.0625 62
230 0.125 50
230 0.1875 39
230 0.25 14
230 0.3125 16
230 0.375 19
230 0.4375 16
230 0.5 22
230 0.5625 14
230 0.625 28
230 0.6875 40
230 0.75 52
230 0.8125 60
230 0.875 89
230 0.9375 92
231 0 74
231 0.0625 68
231 0.125 63
231 0.1875 35
231 0.25 18
231 0.3125 16
231 0.375 19
231 0.4375 12
231 0.5 25
231 0.5625 23
231 0.625 32
231 0.6875 38
231 0.75 44
231 0.8125 90
231 0.875 82
231 0.9375 85
232 0 84
232 0.0625 56
232 0.125 52
232 0.1875 40
232 0.25 17
232 0.3125 26
232 0.375 23
232 0.4375 27
232 0.5 23
232 0.5625 10
232 0.625 31
232 0.6875 42
232 0.75 50
232 0.8125 84
232 0.875 79
232 0.9375 94
233 0 67
233 0.0625 65
233 0.125 49
233 0.1875 42
233 0.25 21
233 0.3125 19
233 0.375 15
233 0.4375 20
233 0.5 18
233 0.5625 25
233 0.625 25
233 0.6875 38
233 0.75 67
233 0.8125 76
233 0.875 83
233 0.9375 93
234 0 85
234 0.0625 57
234 0.125 43
234 0.1875 38
234 0.25 30
234 0.3125 19
234 0.375 16
234 0.4375 22
234 0.5 22
234 0.5625 21
234 0.625 23
234 0.6875 32
234 0.75 50
234 0.8125 69
234 0.875 81
234 0.9375 84
235 0 76
235 0.0625 74
235 0.125 37
235 0.1875 34
235 0.25 25
235 0.3125 22
235 0.375 21
235 0.4375 17
235 0.5 13
235 0.5625 23
235 0.625 21
235 0.6875 33
235 0.75 50
235 0.8125 73
235 0.875 81
235 0.9375 76
236 0 75
236 0.0625 68
236 0.125 50
236 0.1875 34
236 0.25 32
236 0.3125 31
236 0.375 25
236 0.4375 20
236 0.5 28
236 0.5625 19
236 0.625 33
236 0.6875 28
236 0.75 55
236 0.8125 60
236 0.875 76
236 0.9375 93
237 0 84
237 0.0625 50
237 0.125 37
237 0.1875 39
237 0.25 35
237 0.3125 19
237 0.375 16
237 0.4375 19
237 0.5 22
237 0.5625 10
237 0.625 20
237 0.6875 39
237 0.75 48
237 0.8125 70
237 0.875 90
237 0.9375 93
238 0 65
238 0.0625 52
238 0.125 47
238 0.1875 28
238 0.25 27
238 0.3125 21
238 0.375 23
238 0.4375 19
238 0.5 17
238 0.5625 22
238 0.625 14
238 0.6875 32
238 0.75 44
238 0.8125 65
238 0.875 94
238 0.9375 74
239 0 90
239 0.0625 62
239 0.125 55
239 0.1875 31
239 0.25 29
239 0.3125 22
239 0.375 19
239 0.4375 17
239 0.5 20
239 0.5625 21
239 0.625 35
239 0.6875 34
239 0.75 64
239 0.8125 76
239 0.875 85
239 0.9375 85
240 0 80
240 0.0625 60
240 0.125 41
240 0.1875 29
240 0.25 13
240 0.3125 22
240 0.375 24
240 0.4375 26
240 0.5 19
240 0.5625 24
240 0.625 25
240 0.6875 35
240 0.75 64
240 0.8125 73
240 0.875 90
240 0.9375 76
241 0 78
241 0.0625 43
241 0.125 36
241 0.1875 41
241 0.25 32
241 0.3125 16
241 0.375 19
241 0.4375 28
241 0.5 18
241 0.5625 23
241 0.625 33
241 0.6875 36
241 0.75 53
241 0.8125 67
241 0.875 86
241 0.9375 90
242 0 67
242 0.0625 43
242 0.125 48
242 0.1875 36
242 0.25 27
242 0.3125 24
242 0.375 15
242 0.4375 21
242 0.5 19
242 0.5625 25
242 0.625 25
242 0.6875 47
242 0.75 45
242 0.8125 53
242 0.875 90
242 0.9375 67
243 0 56
243 0.0625 52
243 0.125 36
243 0.1875 30
243 0.25 18
243 0.3125 25
243 0.375 16
243 0.4375 15
243 0.5 16
243 0.5625 23
243 0.625 24
243 0.6875 42
243 0.75 42
243 0.8125 69
243 0.875 78
243 0.9375 79
244 0 61
244 0.0625 64
244 0.125 43
244 0.1875 36
244 0.25 26
244 0.3125 24
244 0.375 16
244 0.4375 22
244 0.5 20
244 0.5625 31
244 0.625 20
244 0.6875 48
244 0.75 62
244 0.8125 76
244 0.875 72
244 0.9375 79
245 0 68
245 0.0625 48
245 0.125 43
245 0.1875 28
245 0.25 23
245 0.3125 22
245 0.375 19
245 0.4375 25
245 0.5 9
245 0.5625 20
245 0.625 20
245 0.6875 37
245 0.75 54
245 0.8125 64
245 0.875 82
245 0.9375 71
246 0 65
246 0.0625 45
246 0.125 47
246 0.1875 29
246 0.25 31
246 0.3125 22
246 0.375 24
246 0.4375 18
246 0.5 23
246 0.5625 20
246 0.625 24
246 0.6875 42
246 0.75 59
246 0.8125 58
246 0.875 83
246 0.9375 84
247 0 65
247 0.0625 63
247 0.125 33
247 0.1875 36
247 0.25 24
247 0.3125 18
247 0.375 15
247 0.4375 24
247 0.5 15
247 0.5625 19
247 0.625 26
247 0.6875 51
247 0.75 56
247 0.8125 73
247 0.875 83
247 0.9375 69
248 0 62
248 0.0625 54
248 0.125 51
248 0.1875 37
248 0.25 29
248 0.3125 15
248 0.375 20
248 0.4375 26
248 0.5 18
248 0.5625 22
248 0.625 20
248 0.6875 40
248 0.75 51
248 0.8125 71
248 0.875 70
248 0.9375 77
249 0 71
249 0.0625 50
249 0.125 37
249 0.1875 25
249 0.25 24
249 0.3125 31
249 0.375 15
249 0.4375 13
249 0.5 13
249 0.5625 14
249 0.625 23
249 0.6875 27
249 0.75 56
249 0.8125 63
249 0.875 93
249 0.9375 70
250 0 64
250 0.0625 52
250 0.125 39
250 0.1875 24
250 0.25 25
250 0.3125 18
250 0.375 22
250 0.4375 21
250 0.5 16
250 0.5625 19
250 0.625 32
250 0.6875 30
250 0.75 56
250 0.8125 56
250 0.875 64
250 0.9375 75
251 0 63
251 0.0625 48
251 0.125 41
251 0.1875 35
251 0.25 25
251 0.3125 18
251 0.375 23
251 0.4375 23
251 0.5 15
251 0.5625 20
251 0.625 21
251 0.6875 29
251 0.75 39
251 0.8125 65
251 0.875 65
251 0.9375 62
252 0 54
252 0.0625 56
252 0.125 33
252 0.1875 21
252 0.25 22
252 0.3125 16
252 0.375 15
252 0.4375 25
252 0.5 18
252 0.5625 20
252 0.625 20
252 0.6875 26
252 0.75 44
252 0.8125 67
252 0.875 77
252 0.9375 86
253 0 60
253 0.0625 55
253 0.125 41
253 0.1875 31
253 0.25 17
253 0.3125 23
253 0.375 27
253 0.4375 14
253 0.5 20
253 0.5625 18
253 0.625 18
253 0.6875 29
253 0.75 33
253 0.8125 46
253 0.875 56
253 0.9375 78
254 0 65
254 0.0625 58
254 0.125 36
254 0.1875 28
254 0.25 23
254 0.3125 21
254 0.375 18
254 0.4375 23
254 0.5 21
254 0.5625 16
254 0.625 13
254 0.6875 41
254 0.75 58
254 0.8125 58
254 0.875 73
254 0.9375 72
255 0 52
255 0.0625 55
255 0.125 38
255 0.1875 27
255 0.25 27
255 0.3125 17
255 0.375 13
255 0.4375 14
255 0.5 9
255 0.5625 12
255 0.625 31
255 0.6875 34
255 0.75 59
255 0.8125 61
255 0.875 63
255 0.9375 69
256 0 45
256 0.0625 48
256 0.125 36
256 0.1875 27
256 0.25 31
256 0.3125 27
256 0.375 13
256 0.4375 20
256 0.5 25
256 0.5625 19
256 0.625 22
256 0.6875 25
256 0.75 43
256 0.8125 54
256 0.875 67
256 0.9375 73
257 0 50
257 0.0625 51
257 0.125 34
257 0.1875 25
257 0.25 20
257 0.3125 19
257 0.375 17
257 0.4375 16
257 0.5 20
257 0.5625 21
257 0.625 16
257 0.6875 39
257 0.75 57
257 0.8125 43
257 0.875 63
257 0.9375 75
258 0 64
258 0.0625 49
258 0.125 38
258 0.1875 31
258 0.25 20
258 0.3125 21
258 0.375 16
258 0.4375 16
258 0.5 15
258 0.5625 27
258 0.625 26
258 0.6875 37
258 0.75 42
258 0.8125 68
258 0.875 77
258 0.9375 71
259 0 54
259 0.0625 46
259 0.125 47
259 0.1875 21
259 0.25 26
259 0.3125 23
259 0.375 19
259 0.4375 16
259 0.5 15
259 0.5625 25
259 0.625 25
259 0.6875 30
259 0.75 38
259 0.8125 43
259 0.875 67
259 0.9375 72
260 0 56
260 0.0625 54
260 0.125 30
260 0.1875 30
260 0.25 21
260 0.3125 12
260 0.375 9
260 0.4375 13
260 0.5 19
260 0.5625 16
260 0.625 17
260 0.6875 25
260 0.75 35
260 0.8125 57
260 0.875 58
260 0.9375 70
261 0 43
261 0.0625 44
261 0.125 29
261 0.1875 25
261 0.25 17
261 0.3125 17
261 0.375 17
261 0.4375 12
261 0.5 12
261 0.5625 18
261 0.625 18
261 0.6875 22
261 0.75 30
261 0.8125 51
261 0.875 69
261 0.9375 64
262 0 65
262 0.0625 41
262 0.125 42
262 0.1875 22
262 0.25 23
262 0.3125 17
262 0.375 20
262 0.4375 20
262 0.5 11
262 0.5625 9
262 0.625 22
262 0.6875 25
262 0.75 44
262 0.8125 47
262 0.875 55
262 0.9375 65
263 0 60
263 0.0625 42
263 0.125 28
263 0.1875 22
263 0.25 18
263 0.3125 24
263 0.375 13
263 0.4375 22
263 0.5 11
263 0.5625 16
263 0.625 18
263 0.6875 40
263 0.75 45
263 0.8125 65
263 0.875 45
263 0.9375 53
264 0 49
264 0.0625 38
264 0.125 23
264 0.1875 21
264 0.25 18
264 0.3125 17
264 0.375 15
264 0.4375 13
264 0.5 18
264 0.5625 12
264 0.625 23
264 0.6875 39
264 0.75 43
264 0.8125 52
264 0.875 54
264 0.9375 58
265 0 59
265 0.0625 35
265 0.125 34
265 0.1875 25
265 0.25 11
265 0.3125 26
265 0.375 13
265 0.4375 19
265 0.5 11
265 0.5625 17
265 0.625 15
265 0.6875 31
265 0.75 45
265 0.8125 55
265 0.875 56
265 0.9375 44
266 0 45
266 0.0625 42
266 0.125 31
266 0.1875 19
266 0.25 25
266 0.3125 15
266 0.375 22
266 0.4375 18
266 0.5 16
266 0.5625 11
266 0.625 17
266 0.6875 27
266 0.75 40
266 0.8125 50
266 0.875 72
266 0.9375 56
267 0 43
267 0.0625 34
267 0.125 27
267 0.1875 21
267 0.25 19
267 0.3125 27
267 0.375 14
267 0.4375 16
267 0.5 14
267 0.5625 23
267 0.625 18
267 0.6875 23
267 0.75 40
267 0.8125 40
267 0.875 44
267 0.9375 48
268 0 34
268 0.0625 35
268 0.125 19
268 0.1875 23
268 0.25 19
268 0.3125 16
268 0.375 17
268 0.4375 12
268 0.5 18
268 0.5625 10
268 0.625 18
268 0.6875 24
268 0.75 35
268 0.8125 47
268 0.875 59
268 0.9375 53
269 0 39
269 0.0625 43
269 0.125 26
269 0.1875 30
269 0.25 30
269 0.3125 12
269 0.375 16
269 0.4375 16
269 0.5 12
269 0.5625 8
269 0.625 17
269 0.6875 24
269 0.75 44
269 0.8125 36
269 0.875 49
269 0.9375 49
270 0 44
270 0.0625 32
270 0.125 32
270 0.1875 21
270 0.25 18
270 0.3125 19
270 0.375 18
270 0.4375 17
270 0.5 20
270 0.5625 19
270 0.625 16
270 0.6875 30
270 0.75 34
270 0.8125 47
270 0.875 45
270 0.9375 63
271 0 55
271 0.0625 33
271 0.125 31
271 0.1875 27
271 0.25 21
271 0.3125 18
271 0.375 17
271 0.4375 19
271 0.5 14
271 0.5625 10
271 0.625 13
271 0.6875 26
271 0.75 39
271 0.8125 46
271 0.875 42
271 0.9375 49
272 0 39
272 0.0625 31
272 0.125 27
272 0.1875 29
272 0.25 12
272 0.3125 15
272 0.375 20
272 0.4375 14
272 0.5 15
272 0.5625 19
272 0.625 16
272 0.6875 32
272 0.75 38
272 0.8125 43
272 0.875 53
272 0.9375 47
273 0 31
273 0.0625 29
273 0.125 32
273 0.1875 22
273 0.25 16
273 0.3125 9
273 0.375 14
273 0.4375 13
273 0.5 13
273 0.5625 19
273 0.625 14
273 0.6875 19
273 0.75 39
273 0.8125 42
273 0.875 45
273 0.9375 56
274 0 50
274 0.0625 39
274 0.125 22
274 0.1875 20
274 0.25 22
274 0.3125 13
274 0.375 29
274 0.4375 16
274 0.5 13
274 0.5625 14
274 0.625 23
274 0.6875 28
274 0.75 37
274 0.8125 35
274 0.875 53
274 0.9375 37
275 0 29
275 0.0625 43
275 0.125 23
275 0.1875 15
275 0.25 24
275 0.3125 12
275 0.375 14
275 0.4375 12
275 0.5 10
275 0.5625 12
275 0.625 17
275 0.6875 21
275 0.75 22
275 0.8125 43
275 0.875 54
275 0.9375 48
276 0 34
276 0.0625 38
276 0.125 27
276 0.1875 22
276 0.25 15
276 0.3125 13
276 0.375 12
276 0.4375 17
276 0.5 13
276 0.5625 14
276 0.625 20
276 0.6875 16
276 0.75 39
276 0.8125 57
276 0.875 43
276 0.9375 56
277 0 33
277 0.0625 44
277 0.125 28
277 0.1875 22
277 0.25 25
277 0.3125 13
277 0.375 16
277 0.4375 10
277 0.5 21
277 0.5625 19
277 0.625 23
277 0.6875 27
277 0.75 31
277 0.8125 34
277 0.875 49
277 0.9375 35
278 0 44
278 0.0625 29
278 0.125 19
278 0.1875 16
278 0.25 18
278 0.3125 16
278 0.375 11
278 0.4375 17
278 0.5 10
278 0.5625 8
278 0.625 21
278 0.6875 29
278 0.75 28
278 0.8125 42
278 0.875 55
278 0.9375 41
279 0 38
279 0.0625 33
279 0.125 37
279 0.1875 21
279 0.25 20
279 0.3125 21
279 0.375 17
279 0.4375 23
279 0.5 16
279 0.5625 12
279 0.625 18
279 0.6875 22
279 0.75 45
279 0.8125 33
279 0.875 45
279 0.9375 39
280 0 39
280 0.0625 26
280 0.125 25
280 0.1875 18
280 0.25 21
280 0.3125 14
280 0.375 12
280 0.4375 13
280 0.5 19
280 0.5625 21
280 0.625 17
280 0.6875 20
280 0.75 34
280 0.8125 46
280 0.875 45
280 0.9375 49
281 0 37
281 0.0625 25
281 0.125 21
281 0.1875 12
281 0.25 16
281 0.3125 24
281 0.375 15
281 0.4375 19
281 0.5 19
281 0.5625 27
281 0.625 17
281 0.6875 19
281 0.75 39
281 0.8125 39
281 0.875 44
281 0.9375 39
282 0 44
282 0.0625 45
282 0.125 31
282 0.1875 25
282 0.25 19
282 0.3125 16
282 0.375 16
282 0.4375 12
282 0.5 11
282 0.5625 13
282 0.625 17
282 0.6875 25
282 0.75 28
282 0.8125 39
282 0.875 55
282 0.9375 44
283 0 37
283 0.0625 26
283 0.125 30
283 0.1875 16
283 0.25 19
283 0.3125 15
283 0.375 11
283 0.4375 16
283 0.5 14
283 0.5625 12
283 0.625 15
283 0.6875 25
283 0.75 26
283 0.8125 38
283 0.875 64
283 0.9375 26
284 0 51
284 0.0625 33
284 0.125 23
284 0.1875 29
284 0.25 11
284 0.3125 15
284 0.375 20
284 0.4375 10
284 0.5 18
284 0.5625 10
284 0.625 12
284 0.6875 19
284 0.75 30
284 0.8125 41
284 0.875 48
284 0.9375 54
285 0 32
285 0.0625 32
285 0.125 29
285 0.1875 20
285 0.25 18
285 0.3125 15
285 0.375 16
285 0.4375 14
285 0.5 15
285 0.5625 18
285 0.625 16
285 0.6875 21
285 0.75 35
285 0.8125 50
285 0.875 33
285 0.9375 41
286 0 38
286 0.0625 39
286 0.125 21
286 0.1875 14
286 0.25 9
286 0.3125 29
286 0.375 19
286 0.4375 17
286 0.5 15
286 0.5625 16
286 0.625 18
286 0.6875 18
286 0.75 36
286 0.8125 38
286 0.875 41
286 0.9375 39
287 0 45
287 0.0625 28
287 0.125 34
287 0.1875 28
287 0.25 17
287 0.3125 19
287 0.375 16
287 0.4375 13
287 0.5 19
287 0.5625 21
287 0.625 17
287 0.6875 24
287 0.75 31
287 0.8125 39
287 0.875 46
287 0.9375 43
288 0 31
288 0.0625 28
288 0.125 24
288 0.1875 19
288 0.25 15
288 0.3125 11
288 0.375 10
288 0.4375 8
288 0.5 4
288 0.5625 9
288 0.625 10
288 0.6875 18
288 0.75 33
288 0.8125 39
288 0.875 48
288 0.9375 43
289 0 38
289 0.0625 26
289 0.125 23
289 0.1875 20
289 0.25 9
289 0.3125 8
289 0.375 15
289 0.4375 9
289 0.5 13
289 0.5625 13
289 0.625 18
289 0.6875 23
289 0.75 19
289 0.8125 42
289 0.875 40
289 0.9375 42
290 0 50
290 0.0625 29
290 0.125 22
290 0.1875 28
290 0.25 24
290 0.3125 9
290 0.375 12
290 0.4375 15
290 0.5 17
290 0.5625 15
290 0.625 17
290 0.6875 15
290 0.75 34
290 0.8125 34
290 0.875 54
290 0.9375 39
291 0 36
291 0.0625 38
291 0.125 21
291 0.1875 21
291 0.25 13
291 0.3125 20
291 0.375 5
291 0.4375 15
291 0.5 20
291 0.5625 13
291 0.625 17
291 0.6875 17
291 0.75 27
291 0.8125 36
291 0.875 51
291 0.9375 51
292 0 32
292 0.0625 31
292 0.125 15
292 0.1875 25
292 0.25 16
292 0.3125 12
292 0.375 16
292 0.4375 9
292 0.5 15
292 0.5625 18
292 0.625 17
292 0.6875 14
292 0.75 24
292 0.8125 36
292 0.875 40
292 0.9375 39
293 0 39
293 0.0625 28
293 0.125 25
293 0.1875 18
293 0.25 9
293 0.3125 12
293 0.375 18
293 0.4375 13
293 0.5 14
293 0.5625 14
293 0.625 11
293 0.6875 26
293 0.75 29
293 0.8125 33
293 0.875 39
293 0.9375 46
294 0 31
294 0.0625 37
294 0.125 20
294 0.1875 17
294 0.25 18
294 0.3125 24
294 0.375 12
294 0.4375 17
294 0.5 18
294 0.5625 14
294 0.625 9
294 0.6875 28
294 0.75 28
294 0.8125 34
294 0.875 34
294 0.9375 44
295 0 31
295 0.0625 22
295 0.125 17
295 0.1875 14
295 0.25 18
295 0.3125 18
295 0.375 18
295 0.4375 19
295 0.5 13
295 0.5625 13
295 0.625 12
295 0.6875 28
295 0.75 23
295 0.8125 30
295 0.875 45
295 0.9375 41
296 0 31
296 0.0625 31
296 0.125 20
296 0.1875 11
296 0.25 13
296 0.3125 14
296 0.375 15
296 0.4375 15
296 0.5 13
296 0.5625 8
296 0.625 12
296 0.6875 26
296 0.75 18
296 0.8125 35
296 0.875 37
296 0.9375 39
297 0 30
297 0.0625 18
297 0.125 19
297 0.1875 22
297 0.25 17
297 0.3125 17
297 0.375 13
297 0.4375 15
297 0.5 8
297 0.5625 8
297 0.625 15
297 0.6875 19
297 0.75 26
297 0.8125 41
297 0.875 41
297 0.9375 33
298 0 18
298 0.0625 25
298 0.125 26
298 0.1875 14
298 0.25 12
298 0.3125 21
298 0.375 12
298 0.4375 12
298 0.5 17
298 0.5625 14
298 0.625 17
298 0.6875 18
298 0.75 17
298 0.8125 38
298 0.875 41
298 0.9375 36
299 0 34
299 0.0625 32
299 0.125 38
299 0.1875 12
299 0.25 14
299 0.3125 17
299 0.375 15
299 0.4375 12
299 0.5 13
299 0.5625 21
299 0.625 18
299 0.6875 19
299 0.75 28
299 0.8125 25
299 0.875 37
299 0.9375 38
300 0 32
300 0.0625 25
300 0.125 18
300 0.1875 13
300 0.25 21
300 0.3125 11
300 0.375 16
300 0.4375 22
300 0.5 12
300 0.5625 17
300 0.625 12
300 0.6875 22
300 0.75 32
300 0.8125 29
300 0.875 34
300 0.9375 36
