1 0 471
1 0.0625 439
1 0.125 436
1 0.1875 462
1 0.25 456
1 0.3125 424
1 0.375 433
1 0.4375 457
1 0.5 423
1 0.5625 452
1 0.625 424
1 0.6875 444
1 0.75 448
1 0.8125 481
1 0.875 479
1 0.9375 481
2 0 539
2 0.0625 557
2 0.125 535
2 0.1875 536
2 0.25 536
2 0.3125 490
2 0.375 510
2 0.4375 503
2 0.5 528
2 0.5625 526
2 0.625 532
2 0.6875 540
2 0.75 509
2 0.8125 499
2 0.875 479
2 0.9375 509
3 0 554
3 0.0625 590
3 0.125 594
3 0.1875 587
3 0.25 520
3 0.3125 580
3 0.375 587
3 0.4375 531
3 0.5 537
3 0.5625 557
3 0.625 590
3 0.6875 557
3 0.75 569
3 0.8125 585
3 0.875 601
3 0.9375 617
4 0 663
4 0.0625 614
4 0.125 652
4 0.1875 656
4 0.25 631
4 0.3125 634
4 0.375 624
4 0.4375 579
4 0.5 633
4 0.5625 593
4 0.625 590
4 0.6875 581
4 0.75 562
4 0.8125 632
4 0.875 663
4 0.9375 676
5 0 665
5 0.0625 729
5 0.125 630
5 0.1875 649
5 0.25 684
5 0.3125 624
5 0.375 652
5 0.4375 623
5 0.5 657
5 0.5625 600
5 0.625 632
5 0.6875 654
5 0.75 636
5 0.8125 678
5 0.875 700
5 0.9375 699
6 0 750
6 0.0625 715
6 0.125 712
6 0.1875 737
6 0.25 644
6 0.3125 655
6 0.375 655
6 0.4375 594
6 0.5 655
6 0.5625 620
6 0.625 666
6 0.6875 739
6 0.75 689
6 0.8125 693
6 0.875 747
6 0.9375 655
7 0 876
7 0.0625 807
7 0.125 815
7 0.1875 725
7 0.25 717
7 0.3125 724
7 0.375 701
7 0.4375 695
7 0.5 720
7 0.5625 699
7 0.625 672
7 0.6875 699
7 0.75 681
7 0.8125 739
7 0.875 788
7 0.9375 820
8 0 866
8 0.0625 838
8 0.125 846
8 0.1875 846
8 0.25 795
8 0.3125 793
8 0.375 760
8 0.4375 755
8 0.5 757
8 0.5625 719
8 0.625 759
8 0.6875 754
8 0.75 804
8 0.8125 794
8 0.875 925
8 0.9375 919
9 0 880
9 0.0625 895
9 0.125 892
9 0.1875 815
9 0.25 816
9 0.3125 798
9 0.375 778
9 0.4375 784
9 0.5 786
9 0.5625 757
9 0.625 824
9 0.6875 841
9 0.75 867
9 0.8125 872
9 0.875 939
9 0.9375 952
10 0 1013
10 0.0625 985
10 0.125 1019
10 0.1875 923
10 0.25 912
10 0.3125 885
10 0.375 832
10 0.4375 821
10 0.5 818
10 0.5625 855
10 0.625 851
10 0.6875 821
10 0.75 893
10 0.8125 954
10 0.875 1004
10 0.9375 996
11 0 1129
11 0.0625 1070
11 0.125 1070
11 0.1875 1011
11 0.25 934
11 0.3125 935
11 0.375 904
11 0.4375 899
11 0.5 860
11 0.5625 900
11 0.625 967
11 0.6875 933
11 0.75 915
11 0.8125 1016
11 0.875 1145
11 0.9375 1167
12 0 1196
12 0.0625 1121
12 0.125 1130
12 0.1875 1114
12 0.25 1034
12 0.3125 1005
12 0.375 924
12 0.4375 951
12 0.5 927
12 0.5625 892
12 0.625 956
12 0.6875 1028
12 0.75 1079
12 0.8125 1169
12 0.875 1167
12 0.9375 1244
13 0 1269
13 0.0625 1264
13 0.125 1205
13 0.1875 1161
13 0.25 1081
13 0.3125 1031
13 0.375 1038
13 0.4375 987
13 0.5 1015
13 0.5625 993
13 0.625 1030
13 0.6875 1111
13 0.75 1067
13 0.8125 1200
13 0.875 1229
13 0.9375 1330
14 0 1291
14 0.0625 1338
14 0.125 1282
14 0.1875 1133
14 0.25 1125
14 0.3125 1039
14 0.375 1010
14 0.4375 976
14 0.5 960
14 0.5625 1049
14 0.625 1038
14 0.6875 1133
14 0.75 1116
14 0.8125 1237
14 0.875 1328
14 0.9375 1399
15 0 1438
15 0.0625 1367
15 0.125 1279
15 0.1875 1268
15 0.25 1166
15 0.3125 1076
15 0.375 985
15 0.4375 1036
15 0.5 1047
15 0.5625 1053
15 0.625 1058
15 0.6875 1130
15 0.75 1277
15 0.8125 1353
15 0.875 1392
15 0.9375 1428
16 0 1464
16 0.0625 1392
16 0.125 1344
16 0.1875 1239
16 0.25 1156
16 0.3125 1091
16 0.375 1061
16 0.4375 1049
16 0.5 1083
16 0.5625 1000
16 0.625 1062
16 0.6875 1112
16 0.75 1232
16 0.8125 1372
16 0.875 1411
16 0.9375 1513
17 0 1462
17 0.0625 1425
17 0.125 1354
17 0.1875 1231
17 0.25 1150
17 0.3125 1053
17 0.375 1097
17 0.4375 1030
17 0.5 1037
17 0.5625 1014
17 0.625 1076
17 0.6875 1166
17 0.75 1201
17 0.8125 1344
17 0.875 1432
17 0.9375 1536
18 0 1531
18 0.0625 1405
18 0.125 1302
18 0.1875 1212
18 0.25 1111
18 0.3125 1086
18 0.375 1082
18 0.4375 1040
18 0.5 941
18 0.5625 990
18 0.625 969
18 0.6875 1077
18 0.75 1236
18 0.8125 1360
18 0.875 1448
18 0.9375 1413
19 0 1480
19 0.0625 1392
19 0.125 1329
19 0.1875 1159
19 0.25 1080
19 0.3125 1076
19 0.375 1048
19 0.4375 993
19 0.5 1012
19 0.5625 909
19 0.625 976
19 0.6875 1075
19 0.75 1141
19 0.8125 1432
19 0.875 1458
19 0.9375 1454
20 0 1389
20 0.0625 1432
20 0.125 1285
20 0.1875 1165
20 0.25 1084
20 0.3125 1018
20 0.375 951
20 0.4375 962
20 0.5 911
20 0.5625 902
20 0.625 948
20 0.6875 1032
20 0.75 1180
20 0.8125 1289
20 0.875 1382
20 0.9375 1482
21 0 1439
21 0.0625 1339
21 0.125 1223
21 0.1875 1136
21 0.25 1105
21 0.3125 983
21 0.375 873
21 0.4375 848
21 0.5 875
21 0.5625 840
21 0.625 888
21 0.6875 993
21 0.75 1113
21 0.8125 1233
21 0.875 1420
21 0.9375 1511
22 0 1431
22 0.0625 1298
22 0.125 1211
22 0.1875 1113
22 0.25 1008
22 0.3125 952
22 0.375 915
22 0.4375 879
22 0.5 867
22 0.5625 830
22 0.625 851
22 0.6875 956
22 0.75 1128
22 0.8125 1229
22 0.875 1350
22 0.9375 1483
23 0 1497
23 0.0625 1348
23 0.125 1193
23 0.1875 1086
23 0.25 970
23 0.3125 917
23 0.375 884
23 0.4375 856
23 0.5 813
23 0.5625 792
23 0.625 837
23 0.6875 974
23 0.75 1097
23 0.8125 1236
23 0.875 1425
23 0.9375 1425
24 0 1327
24 0.0625 1335
24 0.125 1190
24 0.1875 1072
24 0.25 981
24 0.3125 885
24 0.375 881
24 0.4375 805
24 0.5 807
24 0.5625 791
24 0.625 811
24 0.6875 949
24 0.75 1100
24 0.8125 1261
24 0.875 1401
24 0.9375 1382
25 0 1422
25 0.0625 1281
25 0.125 1231
25 0.1875 1039
25 0.25 974
25 0.3125 852
25 0.375 827
25 0.4375 788
25 0.5 772
25 0.5625 757
25 0.625 834
25 0.6875 894
25 0.75 1080
25 0.8125 1258
25 0.875 1401
25 0.9375 1462
26 0 1538
26 0.0625 1450
26 0.125 1189
26 0.1875 1112
26 0.25 1056
26 0.3125 902
26 0.375 853
26 0.4375 824
26 0.5 759
26 0.5625 731
26 0.625 817
26 0.6875 965
26 0.75 1142
26 0.8125 1280
26 0.875 1407
26 0.9375 1486
27 0 1483
27 0.0625 1449
27 0.125 1296
27 0.1875 1108
27 0.25 975
27 0.3125 851
27 0.375 809
27 0.4375 746
27 0.5 740
27 0.5625 768
27 0.625 815
27 0.6875 902
27 0.75 1172
27 0.8125 1280
27 0.875 1425
27 0.9375 1534
28 0 1532
28 0.0625 1431
28 0.125 1247
28 0.1875 1129
28 0.25 938
28 0.3125 860
28 0.375 815
28 0.4375 744
28 0.5 784
28 0.5625 743
28 0.625 728
28 0.6875 933
28 0.75 1141
28 0.8125 1282
28 0.875 1526
28 0.9375 1616
29 0 1594
29 0.0625 1432
29 0.125 1300
29 0.1875 1157
29 0.25 935
29 0.3125 831
29 0.375 761
29 0.4375 765
29 0.5 717
29 0.5625 742
29 0.625 812
29 0.6875 941
29 0.75 1093
29 0.8125 1334
29 0.875 1460
29 0.9375 1597
30 0 1590
30 0.0625 1449
30 0.125 1231
30 0.1875 1084
30 0.25 943
30 0.3125 839
30 0.375 794
30 0.4375 767
30 0.5 739
30 0.5625 692
30 0.625 776
30 0.6875 821
30 0.75 1122
30 0.8125 1298
30 0.875 1531
30 0.9375 1568
31 0 1566
31 0.0625 1342
31 0.125 1248
31 0.1875 1095
31 0.25 981
31 0.3125 815
31 0.375 770
31 0.4375 737
31 0.5 732
31 0.5625 736
31 0.625 758
31 0.6875 887
31 0.75 1084
31 0.8125 1315
31 0.875 1494
31 0.9375 1544
32 0 1576
32 0.0625 1510
32 0.125 1247
32 0.1875 1086
32 0.25 909
32 0.3125 809
32 0.375 763
32 0.4375 706
32 0.5 641
32 0.5625 698
32 0.625 723
32 0.6875 888
32 0.75 1087
32 0.8125 1406
32 0.875 1533
32 0.9375 1630
33 0 1614
33 0.0625 1424
33 0.125 1300
33 0.1875 1079
33 0.25 947
33 0.3125 843
33 0.375 733
33 0.4375 741
33 0.5 698
33 0.5625 658
33 0.625 763
33 0.6875 811
33 0.75 1039
33 0.8125 1323
33 0.875 1479
33 0.9375 1626
34 0 1500
34 0.0625 1452
34 0.125 1180
34 0.1875 1097
34 0.25 909
34 0.3125 814
34 0.375 722
34 0.4375 673
34 0.5 672
34 0.5625 653
34 0.625 700
34 0.6875 828
34 0.75 1089
34 0.8125 1333
34 0.875 1482
34 0.9375 1602
35 0 1544
35 0.0625 1470
35 0.125 1202
35 0.1875 1030
35 0.25 861
35 0.3125 839
35 0.375 681
35 0.4375 667
35 0.5 639
35 0.5625 638
35 0.625 700
35 0.6875 845
35 0.75 980
35 0.8125 1260
35 0.875 1483
35 0.9375 1626
36 0 1573
36 0.0625 1504
36 0.125 1280
36 0.1875 1031
36 0.25 873
36 0.3125 768
36 0.375 739
36 0.4375 612
36 0.5 622
36 0.5625 640
36 0.625 700
36 0.6875 801
36 0.75 1043
36 0.8125 1307
36 0.875 1451
36 0.9375 1707
37 0 1593
37 0.0625 1428
37 0.125 1228
37 0.1875 1107
37 0.25 851
37 0.3125 729
37 0.375 662
37 0.4375 648
37 0.5 603
37 0.5625 618
37 0.625 707
37 0.6875 807
37 0.75 1095
37 0.8125 1306
37 0.875 1620
37 0.9375 1613
38 0 1607
38 0.0625 1447
38 0.125 1204
38 0.1875 1041
38 0.25 920
38 0.3125 737
38 0.375 703
38 0.4375 631
38 0.5 591
38 0.5625 577
38 0.625 621
38 0.6875 800
38 0.75 1032
38 0.8125 1299
38 0.875 1605
38 0.9375 1704
39 0 1570
39 0.0625 1381
39 0.125 1186
39 0.1875 1029
39 0.25 866
39 0.3125 719
39 0.375 642
39 0.4375 636
39 0.5 601
39 0.5625 599
39 0.625 667
39 0.6875 874
39 0.75 1055
39 0.8125 1365
39 0.875 1538
39 0.9375 1707
40 0 1634
40 0.0625 1453
40 0.125 1235
40 0.1875 1011
40 0.25 808
40 0.3125 732
40 0.375 652
40 0.4375 613
40 0.5 553
40 0.5625 575
40 0.625 684
40 0.6875 793
40 0.75 1045
40 0.8125 1338
40 0.875 1542
40 0.9375 1660
41 0 1641
41 0.0625 1437
41 0.125 1243
41 0.1875 1055
41 0.25 857
41 0.3125 701
41 0.375 597
41 0.4375 564
41 0.5 575
41 0.5625 592
41 0.625 673
41 0.6875 840
41 0.75 1035
41 0.8125 1332
41 0.875 1585
41 0.9375 1703
42 0 1718
42 0.0625 1517
42 0.125 1198
42 0.1875 1016
42 0.25 852
42 0.3125 721
42 0.375 603
42 0.4375 558
42 0.5 583
42 0.5625 573
42 0.625 616
42 0.6875 792
42 0.75 1046
42 0.8125 1390
42 0.875 1571
42 0.9375 1701
43 0 1647
43 0.0625 1461
43 0.125 1231
43 0.1875 995
43 0.25 834
43 0.3125 686
43 0.375 588
43 0.4375 578
43 0.5 583
43 0.5625 566
43 0.625 609
43 0.6875 787
43 0.75 1079
43 0.8125 1354
43 0.875 1509
43 0.9375 1697
44 0 1644
44 0.0625 1535
44 0.125 1217
44 0.1875 956
44 0.25 795
44 0.3125 659
44 0.375 598
44 0.4375 579
44 0.5 550
44 0.5625 492
44 0.625 606
44 0.6875 764
44 0.75 996
44 0.8125 1354
44 0.875 1605
44 0.9375 1717
45 0 1641
45 0.0625 1425
45 0.125 1213
45 0.1875 984
45 0.25 781
45 0.3125 638
45 0.375 594
45 0.4375 545
45 0.5 475
45 0.5625 543
45 0.625 553
45 0.6875 701
45 0.75 1030
45 0.8125 1351
45 0.875 1586
45 0.9375 1666
46 0 1579
46 0.0625 1354
46 0.125 1193
46 0.1875 992
46 0.25 785
46 0.3125 661
46 0.375 550
46 0.4375 490
46 0.5 506
46 0.5625 443
46 0.625 575
46 0.6875 757
46 0.75 1042
46 0.8125 1268
46 0.875 1596
46 0.9375 1621
47 0 1623
47 0.0625 1428
47 0.125 1091
47 0.1875 932
47 0.25 762
47 0.3125 631
47 0.375 543
47 0.4375 514
47 0.5 479
47 0.5625 472
47 0.625 527
47 0.6875 736
47 0.75 1032
47 0.8125 1190
47 0.875 1543
47 0.9375 1583
48 0 1639
48 0.0625 1345
48 0.125 1153
48 0.1875 990
48 0.25 731
48 0.3125 662
48 0.375 537
48 0.4375 478
48 0.5 516
48 0.5625 447
48 0.625 558
48 0.6875 716
48 0.75 967
48 0.8125 1275
48 0.875 1466
48 0.9375 1664
49 0 1547
49 0.0625 1397
49 0.125 1193
49 0.1875 879
49 0.25 755
49 0.3125 684
49 0.375 524
49 0.4375 477
49 0.5 479
49 0.5625 479
49 0.625 510
49 0.6875 681
49 0.75 996
49 0.8125 1231
49 0.875 1566
49 0.9375 1696
50 0 1577
50 0.0625 1360
50 0.125 1165
50 0.1875 937
50 0.25 708
50 0.3125 530
50 0.375 498
50 0.4375 443
50 0.5 463
50 0.5625 462
50 0.625 523
50 0.6875 668
50 0.75 979
50 0.8125 1233
50 0.875 1483
50 0.9375 1656
51 0 1609
51 0.0625 1421
51 0.125 1095
51 0.1875 857
51 0.25 682
51 0.3125 591
51 0.375 504
51 0.4375 476
51 0.5 459
51 0.5625 435
51 0.625 536
51 0.6875 693
51 0.75 979
51 0.8125 1286
51 0.875 1482
51 0.9375 1609
52 0 1616
52 0.0625 1409
52 0.125 1122
52 0.1875 906
52 0.25 681
52 0.3125 538
52 0.375 504
52 0.4375 463
52 0.5 434
52 0.5625 417
52 0.625 534
52 0.6875 628
52 0.75 910
52 0.8125 1263
52 0.875 1510
52 0.9375 1638
53 0 1676
53 0.0625 1404
53 0.125 1114
53 0.1875 928
53 0.25 707
53 0.3125 598
53 0.375 459
53 0.4375 440
53 0.5 467
53 0.5625 436
53 0.625 477
53 0.6875 696
53 0.75 915
53 0.8125 1279
53 0.875 1495
53 0.9375 1574
54 0 1589
54 0.0625 1457
54 0.125 1132
54 0.1875 866
54 0.25 682
54 0.3125 542
54 0.375 496
54 0.4375 413
54 0.5 427
54 0.5625 415
54 0.625 484
54 0.6875 657
54 0.75 959
54 0.8125 1244
54 0.875 1472
54 0.9375 1634
55 0 1625
55 0.0625 1390
55 0.125 1159
55 0.1875 945
55 0.25 716
55 0.3125 615
55 0.375 482
55 0.4375 421
55 0.5 385
55 0.5625 383
55 0.625 467
55 0.6875 681
55 0.75 972
55 0.8125 1273
55 0.875 1533
55 0.9375 1598
56 0 1646
56 0.0625 1353
56 0.125 1174
56 0.1875 929
56 0.25 658
56 0.3125 510
56 0.375 474
56 0.4375 426
56 0.5 436
56 0.5625 411
56 0.625 455
56 0.6875 682
56 0.75 915
56 0.8125 1302
56 0.875 1575
56 0.9375 1597
57 0 1598
57 0.0625 1375
57 0.125 1109
57 0.1875 833
57 0.25 702
57 0.3125 549
57 0.375 471
57 0.4375 429
57 0.5 369
57 0.5625 371
57 0.625 426
57 0.6875 634
57 0.75 956
57 0.8125 1210
57 0.875 1534
57 0.9375 1668
58 0 1591
58 0.0625 1377
58 0.125 1147
58 0.1875 847
58 0.25 706
58 0.3125 515
58 0.375 449
58 0.4375 426
58 0.5 390
58 0.5625 387
58 0.625 465
58 0.6875 598
58 0.75 937
58 0.8125 1241
58 0.875 1491
58 0.9375 1643
59 0 1610
59 0.0625 1420
59 0.125 1157
59 0.1875 812
59 0.25 659
59 0.3125 517
59 0.375 434
59 0.4375 390
59 0.5 372
59 0.5625 363
59 0.625 442
59 0.6875 657
59 0.75 936
59 0.8125 1299
59 0.875 1501
59 0.9375 1787
60 0 1587
60 0.0625 1354
60 0.125 1141
60 0.1875 813
60 0.25 645
60 0.3125 533
60 0.375 421
60 0.4375 394
60 0.5 350
60 0.5625 400
60 0.625 437
60 0.6875 623
60 0.75 947
60 0.8125 1289
60 0.875 1445
60 0.9375 1640
61 0 1688
61 0.0625 1452
61 0.125 1188
61 0.1875 821
61 0.25 661
61 0.3125 524
61 0.375 438
61 0.4375 367
61 0.5 369
61 0.5625 380
61 0.625 418
61 0.6875 665
61 0.75 914
61 0.8125 1236
61 0.875 1498
61 0.9375 1637
62 0 1608
62 0.0625 1374
62 0.125 1102
62 0.1875 827
62 0.25 642
62 0.3125 472
62 0.375 429
62 0.4375 323
62 0.5 339
62 0.5625 397
62 0.625 405
62 0.6875 614
62 0.75 926
62 0.8125 1201
62 0.875 1500
62 0.9375 1688
63 0 1633
63 0.0625 1365
63 0.125 1080
63 0.1875 867
63 0.25 618
63 0.3125 524
63 0.375 404
63 0.4375 349
63 0.5 360
63 0.5625 349
63 0.625 448
63 0.6875 630
63 0.75 877
63 0.8125 1249
63 0.875 1489
63 0.9375 1588
64 0 1531
64 0.0625 1374
64 0.125 1062
64 0.1875 843
64 0.25 653
64 0.3125 507
64 0.375 414
64 0.4375 406
64 0.5 372
64 0.5625 375
64 0.625 434
64 0.6875 615
64 0.75 910
64 0.8125 1210
64 0.875 1549
64 0.9375 1635
65 0 1560
65 0.0625 1371
65 0.125 1047
65 0.1875 815
65 0.25 634
65 0.3125 486
65 0.375 442
65 0.4375 390
65 0.5 354
65 0.5625 352
65 0.625 420
65 0.6875 611
65 0.75 914
65 0.8125 1248
65 0.875 1461
65 0.9375 1689
66 0 1607
66 0.0625 1431
66 0.125 1090
66 0.1875 833
66 0.25 632
66 0.3125 463
66 0.375 391
66 0.4375 362
66 0.5 373
66 0.5625 313
66 0.625 395
66 0.6875 591
66 0.75 868
66 0.8125 1232
66 0.875 1539
66 0.9375 1673
67 0 1499
67 0.0625 1305
67 0.125 1054
67 0.1875 842
67 0.25 593
67 0.3125 464
67 0.375 413
67 0.4375 338
67 0.5 301
67 0.5625 373
67 0.625 396
67 0.6875 616
67 0.75 878
67 0.8125 1240
67 0.875 1504
67 0.9375 1677
68 0 1540
68 0.0625 1330
68 0.125 1080
68 0.1875 738
68 0.25 574
68 0.3125 463
68 0.375 363
68 0.4375 336
68 0.5 334
68 0.5625 362
68 0.625 383
68 0.6875 606
68 0.75 863
68 0.8125 1254
68 0.875 1515
68 0.9375 1612
69 0 1583
69 0.0625 1367
69 0.125 1069
69 0.1875 746
69 0.25 625
69 0.3125 498
69 0.375 380
69 0.4375 342
69 0.5 344
69 0.5625 322
69 0.625 384
69 0.6875 615
69 0.75 870
69 0.8125 1203
69 0.875 1485
69 0.9375 1591
70 0 1508
70 0.0625 1317
70 0.125 1013
70 0.1875 794
70 0.25 562
70 0.3125 486
70 0.375 367
70 0.4375 311
70 0.5 303
70 0.5625 314
70 0.625 382
70 0.6875 602
70 0.75 888
70 0.8125 1207
70 0.875 1503
70 0.9375 1581
71 0 1517
71 0.0625 1307
71 0.125 1013
71 0.1875 772
71 0.25 618
71 0.3125 442
71 0.375 338
71 0.4375 310
71 0.5 300
71 0.5625 340
71 0.625 376
71 0.6875 541
71 0.75 892
71 0.8125 1229
71 0.875 1458
71 0.9375 1651
72 0 1488
72 0.0625 1300
72 0.125 1006
72 0.1875 708
72 0.25 600
72 0.3125 436
72 0.375 366
72 0.4375 319
72 0.5 321
72 0.5625 321
72 0.625 321
72 0.6875 574
72 0.75 885
72 0.8125 1221
72 0.875 1458
72 0.9375 1583
73 0 1512
73 0.0625 1298
73 0.125 1007
73 0.1875 743
73 0.25 587
73 0.3125 445
73 0.375 370
73 0.4375 319
73 0.5 288
73 0.5625 304
73 0.625 382
73 0.6875 545
73 0.75 818
73 0.8125 1169
73 0.875 1419
73 0.9375 1517
74 0 1487
74 0.0625 1204
74 0.125 966
74 0.1875 774
74 0.25 537
74 0.3125 466
74 0.375 359
74 0.4375 319
74 0.5 305
74 0.5625 304
74 0.625 389
74 0.6875 587
74 0.75 883
74 0.8125 1100
74 0.875 1398
74 0.9375 1476
75 0 1526
75 0.0625 1309
75 0.125 1023
75 0.1875 760
75 0.25 563
75 0.3125 409
75 0.375 329
75 0.4375 342
75 0.5 317
75 0.5625 285
75 0.625 344
75 0.6875 545
75 0.75 881
75 0.8125 1199
75 0.875 1519
75 0.9375 1572
76 0 1455
76 0.0625 1279
76 0.125 1035
76 0.1875 754
76 0.25 471
76 0.3125 437
76 0.375 376
76 0.4375 294
76 0.5 307
76 0.5625 278
76 0.625 331
76 0.6875 557
76 0.75 815
76 0.8125 1165
76 0.875 1540
76 0.9375 1532
77 0 1494
77 0.0625 1280
77 0.125 978
77 0.1875 732
77 0.25 530
77 0.3125 415
77 0.375 315
77 0.4375 286
77 0.5 286
77 0.5625 280
77 0.625 352
77 0.6875 577
77 0.75 835
77 0.8125 1144
77 0.875 1409
77 0.9375 1526
78 0 1488
78 0.0625 1253
78 0.125 983
78 0.1875 703
78 0.25 499
78 0.3125 350
78 0.375 345
78 0.4375 292
78 0.5 284
78 0.5625 253
78 0.625 339
78 0.6875 512
78 0.75 810
78 0.8125 1140
78 0.875 1406
78 0.9375 1596
79 0 1407
79 0.0625 1221
79 0.125 917
79 0.1875 677
79 0.25 494
79 0.3125 411
79 0.375 332
79 0.4375 285
79 0.5 273
79 0.5625 267
79 0.625 335
79 0.6875 542
79 0.75 802
79 0.8125 1160
79 0.875 1442
79 0.9375 1526
80 0 1464
80 0.0625 1266
80 0.125 953
80 0.1875 643
80 0.25 514
80 0.3125 400
80 0.375 348
80 0.4375 315
80 0.5 276
80 0.5625 257
80 0.625 335
80 0.6875 487
80 0.75 793
80 0.8125 1143
80 0.875 1471
80 0.9375 1568
81 0 1454
81 0.0625 1259
81 0.125 919
81 0.1875 680
81 0.25 523
81 0.3125 392
81 0.375 332
81 0.4375 293
81 0.5 306
81 0.5625 239
81 0.625 319
81 0.6875 471
81 0.75 772
81 0.8125 1138
81 0.875 1426
81 0.9375 1517
82 0 1383
82 0.0625 1172
82 0.125 873
82 0.1875 676
82 0.25 452
82 0.3125 397
82 0.375 310
82 0.4375 298
82 0.5 260
82 0.5625 262
82 0.625 324
82 0.6875 535
82 0.75 793
82 0.8125 1082
82 0.875 1405
82 0.9375 1531
83 0 1457
83 0.0625 1180
83 0.125 892
83 0.1875 656
83 0.25 487
83 0.3125 387
83 0.375 296
83 0.4375 252
83 0.5 249
83 0.5625 247
83 0.625 305
83 0.6875 547
83 0.75 763
83 0.8125 1154
83 0.875 1358
83 0.9375 1480
84 0 1494
84 0.0625 1175
84 0.125 947
84 0.1875 679
84 0.25 471
84 0.3125 341
84 0.375 285
84 0.4375 274
84 0.5 267
84 0.5625 243
84 0.625 336
84 0.6875 510
84 0.75 813
84 0.8125 1126
84 0.875 1373
84 0.9375 1498
85 0 1424
85 0.0625 1178
85 0.125 876
85 0.1875 620
85 0.25 465
85 0.3125 360
85 0.375 280
85 0.4375 255
85 0.5 255
85 0.5625 242
85 0.625 332
85 0.6875 496
85 0.75 777
85 0.8125 1129
85 0.875 1379
85 0.9375 1514
86 0 1410
86 0.0625 1169
86 0.125 848
86 0.1875 641
86 0.25 452
86 0.3125 351
86 0.375 273
86 0.4375 244
86 0.5 230
86 0.5625 236
86 0.625 290
86 0.6875 505
86 0.75 789
86 0.8125 1055
86 0.875 1391
86 0.9375 1436
87 0 1342
87 0.0625 1095
87 0.125 837
87 0.1875 600
87 0.25 486
87 0.3125 348
87 0.375 270
87 0.4375 248
87 0.5 230
87 0.5625 249
87 0.625 320
87 0.6875 481
87 0.75 783
87 0.8125 997
87 0.875 1269
87 0.9375 1463
88 0 1319
88 0.0625 1115
88 0.125 890
88 0.1875 624
88 0.25 454
88 0.3125 342
88 0.375 264
88 0.4375 266
88 0.5 230
88 0.5625 242
88 0.625 302
88 0.6875 526
88 0.75 779
88 0.8125 1076
88 0.875 1328
88 0.9375 1406
89 0 1278
89 0.0625 1109
89 0.125 831
89 0.1875 633
89 0.25 472
89 0.3125 360
89 0.375 259
89 0.4375 245
89 0.5 217
89 0.5625 217
89 0.625 283
89 0.6875 475
89 0.75 739
89 0.8125 1068
89 0.875 1262
89 0.9375 1387
90 0 1251
90 0.0625 1084
90 0.125 853
90 0.1875 671
90 0.25 437
90 0.3125 351
90 0.375 283
90 0.4375 231
90 0.5 225
90 0.5625 215
90 0.625 298
90 0.6875 487
90 0.75 770
90 0.8125 994
90 0.875 1270
90 0.9375 1365
91 0 1285
91 0.0625 1080
91 0.125 840
91 0.1875 641
91 0.25 466
91 0.3125 291
91 0.375 273
91 0.4375 228
91 0.5 231
91 0.5625 218
91 0.625 296
91 0.6875 454
91 0.75 732
91 0.8125 945
91 0.875 1278
91 0.9375 1365
92 0 1254
92 0.0625 1086
92 0.125 792
92 0.1875 632
92 0.25 404
92 0.3125 291
92 0.375 271
92 0.4375 238
92 0.5 259
92 0.5625 220
92 0.625 267
92 0.6875 447
92 0.75 680
92 0.8125 1034
92 0.875 1260
92 0.9375 1392
93 0 1282
93 0.0625 1040
93 0.125 821
93 0.1875 615
93 0.25 454
93 0.3125 284
93 0.375 252
93 0.4375 256
93 0.5 212
93 0.5625 197
93 0.625 277
93 0.6875 400
93 0.75 722
93 0.8125 1022
93 0.875 1245
93 0.9375 1412
94 0 1267
94 0.0625 1096
94 0.125 807
94 0.1875 568
94 0.25 429
94 0.3125 300
94 0.375 236
94 0.4375 222
94 0.5 204
94 0.5625 220
94 0.625 267
94 0.6875 430
94 0.75 662
94 0.8125 982
94 0.875 1276
94 0.9375 1346
95 0 1265
95 0.0625 1036
95 0.125 819
95 0.1875 590
95 0.25 410
95 0.3125 336
95 0.375 270
95 0.4375 216
95 0.5 224
95 0.5625 195
95 0.625 257
95 0.6875 419
95 0.75 720
95 0.8125 1028
95 0.875 1206
95 0.9375 1344
96 0 1234
96 0.0625 1066
96 0.125 801
96 0.1875 529
96 0.25 376
96 0.3125 299
96 0.375 255
96 0.4375 197
96 0.5 205
96 0.5625 198
96 0.625 277
96 0.6875 424
96 0.75 709
96 0.8125 978
96 0.875 1212
96 0.9375 1283
97 0 1148
97 0.0625 988
97 0.125 774
97 0.1875 578
97 0.25 432
97 0.3125 304
97 0.375 230
97 0.4375 189
97 0.5 209
97 0.5625 199
97 0.625 243
97 0.6875 418
97 0.75 674
97 0.8125 1015
97 0.875 1189
97 0.9375 1227
98 0 1177
98 0.0625 1041
98 0.125 785
98 0.1875 574
98 0.25 394
98 0.3125 307
98 0.375 265
98 0.4375 213
98 0.5 181
98 0.5625 204
98 0.625 262
98 0.6875 429
98 0.75 687
98 0.8125 943
98 0.875 1240
98 0.9375 1302
99 0 1207
99 0.0625 979
99 0.125 735
99 0.1875 507
99 0.25 368
99 0.3125 296
99 0.375 220
99 0.4375 215
99 0.5 177
99 0.5625 200
99 0.625 255
99 0.6875 405
99 0.75 643
99 0.8125 965
99 0.875 1270
99 0.9375 1242
100 0 1214
100 0.0625 1054
100 0.125 721
100 0.1875 514
100 0.25 366
100 0.3125 318
100 0.375 242
100 0.4375 211
100 0.5 183
100 0.5625 189
100 0.625 245
100 0.6875 425
100 0.75 653
100 0.8125 953
100 0.875 1193
100 0.9375 1283
101 0 1163
101 0.0625 948
101 0.125 753
101 0.1875 520
101 0.25 429
101 0.3125 292
101 0.375 253
101 0.4375 206
101 0.5 201
101 0.5625 176
101 0.625 251
101 0.6875 402
101 0.75 657
101 0.8125 977
101 0.875 1170
101 0.9375 1254
102 0 1195
102 0.0625 961
102 0.125 755
102 0.1875 541
102 0.25 396
102 0.3125 300
102 0.375 230
102 0.4375 223
102 0.5 213
102 0.5625 172
102 0.625 227
102 0.6875 400
102 0.75 653
102 0.8125 876
102 0.875 1158
102 0.9375 1222
103 0 1190
103 0.0625 916
103 0.125 720
103 0.1875 534
103 0.25 373
103 0.3125 277
103 0.375 238
103 0.4375 183
103 0.5 183
103 0.5625 189
103 0.625 233
103 0.6875 390
103 0.75 653
103 0.8125 884
103 0.875 1125
103 0.9375 1161
104 0 1128
104 0.0625 904
104 0.125 719
104 0.1875 473
104 0.25 351
104 0.3125 293
104 0.375 235
104 0.4375 215
104 0.5 219
104 0.5625 184
104 0.625 253
104 0.6875 404
104 0.75 651
104 0.8125 961
104 0.875 1146
104 0.9375 1240
105 0 1125
105 0.0625 891
105 0.125 663
105 0.1875 500
105 0.25 358
105 0.3125 261
105 0.375 211
105 0.4375 180
105 0.5 194
105 0.5625 175
105 0.625 213
105 0.6875 394
105 0.75 659
105 0.8125 971
105 0.875 1114
105 0.9375 1180
106 0 1112
106 0.0625 911
106 0.125 748
106 0.1875 467
106 0.25 343
106 0.3125 250
106 0.375 195
106 0.4375 181
106 0.5 158
106 0.5625 187
106 0.625 236
106 0.6875 388
106 0.75 639
106 0.8125 882
106 0.875 1151
106 0.9375 1215
107 0 1002
107 0.0625 949
107 0.125 662
107 0.1875 473
107 0.25 326
107 0.3125 239
107 0.375 220
107 0.4375 182
107 0.5 178
107 0.5625 168
107 0.625 232
107 0.6875 394
107 0.75 631
107 0.8125 827
107 0.875 1035
107 0.9375 1185
108 0 1109
108 0.0625 893
108 0.125 669
108 0.1875 448
108 0.25 338
108 0.3125 252
108 0.375 189
108 0.4375 177
108 0.5 172
108 0.5625 201
108 0.625 255
108 0.6875 356
108 0.75 617
108 0.8125 882
108 0.875 1096
108 0.9375 1155
109 0 1043
109 0.0625 914
109 0.125 642
109 0.1875 477
109 0.25 337
109 0.3125 246
109 0.375 183
109 0.4375 165
109 0.5 172
109 0.5625 155
109 0.625 201
109 0.6875 390
109 0.75 596
109 0.8125 782
109 0.875 1074
109 0.9375 1121
110 0 1091
110 0.0625 894
110 0.125 635
110 0.1875 444
110 0.25 331
110 0.3125 238
110 0.375 193
110 0.4375 172
110 0.5 168
110 0.5625 175
110 0.625 213
110 0.6875 347
110 0.75 591
110 0.8125 860
110 0.875 1020
110 0.9375 1137
111 0 1071
111 0.0625 877
111 0.125 681
111 0.1875 465
111 0.25 319
111 0.3125 230
111 0.375 177
111 0.4375 168
111 0.5 172
111 0.5625 164
111 0.625 209
111 0.6875 343
111 0.75 620
111 0.8125 850
111 0.875 1068
111 0.9375 1119
112 0 1018
112 0.0625 822
112 0.125 688
112 0.1875 453
112 0.25 321
112 0.3125 261
112 0.375 193
112 0.4375 194
112 0.5 155
112 0.5625 166
112 0.625 223
112 0.6875 342
112 0.75 616
112 0.8125 804
112 0.875 999
112 0.9375 1168
113 0 1012
113 0.0625 789
113 0.125 572
113 0.1875 428
113 0.25 327
113 0.3125 221
113 0.375 191
113 0.4375 168
113 0.5 155
113 0.5625 142
113 0.625 221
113 0.6875 355
113 0.75 573
113 0.8125 796
113 0.875 957
113 0.9375 1065
114 0 1028
114 0.0625 832
114 0.125 612
114 0.1875 445
114 0.25 289
114 0.3125 251
114 0.375 213
114 0.4375 187
114 0.5 154
114 0.5625 138
114 0.625 216
114 0.6875 327
114 0.75 557
114 0.8125 850
114 0.875 1026
114 0.9375 1056
115 0 997
115 0.0625 820
115 0.125 589
115 0.1875 464
115 0.25 298
115 0.3125 192
115 0.375 173
115 0.4375 162
115 0.5 176
115 0.5625 151
115 0.625 215
115 0.6875 355
115 0.75 561
115 0.8125 816
115 0.875 1030
115 0.9375 1109
116 0 974
116 0.0625 789
116 0.125 600
116 0.1875 402
116 0.25 302
116 0.3125 237
116 0.375 192
116 0.4375 136
116 0.5 139
116 0.5625 148
116 0.625 203
116 0.6875 321
116 0.75 561
116 0.8125 838
116 0.875 1032
116 0.9375 1073
117 0 974
117 0.0625 796
117 0.125 575
117 0.1875 447
117 0.25 240
117 0.3125 236
117 0.375 190
117 0.4375 166
117 0.5 158
117 0.5625 132
117 0.625 185
117 0.6875 342
117 0.75 587
117 0.8125 760
117 0.875 980
117 0.9375 1036
118 0 912
118 0.0625 790
118 0.125 545
118 0.1875 429
118 0.25 304
118 0.3125 220
118 0.375 190
118 0.4375 180
118 0.5 149
118 0.5625 152
118 0.625 221
118 0.6875 341
118 0.75 508
118 0.8125 790
118 0.875 968
118 0.9375 1010
119 0 921
119 0.0625 759
119 0.125 601
119 0.1875 421
119 0.25 335
119 0.3125 221
119 0.375 180
119 0.4375 142
119 0.5 154
119 0.5625 140
119 0.625 173
119 0.6875 350
119 0.75 553
119 0.8125 805
119 0.875 934
119 0.9375 981
120 0 894
120 0.0625 729
120 0.125 563
120 0.1875 394
120 0.25 291
120 0.3125 195
120 0.375 153
120 0.4375 171
120 0.5 159
120 0.5625 148
120 0.625 204
120 0.6875 325
120 0.75 531
120 0.8125 736
120 0.875 943
120 0.9375 1018
121 0 903
121 0.0625 748
121 0.125 558
121 0.1875 394
121 0.25 300
121 0.3125 228
121 0.375 180
121 0.4375 139
121 0.5 146
121 0.5625 156
121 0.625 190
121 0.6875 370
121 0.75 516
121 0.8125 756
121 0.875 928
121 0.9375 1008
122 0 898
122 0.0625 747
122 0.125 542
122 0.1875 376
122 0.25 287
122 0.3125 209
122 0.375 174
122 0.4375 163
122 0.5 142
122 0.5625 138
122 0.625 180
122 0.6875 331
122 0.75 505
122 0.8125 730
122 0.875 873
122 0.9375 950
123 0 914
123 0.0625 720
123 0.125 537
123 0.1875 375
123 0.25 255
123 0.3125 197
123 0.375 155
123 0.4375 170
123 0.5 138
123 0.5625 131
123 0.625 190
123 0.6875 304
123 0.75 522
123 0.8125 745
123 0.875 899
123 0.9375 911
124 0 890
124 0.0625 708
124 0.125 505
124 0.1875 361
124 0.25 246
124 0.3125 198
124 0.375 143
124 0.4375 150
124 0.5 141
124 0.5625 141
124 0.625 174
124 0.6875 302
124 0.75 504
124 0.8125 720
124 0.875 884
124 0.9375 936
125 0 889
125 0.0625 740
125 0.125 535
125 0.1875 370
125 0.25 268
125 0.3125 193
125 0.375 134
125 0.4375 153
125 0.5 136
125 0.5625 119
125 0.625 170
125 0.6875 312
125 0.75 467
125 0.8125 730
125 0.875 890
125 0.9375 918
126 0 826
126 0.0625 748
126 0.125 512
126 0.1875 339
126 0.25 277
126 0.3125 175
126 0.375 172
126 0.4375 140
126 0.5 138
126 0.5625 128
126 0.625 167
126 0.6875 316
126 0.75 502
126 0.8125 711
126 0.875 884
126 0.9375 925
127 0 873
127 0.0625 693
127 0.125 502
127 0.1875 353
127 0.25 240
127 0.3125 206
127 0.375 159
127 0.4375 124
127 0.5 133
127 0.5625 130
127 0.625 175
127 0.6875 290
127 0.75 488
127 0.8125 679
127 0.875 886
127 0.9375 959
128 0 819
128 0.0625 702
128 0.125 491
128 0.1875 369
128 0.25 272
128 0.3125 192
128 0.375 135
128 0.4375 135
128 0.5 120
128 0.5625 131
128 0.625 170
128 0.6875 291
128 0.75 473
128 0.8125 663
128 0.875 840
128 0.9375 867
129 0 839
129 0.0625 690
129 0.125 490
129 0.1875 335
129 0.25 232
129 0.3125 192
129 0.375 153
129 0.4375 132
129 0.5 128
129 0.5625 146
129 0.625 165
129 0.6875 275
129 0.75 490
129 0.8125 744
129 0.875 806
129 0.9375 890
130 0 801
130 0.0625 674
130 0.125 493
130 0.1875 313
130 0.25 271
130 0.3125 204
130 0.375 142
130 0.4375 124
130 0.5 140
130 0.5625 144
130 0.625 183
130 0.6875 283
130 0.75 508
130 0.8125 646
130 0.875 849
130 0.9375 791
131 0 810
131 0.0625 671
131 0.125 510
131 0.1875 328
131 0.25 270
131 0.3125 181
131 0.375 148
131 0.4375 133
131 0.5 119
131 0.5625 122
131 0.625 165
131 0.6875 282
131 0.75 496
131 0.8125 676
131 0.875 794
131 0.9375 889
132 0 764
132 0.0625 641
132 0.125 467
132 0.1875 339
132 0.25 241
132 0.3125 187
132 0.375 160
132 0.4375 138
132 0.5 137
132 0.5625 143
132 0.625 192
132 0.6875 291
132 0.75 438
132 0.8125 664
132 0.875 839
132 0.9375 883
133 0 767
133 0.0625 584
133 0.125 457
133 0.1875 335
133 0.25 248
133 0.3125 152
133 0.375 128
133 0.4375 142
133 0.5 111
133 0.5625 126
133 0.625 177
133 0.6875 312
133 0.75 469
133 0.8125 665
133 0.875 787
133 0.9375 829
134 0 748
134 0.0625 616
134 0.125 456
134 0.1875 327
134 0.25 224
134 0.3125 191
134 0.375 141
134 0.4375 121
134 0.5 146
134 0.5625 113
134 0.625 165
134 0.6875 255
134 0.75 465
134 0.8125 663
134 0.875 765
134 0.9375 819
135 0 769
135 0.0625 605
135 0.125 403
135 0.1875 297
135 0.25 228
135 0.3125 162
135 0.375 148
135 0.4375 123
135 0.5 117
135 0.5625 124
135 0.625 165
135 0.6875 260
135 0.75 479
135 0.8125 614
135 0.875 740
135 0.9375 812
136 0 794
136 0.0625 592
136 0.125 412
136 0.1875 303
136 0.25 213
136 0.3125 159
136 0.375 145
136 0.4375 123
136 0.5 111
136 0.5625 140
136 0.625 142
136 0.6875 286
136 0.75 428
136 0.8125 629
136 0.875 752
136 0.9375 813
137 0 701
137 0.0625 600
137 0.125 484
137 0.1875 294
137 0.25 230
137 0.3125 162
137 0.375 142
137 0.4375 111
137 0.5 118
137 0.5625 102
137 0.625 163
137 0.6875 270
137 0.75 453
137 0.8125 620
137 0.875 771
137 0.9375 738
138 0 731
138 0.0625 595
138 0.125 435
138 0.1875 296
138 0.25 208
138 0.3125 161
138 0.375 134
138 0.4375 111
138 0.5 124
138 0.5625 133
138 0.625 164
138 0.6875 287
138 0.75 414
138 0.8125 582
138 0.875 740
138 0.9375 815
139 0 680
139 0.0625 548
139 0.125 408
139 0.1875 313
139 0.25 210
139 0.3125 161
139 0.375 138
139 0.4375 132
139 0.5 98
139 0.5625 107
139 0.625 148
139 0.6875 247
139 0.75 444
139 0.8125 578
139 0.875 727
139 0.9375 770
140 0 687
140 0.0625 551
140 0.125 401
140 0.1875 306
140 0.25 195
140 0.3125 174
140 0.375 139
140 0.4375 114
140 0.5 120
140 0.5625 128
140 0.625 158
140 0.6875 251
140 0.75 411
140 0.8125 611
140 0.875 746
140 0.9375 788
141 0 656
141 0.0625 563
141 0.125 413
141 0.1875 297
141 0.25 202
141 0.3125 176
141 0.375 119
141 0.4375 115
141 0.5 102
141 0.5625 140
141 0.625 157
141 0.6875 269
141 0.75 431
141 0.8125 587
141 0.875 709
141 0.9375 726
142 0 696
142 0.0625 519
142 0.125 428
142 0.1875 285
142 0.25 185
142 0.3125 154
142 0.375 141
142 0.4375 94
142 0.5 110
142 0.5625 97
142 0.625 147
142 0.6875 259
142 0.75 425
142 0.8125 591
142 0.875 698
142 0.9375 735
143 0 649
143 0.0625 510
143 0.125 392
143 0.1875 257
143 0.25 210
143 0.3125 149
143 0.375 110
143 0.4375 110
143 0.5 116
143 0.5625 93
143 0.625 133
143 0.6875 222
143 0.75 387
143 0.8125 534
143 0.875 727
143 0.9375 715
144 0 658
144 0.0625 533
144 0.125 358
144 0.1875 274
144 0.25 194
144 0.3125 145
144 0.375 131
144 0.4375 104
144 0.5 106
144 0.5625 126
144 0.625 131
144 0.6875 231
144 0.75 409
144 0.8125 577
144 0.875 658
144 0.9375 686
145 0 697
145 0.0625 499
145 0.125 379
145 0.1875 280
145 0.25 212
145 0.3125 136
145 0.375 133
145 0.4375 106
145 0.5 105
145 0.5625 91
145 0.625 136
145 0.6875 255
145 0.75 393
145 0.8125 543
145 0.875 661
145 0.9375 704
146 0 648
146 0.0625 497
146 0.125 385
146 0.1875 288
146 0.25 188
146 0.3125 150
146 0.375 121
146 0.4375 99
146 0.5 83
146 0.5625 90
146 0.625 115
146 0.6875 225
146 0.75 376
146 0.8125 549
146 0.875 623
146 0.9375 700
147 0 620
147 0.0625 518
147 0.125 381
147 0.1875 224
147 0.25 192
147 0.3125 144
147 0.375 131
147 0.4375 105
147 0.5 70
147 0.5625 119
147 0.625 131
147 0.6875 236
147 0.75 373
147 0.8125 564
147 0.875 663
147 0.9375 662
148 0 610
148 0.0625 493
148 0.125 327
148 0.1875 249
148 0.25 171
148 0.3125 144
148 0.375 100
148 0.4375 88
148 0.5 88
148 0.5625 102
148 0.625 137
148 0.6875 239
148 0.75 377
148 0.8125 522
148 0.875 639
148 0.9375 662
149 0 565
149 0.0625 488
149 0.125 322
149 0.1875 240
149 0.25 170
149 0.3125 138
149 0.375 120
149 0.4375 98
149 0.5 85
149 0.5625 92
149 0.625 124
149 0.6875 238
149 0.75 346
149 0.8125 519
149 0.875 597
149 0.9375 679
150 0 610
150 0.0625 426
150 0.125 342
150 0.1875 256
150 0.25 177
150 0.3125 128
150 0.375 93
150 0.4375 90
150 0.5 96
150 0.5625 97
150 0.625 138
150 0.6875 253
150 0.75 392
150 0.8125 510
150 0.875 564
150 0.9375 621
151 0 547
151 0.0625 478
151 0.125 357
151 0.1875 241
151 0.25 192
151 0.3125 135
151 0.375 120
151 0.4375 88
151 0.5 62
151 0.5625 102
151 0.625 109
151 0.6875 217
151 0.75 317
151 0.8125 488
151 0.875 583
151 0.9375 612
152 0 549
152 0.0625 419
152 0.125 311
152 0.1875 217
152 0.25 146
152 0.3125 127
152 0.375 89
152 0.4375 92
152 0.5 106
152 0.5625 89
152 0.625 132
152 0.6875 216
152 0.75 357
152 0.8125 474
152 0.875 622
152 0.9375 572
153 0 503
153 0.0625 403
153 0.125 354
153 0.1875 240
153 0.25 169
153 0.3125 131
153 0.375 99
153 0.4375 92
153 0.5 94
153 0.5625 87
153 0.625 100
153 0.6875 193
153 0.75 357
153 0.8125 448
153 0.875 572
153 0.9375 615
154 0 559
154 0.0625 446
154 0.125 327
154 0.1875 219
154 0.25 168
154 0.3125 102
154 0.375 93
154 0.4375 87
154 0.5 69
154 0.5625 79
154 0.625 135
154 0.6875 209
154 0.75 333
154 0.8125 456
154 0.875 544
154 0.9375 575
155 0 527
155 0.0625 437
155 0.125 329
155 0.1875 202
155 0.25 140
155 0.3125 116
155 0.375 94
155 0.4375 89
155 0.5 80
155 0.5625 86
155 0.625 107
155 0.6875 187
155 0.75 343
155 0.8125 444
155 0.875 535
155 0.9375 588
156 0 525
156 0.0625 429
156 0.125 315
156 0.1875 253
156 0.25 144
156 0.3125 121
156 0.375 88
156 0.4375 101
156 0.5 79
156 0.5625 84
156 0.625 107
156 0.6875 197
156 0.75 347
156 0.8125 481
156 0.875 563
156 0.9375 602
157 0 534
157 0.0625 415
157 0.125 325
157 0.1875 228
157 0.25 134
157 0.3125 113
157 0.375 111
157 0.4375 80
157 0.5 94
157 0.5625 92
157 0.625 122
157 0.6875 208
157 0.75 321
157 0.8125 427
157 0.875 572
157 0.9375 593
158 0 498
158 0.0625 425
158 0.125 292
158 0.1875 203
158 0.25 162
158 0.3125 123
158 0.375 87
158 0.4375 78
158 0.5 93
158 0.5625 85
158 0.625 97
158 0.6875 195
158 0.75 320
158 0.8125 446
158 0.875 488
158 0.9375 564
159 0 478
159 0.0625 402
159 0.125 287
159 0.1875 215
159 0.25 137
159 0.3125 121
159 0.375 101
159 0.4375 101
159 0.5 82
159 0.5625 72
159 0.625 119
159 0.6875 203
159 0.75 301
159 0.8125 457
159 0.875 519
159 0.9375 561
160 0 517
160 0.0625 400
160 0.125 273
160 0.1875 211
160 0.25 191
160 0.3125 113
160 0.375 99
160 0.4375 93
160 0.5 77
160 0.5625 83
160 0.625 116
160 0.6875 156
160 0.75 288
160 0.8125 429
160 0.875 540
160 0.9375 556
161 0 509
161 0.0625 404
161 0.125 289
161 0.1875 192
161 0.25 144
161 0.3125 125
161 0.375 89
161 0.4375 82
161 0.5 80
161 0.5625 99
161 0.625 111
161 0.6875 175
161 0.75 328
161 0.8125 445
161 0.875 505
161 0.9375 556
162 0 504
162 0.0625 362
162 0.125 273
162 0.1875 208
162 0.25 166
162 0.3125 110
162 0.375 77
162 0.4375 96
162 0.5 87
162 0.5625 94
162 0.625 111
162 0.6875 206
162 0.75 324
162 0.8125 397
162 0.875 508
162 0.9375 533
163 0 467
163 0.0625 371
163 0.125 268
163 0.1875 203
163 0.25 145
163 0.3125 127
163 0.375 107
163 0.4375 79
163 0.5 95
163 0.5625 96
163 0.625 112
163 0.6875 205
163 0.75 288
163 0.8125 417
163 0.875 508
163 0.9375 512
164 0 448
164 0.0625 386
164 0.125 269
164 0.1875 208
164 0.25 152
164 0.3125 118
164 0.375 89
164 0.4375 86
164 0.5 81
164 0.5625 87
164 0.625 108
164 0.6875 194
164 0.75 297
164 0.8125 394
164 0.875 495
164 0.9375 491
165 0 463
165 0.0625 394
165 0.125 277
165 0.1875 166
165 0.25 110
165 0.3125 101
165 0.375 82
165 0.4375 86
165 0.5 72
165 0.5625 95
165 0.625 113
165 0.6875 161
165 0.75 288
165 0.8125 378
165 0.875 481
165 0.9375 503
166 0 436
166 0.0625 348
166 0.125 252
166 0.1875 184
166 0.25 115
166 0.3125 106
166 0.375 77
166 0.4375 80
166 0.5 79
166 0.5625 81
166 0.625 108
166 0.6875 167
166 0.75 270
166 0.8125 395
166 0.875 496
166 0.9375 502
167 0 464
167 0.0625 357
167 0.125 241
167 0.1875 194
167 0.25 133
167 0.3125 94
167 0.375 81
167 0.4375 78
167 0.5 74
167 0.5625 73
167 0.625 107
167 0.6875 164
167 0.75 275
167 0.8125 414
167 0.875 476
167 0.9375 524
168 0 422
168 0.0625 350
168 0.125 236
168 0.1875 189
168 0.25 130
168 0.3125 106
168 0.375 108
168 0.4375 73
168 0.5 67
168 0.5625 92
168 0.625 92
168 0.6875 166
168 0.75 265
168 0.8125 410
168 0.875 438
168 0.9375 477
169 0 468
169 0.0625 338
169 0.125 242
169 0.1875 156
169 0.25 111
169 0.3125 96
169 0.375 83
169 0.4375 63
169 0.5 67
169 0.5625 57
169 0.625 120
169 0.6875 156
169 0.75 245
169 0.8125 390
169 0.875 432
169 0.9375 451
170 0 403
170 0.0625 327
170 0.125 235
170 0.1875 185
170 0.25 124
170 0.3125 123
170 0.375 80
170 0.4375 86
170 0.5 76
170 0.5625 73
170 0.625 109
170 0.6875 170
170 0.75 268
170 0.8125 367
170 0.875 445
170 0.9375 481
171 0 386
171 0.0625 324
171 0.125 239
171 0.1875 159
171 0.25 137
171 0.3125 121
171 0.375 86
171 0.4375 87
171 0.5 73
171 0.5625 68
171 0.625 89
171 0.6875 163
171 0.75 237
171 0.8125 358
171 0.875 467
171 0.9375 480
172 0 400
172 0.0625 319
172 0.125 232
172 0.1875 158
172 0.25 119
172 0.3125 102
172 0.375 69
172 0.4375 75
172 0.5 62
172 0.5625 65
172 0.625 89
172 0.6875 154
172 0.75 270
172 0.8125 326
172 0.875 437
172 0.9375 434
173 0 411
173 0.0625 310
173 0.125 221
173 0.1875 164
173 0.25 96
173 0.3125 89
173 0.375 79
173 0.4375 75
173 0.5 82
173 0.5625 64
173 0.625 99
173 0.6875 148
173 0.75 284
173 0.8125 371
173 0.875 419
173 0.9375 383
174 0 388
174 0.0625 317
174 0.125 207
174 0.1875 143
174 0.25 123
174 0.3125 90
174 0.375 93
174 0.4375 72
174 0.5 61
174 0.5625 67
174 0.625 92
174 0.6875 134
174 0.75 259
174 0.8125 347
174 0.875 404
174 0.9375 450
175 0 368
175 0.0625 293
175 0.125 216
175 0.1875 153
175 0.25 129
175 0.3125 108
175 0.375 73
175 0.4375 84
175 0.5 76
175 0.5625 81
175 0.625 81
175 0.6875 151
175 0.75 252
175 0.8125 368
175 0.875 368
175 0.9375 417
176 0 344
176 0.0625 304
176 0.125 223
176 0.1875 138
176 0.25 111
176 0.3125 77
176 0.375 70
176 0.4375 65
176 0.5 60
176 0.5625 78
176 0.625 85
176 0.6875 157
176 0.75 246
176 0.8125 326
176 0.875 401
176 0.9375 421
177 0 378
177 0.0625 310
177 0.125 207
177 0.1875 144
177 0.25 99
177 0.3125 73
177 0.375 76
177 0.4375 66
177 0.5 70
177 0.5625 67
177 0.625 80
177 0.6875 156
177 0.75 230
177 0.8125 341
177 0.875 392
177 0.9375 389
178 0 340
178 0.0625 303
178 0.125 189
178 0.1875 156
178 0.25 92
178 0.3125 83
178 0.375 71
178 0.4375 65
178 0.5 64
178 0.5625 54
178 0.625 95
178 0.6875 122
178 0.75 217
178 0.8125 313
178 0.875 352
178 0.9375 382
179 0 345
179 0.0625 249
179 0.125 198
179 0.1875 155
179 0.25 104
179 0.3125 92
179 0.375 53
179 0.4375 70
179 0.5 47
179 0.5625 63
179 0.625 82
179 0.6875 138
179 0.75 205
179 0.8125 333
179 0.875 370
179 0.9375 393
180 0 343
180 0.0625 293
180 0.125 188
180 0.1875 164
180 0.25 95
180 0.3125 92
180 0.375 74
180 0.4375 63
180 0.5 67
180 0.5625 61
180 0.625 88
180 0.6875 131
180 0.75 231
180 0.8125 323
180 0.875 338
180 0.9375 391
181 0 340
181 0.0625 290
181 0.125 185
181 0.1875 118
181 0.25 107
181 0.3125 75
181 0.375 63
181 0.4375 80
181 0.5 63
181 0.5625 79
181 0.625 61
181 0.6875 160
181 0.75 222
181 0.8125 316
181 0.875 354
181 0.9375 364
182 0 360
182 0.0625 258
182 0.125 188
182 0.1875 139
182 0.25 100
182 0.3125 72
182 0.375 55
182 0.4375 75
182 0.5 68
182 0.5625 52
182 0.625 74
182 0.6875 153
182 0.75 192
182 0.8125 264
182 0.875 335
182 0.9375 390
183 0 329
183 0.0625 265
183 0.125 206
183 0.1875 107
183 0.25 102
183 0.3125 85
183 0.375 80
183 0.4375 48
183 0.5 74
183 0.5625 51
183 0.625 91
183 0.6875 123
183 0.75 206
183 0.8125 279
183 0.875 332
183 0.9375 342
184 0 315
184 0.0625 242
184 0.125 160
184 0.1875 128
184 0.25 117
184 0.3125 71
184 0.375 63
184 0.4375 57
184 0.5 60
184 0.5625 74
184 0.625 90
184 0.6875 116
184 0.75 227
184 0.8125 275
184 0.875 368
184 0.9375 339
185 0 300
185 0.0625 249
185 0.125 174
185 0.1875 157
185 0.25 84
185 0.3125 70
185 0.375 74
185 0.4375 55
185 0.5 60
185 0.5625 56
185 0.625 75
185 0.6875 123
185 0.75 207
185 0.8125 292
185 0.875 351
185 0.9375 333
186 0 321
186 0.0625 254
186 0.125 168
186 0.1875 112
186 0.25 87
186 0.3125 67
186 0.375 86
186 0.4375 60
186 0.5 49
186 0.5625 58
186 0.625 78
186 0.6875 127
186 0.75 205
186 0.8125 263
186 0.875 311
186 0.9375 335
187 0 324
187 0.0625 241
187 0.125 170
187 0.1875 146
187 0.25 109
187 0.3125 74
187 0.375 61
187 0.4375 67
187 0.5 62
187 0.5625 47
187 0.625 68
187 0.6875 130
187 0.75 202
187 0.8125 260
187 0.875 344
187 0.9375 331
188 0 276
188 0.0625 209
188 0.125 160
188 0.1875 118
188 0.25 101
188 0.3125 70
188 0.375 63
188 0.4375 66
188 0.5 54
188 0.5625 65
188 0.625 60
188 0.6875 122
188 0.75 213
188 0.8125 257
188 0.875 296
188 0.9375 311
189 0 288
189 0.0625 234
189 0.125 156
189 0.1875 109
189 0.25 73
189 0.3125 71
189 0.375 57
189 0.4375 53
189 0.5 49
189 0.5625 55
189 0.625 76
189 0.6875 111
189 0.75 175
189 0.8125 255
189 0.875 330
189 0.9375 340
190 0 256
190 0.0625 218
190 0.125 152
190 0.1875 113
190 0.25 88
190 0.3125 63
190 0.375 57
190 0.4375 78
190 0.5 51
190 0.5625 73
190 0.625 74
190 0.6875 127
190 0.75 194
190 0.8125 251
190 0.875 312
190 0.9375 337
191 0 279
191 0.0625 219
191 0.125 154
191 0.1875 102
191 0.25 100
191 0.3125 62
191 0.375 63
191 0.4375 59
191 0.5 35
191 0.5625 49
191 0.625 67
191 0.6875 106
191 0.75 169
191 0.8125 269
191 0.875 301
191 0.9375 295
192 0 280
192 0.0625 234
192 0.125 136
192 0.1875 109
192 0.25 82
192 0.3125 61
192 0.375 64
192 0.4375 55
192 0.5 55
192 0.5625 40
192 0.625 69
192 0.6875 119
192 0.75 188
192 0.8125 250
192 0.875 293
192 0.9375 296
193 0 237
193 0.0625 210
193 0.125 163
193 0.1875 111
193 0.25 80
193 0.3125 72
193 0.375 49
193 0.4375 49
193 0.5 47
193 0.5625 52
193 0.625 71
193 0.6875 109
193 0.75 173
193 0.8125 223
193 0.875 283
193 0.9375 310
194 0 290
194 0.0625 190
194 0.125 146
194 0.1875 109
194 0.25 82
194 0.3125 60
194 0.375 53
194 0.4375 58
194 0.5 57
194 0.5625 55
194 0.625 72
194 0.6875 133
194 0.75 166
194 0.8125 211
194 0.875 275
194 0.9375 319
195 0 238
195 0.0625 194
195 0.125 147
195 0.1875 109
195 0.25 67
195 0.3125 69
195 0.375 52
195 0.4375 58
195 0.5 58
195 0.5625 42
195 0.625 64
195 0.6875 119
195 0.75 163
195 0.8125 232
195 0.875 279
195 0.9375 283
196 0 219
196 0.0625 203
196 0.125 148
196 0.1875 111
196 0.25 83
196 0.3125 58
196 0.375 53
196 0.4375 38
196 0.5 54
196 0.5625 62
196 0.625 77
196 0.6875 104
196 0.75 172
196 0.8125 233
196 0.875 309
196 0.9375 275
197 0 243
197 0.0625 186
197 0.125 127
197 0.1875 106
197 0.25 72
197 0.3125 57
197 0.375 53
197 0.4375 50
197 0.5 47
197 0.5625 53
197 0.625 79
197 0.6875 99
197 0.75 174
197 0.8125 235
197 0.875 271
197 0.9375 268
198 0 225
198 0.0625 197
198 0.125 150
198 0.1875 98
198 0.25 82
198 0.3125 62
198 0.375 65
198 0.4375 69
198 0.5 38
198 0.5625 40
198 0.625 82
198 0.6875 98
198 0.75 152
198 0.8125 241
198 0.875 281
198 0.9375 289
199 0 235
199 0.0625 172
199 0.125 144
199 0.1875 84
199 0.25 81
199 0.3125 50
199 0.375 48
199 0.4375 59
199 0.5 41
199 0.5625 46
199 0.625 61
199 0.6875 116
199 0.75 174
199 0.8125 234
199 0.875 230
199 0.9375 274
200 0 236
200 0.0625 215
200 0.125 133
200 0.1875 103
200 0.25 80
200 0.3125 45
200 0.375 52
200 0.4375 52
200 0.5 47
200 0.5625 51
200 0.625 56
200 0.6875 95
200 0.75 152
200 0.8125 225
200 0.875 234
200 0.9375 246
201 0 211
201 0.0625 172
201 0.125 128
201 0.1875 105
201 0.25 62
201 0.3125 74
201 0.375 56
201 0.4375 48
201 0.5 53
201 0.5625 49
201 0.625 56
201 0.6875 89
201 0.75 150
201 0.8125 215
201 0.875 270
201 0.9375 260
202 0 218
202 0.0625 171
202 0.125 127
202 0.1875 102
202 0.25 64
202 0.3125 57
202 0.375 65
202 0.4375 49
202 0.5 43
202 0.5625 48
202 0.625 64
202 0.6875 99
202 0.75 162
202 0.8125 190
202 0.875 251
202 0.9375 243
203 0 243
203 0.0625 159
203 0.125 122
203 0.1875 91
203 0.25 77
203 0.3125 59
203 0.375 55
203 0.4375 34
203 0.5 49
203 0.5625 51
203 0.625 52
203 0.6875 90
203 0.75 163
203 0.8125 188
203 0.875 243
203 0.9375 238
204 0 196
204 0.0625 209
204 0.125 117
204 0.1875 83
204 0.25 82
204 0.3125 58
204 0.375 47
204 0.4375 51
204 0.5 39
204 0.5625 42
204 0.625 61
204 0.6875 101
204 0.75 152
204 0.8125 195
204 0.875 236
204 0.9375 244
205 0 203
205 0.0625 175
205 0.125 123
205 0.1875 88
205 0.25 74
205 0.3125 61
205 0.375 40
205 0.4375 48
205 0.5 48
205 0.5625 36
205 0.625 61
205 0.6875 71
205 0.75 143
205 0.8125 182
205 0.875 233
205 0.9375 239
206 0 211
206 0.0625 160
206 0.125 113
206 0.1875 101
206 0.25 63
206 0.3125 54
206 0.375 43
206 0.4375 30
206 0.5 46
206 0.5625 41
206 0.625 67
206 0.6875 85
206 0.75 140
206 0.8125 185
206 0.875 235
206 0.9375 232
207 0 199
207 0.0625 171
207 0.125 121
207 0.1875 87
207 0.25 63
207 0.3125 46
207 0.375 51
207 0.4375 32
207 0.5 50
207 0.5625 33
207 0.625 61
207 0.6875 77
207 0.75 122
207 0.8125 159
207 0.875 237
207 0.9375 210
208 0 165
208 0.0625 165
208 0.125 115
208 0.1875 92
208 0.25 44
208 0.3125 58
208 0.375 43
208 0.4375 46
208 0.5 59
208 0.5625 40
208 0.625 58
208 0.6875 80
208 0.75 125
208 0.8125 162
208 0.875 193
208 0.9375 211
209 0 177
209 0.0625 133
209 0.125 94
209 0.1875 78
209 0.25 78
209 0.3125 53
209 0.375 41
209 0.4375 30
209 0.5 43
209 0.5625 44
209 0.625 51
209 0.6875 80
209 0.75 145
209 0.8125 177
209 0.875 193
209 0.9375 186
210 0 177
210 0.0625 160
210 0.125 108
210 0.1875 82
210 0.25 53
210 0.3125 52
210 0.375 36
210 0.4375 27
210 0.5 30
210 0.5625 43
210 0.625 47
210 0.6875 89
210 0.75 124
210 0.8125 162
210 0.875 191
210 0.9375 201
211 0 165
211 0.0625 128
211 0.125 77
211 0.1875 65
211 0.25 50
211 0.3125 50
211 0.375 40
211 0.4375 42
211 0.5 48
211 0.5625 39
211 0.625 52
211 0.6875 68
211 0.75 125
211 0.8125 148
211 0.875 169
211 0.9375 187
212 0 162
212 0.0625 123
212 0.125 93
212 0.1875 56
212 0.25 52
212 0.3125 44
212 0.375 38
212 0.4375 27
212 0.5 30
212 0.5625 26
212 0.625 52
212 0.6875 95
212 0.75 90
212 0.8125 148
212 0.875 180
212 0.9375 159
213 0 129
213 0.0625 105
213 0.125 100
213 0.1875 63
213 0.25 39
213 0.3125 44
213 0.375 36
213 0.4375 40
213 0.5 33
213 0.5625 31
213 0.625 39
213 0.6875 61
213 0.75 107
213 0.8125 148
213 0.875 147
213 0.9375 162
214 0 137
214 0.0625 109
214 0.125 84
214 0.1875 77
214 0.25 48
214 0.3125 26
214 0.375 44
214 0.4375 28
214 0.5 27
214 0.5625 38
214 0.625 49
214 0.6875 64
214 0.75 122
214 0.8125 124
214 0.875 176
214 0.9375 147
215 0 130
215 0.0625 104
215 0.125 78
215 0.1875 59
215 0.25 45
215 0.3125 46
215 0.375 28
215 0.4375 34
215 0.5 36
215 0.5625 41
215 0.625 31
215 0.6875 61
215 0.75 108
215 0.8125 137
215 0.875 144
215 0.9375 156
216 0 125
216 0.0625 93
216 0.125 73
216 0.1875 43
216 0.25 43
216 0.3125 42
216 0.375 35
216 0.4375 12
216 0.5 17
216 0.5625 30
216 0.625 33
216 0.6875 57
216 0.75 76
216 0.8125 112
216 0.875 141
216 0.9375 133
217 0 118
217 0.0625 94
217 0.125 64
217 0.1875 50
217 0.25 33
217 0.3125 17
217 0.375 26
217 0.4375 23
217 0.5 28
217 0.5625 22
217 0.625 37
217 0.6875 51
217 0.75 90
217 0.8125 110
217 0.875 122
217 0.9375 129
218 0 123
218 0.0625 90
218 0.125 67
218 0.1875 48
218 0.25 31
218 0.3125 37
218 0.375 32
218 0.4375 34
218 0.5 19
218 0.5625 29
218 0.625 27
218 0.6875 45
218 0.75 88
218 0.8125 115
218 0.875 114
218 0.9375 116
219 0 95
219 0.0625 77
219 0.125 60
219 0.1875 57
219 0.25 30
219 0.3125 28
219 0.375 26
219 0.4375 24
219 0.5 28
219 0.5625 19
219 0.625 37
219 0.6875 56
219 0.75 89
219 0.8125 92
219 0.875 122
219 0.9375 123
220 0 100
220 0.0625 74
220 0.125 49
220 0.1875 61
220 0.25 25
220 0.3125 21
220 0.375 21
220 0.4375 28
220 0.5 23
220 0.5625 22
220 0.625 17
220 0.6875 52
220 0.75 51
220 0.8125 77
220 0.875 83
220 0.9375 99
221 0 99
221 0.0625 81
221 0.125 43
221 0.1875 37
221 0.25 20
221 0.3125 21
221 0.375 27
221 0.4375 27
221 0.5 20
221 0.5625 19
221 0.625 32
221 0.6875 52
221 0.75 60
221 0.8125 93
221 0.875 116
221 0.9375 96
222 0 68
222 0.0625 74
222 0.125 53
222 0.1875 38
222 0.25 31
222 0.3125 33
222 0.375 33
222 0.4375 22
222 0.5 20
222 0.5625 16
222 0.625 27
222 0.6875 43
222 0.75 69
222 0.8125 82
222 0.875 94
222 0.9375 84
223 0 95
223 0.0625 66
223 0.125 38
223 0.1875 38
223 0.25 38
223 0.3125 21
223 0.375 26
223 0.4375 21
223 0.5 23
223 0.5625 30
223 0.625 27
223 0.6875 47
223 0.75 69
223 0.8125 82
223 0.875 102
223 0.9375 104
224 0 98
224 0.0625 64
224 0.125 62
224 0.1875 27
224 0.25 31
224 0.3125 22
224 0.375 24
224 0.4375 14
224 0.5 18
224 0.5625 17
224 0.625 35
224 0.6875 37
224 0.75 56
224 0.8125 85
224 0.875 87
224 0.9375 88
225 0 81
225 0.0625 63
225 0.125 56
225 0.1875 38
225 0.25 31
225 0.3125 25
225 0.375 20
225 0.4375 21
225 0.5 27
225 0.5625 16
225 0.625 24
225 0.6875 47
225 0.75 60
225 0.8125 66
225 0.875 81
225 0.9375 81
226 0 99
226 0.0625 76
226 0.125 37
226 0.1875 38
226 0.25 31
226 0.3125 26
226 0.375 23
226 0.4375 21
226 0.5 18
226 0.5625 23
226 0.625 24
226 0.6875 36
226 0.75 61
226 0.8125 84
226 0.875 97
226 0.9375 113
227 0 68
227 0.0625 72
227 0.125 37
227 0.1875 37
227 0.25 33
227 0.3125 21
227 0.375 17
227 0.4375 22
227 0.5 13
227 0.5625 19
227 0.625 33
227 0.6875 40
227 0.75 51
227 0.8125 64
227 0.875 94
227 0.9375 92
228 0 73
228 0.0625 58
228 0.125 44
228 0.1875 29
228 0.25 25
228 0.3125 25
228 0.375 27
228 0.4375 22
228 0.5 21
228 0.5625 18
228 0.625 21
228 0.6875 39
228 0.75 55
228 0.8125 64
228 0.875 95
228 0.9375 88
229 0 75
229 0.0625 64
229 0.125 47
229 0.1875 32
229 0.25 23
229 0.3125 25
229 0.375 24
229 0.4375 22
229 0.5 18
229 0.5625 19
229 0.625 19
229 0.6875 41
229 0.75 55
229 0.8125 76
229 0.875 100
229 0.9375 80
230 0 82
230 0.0625 57
230 0.125 43
230 0.1875 32
230 0.25 24
230 0.3125 20
230 0.375 15
230 0.4375 32
230 0.5 26
230 0.5625 20
230 0.625 22
230 0.6875 29
230 0.75 45
230 0.8125 92
230 0.875 84
230 0.9375 87
231 0 72
231 0.0625 73
231 0.125 50
231 0.1875 26
231 0.25 24
231 0.3125 14
231 0.375 24
231 0.4375 21
231 0.5 23
231 0.5625 17
231 0.625 23
231 0.6875 37
231 0.75 57
231 0.8125 96
231 0.875 80
231 0.9375 93
232 0 90
232 0.0625 57
232 0.125 44
232 0.1875 47
232 0.25 26
232 0.3125 28
232 0.375 19
232 0.4375 19
232 0.5 14
232 0.5625 21
232 0.625 22
232 0.6875 43
232 0.75 60
232 0.8125 60
232 0.875 82
232 0.9375 90
233 0 83
233 0.0625 56
233 0.125 56
233 0.1875 35
233 0.25 28
233 0.3125 29
233 0.375 25
233 0.4375 14
233 0.5 18
233 0.5625 22
233 0.625 23
233 0.6875 35
233 0.75 55
233 0.8125 73
233 0.875 92
233 0.9375 88
234 0 77
234 0.0625 71
234 0.125 43
234 0.1875 34
234 0.25 13
234 0.3125 27
234 0.375 31
234 0.4375 16
234 0.5 9
234 0.5625 17
234 0.625 25
234 0.6875 41
234 0.75 48
234 0.8125 78
234 0.875 99
234 0.9375 90
235 0 66
235 0.0625 56
235 0.125 34
235 0.1875 32
235 0.25 28
235 0.3125 31
235 0.375 17
235 0.4375 19
235 0.5 17
235 0.5625 22
235 0.625 22
235 0.6875 31
235 0.75 55
235 0.8125 67
235 0.875 66
235 0.9375 84
236 0 72
236 0.0625 56
236 0.125 40
236 0.1875 35
236 0.25 24
236 0.3125 30
236 0.375 28
236 0.4375 18
236 0.5 23
236 0.5625 24
236 0.625 22
236 0.6875 45
236 0.75 54
236 0.8125 69
236 0.875 84
236 0.9375 82
237 0 87
237 0.0625 62
237 0.125 45
237 0.1875 36
237 0.25 30
237 0.3125 18
237 0.375 13
237 0.4375 20
237 0.5 16
237 0.5625 16
237 0.625 22
237 0.6875 40
237 0.75 71
237 0.8125 56
237 0.875 86
237 0.9375 107
238 0 78
238 0.0625 48
238 0.125 37
238 0.1875 28
238 0.25 33
238 0.3125 19
238 0.375 19
238 0.4375 14
238 0.5 15
238 0.5625 26
238 0.625 18
238 0.6875 34
238 0.75 52
238 0.8125 71
238 0.875 81
238 0.9375 82
239 0 84
239 0.0625 60
239 0.125 39
239 0.1875 35
239 0.25 28
239 0.3125 28
239 0.375 18
239 0.4375 20
239 0.5 20
239 0.5625 19
239 0.625 23
239 0.6875 35
239 0.75 53
239 0.8125 85
239 0.875 89
239 0.9375 87
240 0 72
240 0.0625 55
240 0.125 43
240 0.1875 32
240 0.25 28
240 0.3125 25
240 0.375 22
240 0.4375 16
240 0.5 20
240 0.5625 18
240 0.625 31
240 0.6875 44
240 0.75 47
240 0.8125 80
240 0.875 67
240 0.9375 84
241 0 74
241 0.0625 49
241 0.125 45
241 0.1875 44
241 0.25 21
241 0.3125 26
241 0.375 20
241 0.4375 19
241 0.5 12
241 0.5625 16
241 0.625 22
241 0.6875 29
241 0.75 57
241 0.8125 87
241 0.875 79
241 0.9375 86
242 0 81
242 0.0625 53
242 0.125 43
242 0.1875 25
242 0.25 18
242 0.3125 22
242 0.375 18
242 0.4375 16
242 0.5 15
242 0.5625 14
242 0.625 21
242 0.6875 38
242 0.75 57
242 0.8125 64
242 0.875 86
242 0.9375 86
243 0 74
243 0.0625 42
243 0.125 57
243 0.1875 33
243 0.25 20
243 0.3125 16
243 0.375 16
243 0.4375 23
243 0.5 22
243 0.5625 21
243 0.625 22
243 0.6875 42
243 0.75 43
243 0.8125 55
243 0.875 81
243 0.9375 92
244 0 63
244 0.0625 54
244 0.125 35
244 0.1875 23
244 0.25 21
244 0.3125 32
244 0.375 13
244 0.4375 14
244 0.5 15
244 0.5625 24
244 0.625 31
244 0.6875 34
244 0.75 50
244 0.8125 58
244 0.875 91
244 0.9375 77
245 0 80
245 0.0625 43
245 0.125 32
245 0.1875 38
245 0.25 29
245 0.3125 21
245 0.375 18
245 0.4375 18
245 0.5 13
245 0.5625 17
245 0.625 19
245 0.6875 36
245 0.75 53
245 0.8125 75
245 0.875 70
245 0.9375 81
246 0 67
246 0.0625 56
246 0.125 39
246 0.1875 42
246 0.25 25
246 0.3125 27
246 0.375 19
246 0.4375 18
246 0.5 20
246 0.5625 26
246 0.625 28
246 0.6875 40
246 0.75 53
246 0.8125 63
246 0.875 75
246 0.9375 73
247 0 58
247 0.0625 54
247 0.125 40
247 0.1875 22
247 0.25 24
247 0.3125 26
247 0.375 24
247 0.4375 18
247 0.5 23
247 0.5625 19
247 0.625 28
247 0.6875 27
247 0.75 50
247 0.8125 50
247 0.875 66
247 0.9375 65
248 0 63
248 0.0625 50
248 0.125 34
248 0.1875 28
248 0.25 25
248 0.3125 23
248 0.375 22
248 0.4375 30
248 0.5 20
248 0.5625 27
248 0.625 27
248 0.6875 35
248 0.75 48
248 0.8125 68
248 0.875 82
248 0.9375 82
249 0 75
249 0.0625 45
249 0.125 45
249 0.1875 31
249 0.25 25
249 0.3125 28
249 0.375 19
249 0.4375 18
249 0.5 24
249 0.5625 25
249 0.625 29
249 0.6875 34
249 0.75 56
249 0.8125 61
249 0.875 75
249 0.9375 68
250 0 75
250 0.0625 58
250 0.125 37
250 0.1875 29
250 0.25 19
250 0.3125 21
250 0.375 20
250 0.4375 16
250 0.5 25
250 0.5625 23
250 0.625 27
250 0.6875 30
250 0.75 57
250 0.8125 72
250 0.875 77
250 0.9375 79
251 0 65
251 0.0625 48
251 0.125 33
251 0.1875 30
251 0.25 33
251 0.3125 25
251 0.375 25
251 0.4375 11
251 0.5 24
251 0.5625 21
251 0.625 28
251 0.6875 40
251 0.75 58
251 0.8125 48
251 0.875 55
251 0.9375 79
252 0 62
252 0.0625 56
252 0.125 39
252 0.1875 36
252 0.25 21
252 0.3125 15
252 0.375 16
252 0.4375 21
252 0.5 20
252 0.5625 18
252 0.625 22
252 0.6875 22
252 0.75 48
252 0.8125 54
252 0.875 68
252 0.9375 75
253 0 68
253 0.0625 56
253 0.125 39
253 0.1875 31
253 0.25 20
253 0.3125 29
253 0.375 16
253 0.4375 22
253 0.5 24
253 0.5625 18
253 0.625 20
253 0.6875 33
253 0.75 43
253 0.8125 52
253 0.875 64
253 0.9375 58
254 0 56
254 0.0625 50
254 0.125 54
254 0.1875 19
254 0.25 20
254 0.3125 24
254 0.375 22
254 0.4375 18
254 0.5 15
254 0.5625 25
254 0.625 22
254 0.6875 26
254 0.75 36
254 0.8125 51
254 0.875 68
254 0.9375 68
255 0 77
255 0.0625 44
255 0.125 31
255 0.1875 34
255 0.25 19
255 0.3125 18
255 0.375 19
255 0.4375 14
255 0.5 21
255 0.5625 14
255 0.625 21
255 0.6875 32
255 0.75 46
255 0.8125 52
255 0.875 78
255 0.9375 71
256 0 56
256 0.0625 60
256 0.125 40
256 0.1875 32
256 0.25 24
256 0.3125 18
256 0.375 9
256 0.4375 22
256 0.5 22
256 0.5625 17
256 0.625 21
256 0.6875 30
256 0.75 50
256 0.8125 59
256 0.875 69
256 0.9375 46
257 0 53
257 0.0625 38
257 0.125 37
257 0.1875 22
257 0.25 21
257 0.3125 16
257 0.375 10
257 0.4375 22
257 0.5 18
257 0.5625 17
257 0.625 29
257 0.6875 37
257 0.75 49
257 0.8125 62
257 0.875 58
257 0.9375 54
258 0 53
258 0.0625 45
258 0.125 28
258 0.1875 27
258 0.25 25
258 0.3125 16
258 0.375 16
258 0.4375 20
258 0.5 15
258 0.5625 15
258 0.625 26
258 0.6875 29
258 0.75 35
258 0.8125 54
258 0.875 59
258 0.9375 57
259 0 58
259 0.0625 48
259 0.125 36
259 0.1875 31
259 0.25 22
259 0.3125 17
259 0.375 25
259 0.4375 16
259 0.5 16
259 0.5625 17
259 0.625 15
259 0.6875 38
259 0.75 46
259 0.8125 50
259 0.875 58
259 0.9375 57
260 0 50
260 0.0625 54
260 0.125 28
260 0.1875 25
260 0.25 25
260 0.3125 20
260 0.375 13
260 0.4375 15
260 0.5 14
260 0.5625 10
260 0.625 17
260 0.6875 29
260 0.75 37
260 0.8125 50
260 0.875 61
260 0.9375 65
261 0 46
261 0.0625 39
261 0.125 38
261 0.1875 27
261 0.25 20
261 0.3125 17
261 0.375 13
261 0.4375 14
261 0.5 11
261 0.5625 18
261 0.625 19
261 0.6875 22
261 0.75 49
261 0.8125 59
261 0.875 63
261 0.9375 69
262 0 51
262 0.0625 33
262 0.125 39
262 0.1875 25
262 0.25 17
262 0.3125 22
262 0.375 18
262 0.4375 17
262 0.5 16
262 0.5625 20
262 0.625 19
262 0.6875 33
262 0.75 28
262 0.8125 42
262 0.875 57
262 0.9375 59
263 0 56
263 0.0625 44
263 0.125 33
263 0.1875 29
263 0.25 31
263 0.3125 20
263 0.375 19
263 0.4375 18
263 0.5 17
263 0.5625 22
263 0.625 29
263 0.6875 25
263 0.75 37
263 0.8125 48
263 0.875 40
263 0.9375 66
264 0 40
264 0.0625 47
264 0.125 39
264 0.1875 26
264 0.25 13
264 0.3125 18
264 0.375 12
264 0.4375 24
264 0.5 19
264 0.5625 12
264 0.625 22
264 0.6875 31
264 0.75 32
264 0.8125 43
264 0.875 60
264 0.9375 64
265 0 34
265 0.0625 40
265 0.125 26
265 0.1875 32
265 0.25 17
265 0.3125 15
265 0.375 17
265 0.4375 14
265 0.5 12
265 0.5625 18
265 0.625 26
265 0.6875 31
265 0.75 28
265 0.8125 48
265 0.875 57
265 0.9375 52
266 0 44
266 0.0625 38
266 0.125 26
266 0.1875 15
266 0.25 22
266 0.3125 11
266 0.375 12
266 0.4375 19
266 0.5 18
266 0.5625 20
266 0.625 24
266 0.6875 31
266 0.75 31
266 0.8125 53
266 0.875 52
266 0.9375 65
267 0 46
267 0.0625 36
267 0.125 40
267 0.1875 17
267 0.25 18
267 0.3125 15
267 0.375 17
267 0.4375 20
267 0.5 21
267 0.5625 22
267 0.625 16
267 0.6875 28
267 0.75 37
267 0.8125 36
267 0.875 55
267 0.9375 60
268 0 57
268 0.0625 46
268 0.125 38
268 0.1875 21
268 0.25 9
268 0.3125 13
268 0.375 17
268 0.4375 14
268 0.5 11
268 0.5625 16
268 0.625 17
268 0.6875 27
268 0.75 29
268 0.8125 31
268 0.875 59
268 0.9375 50
269 0 47
269 0.0625 25
269 0.125 29
269 0.1875 23
269 0.25 25
269 0.3125 21
269 0.375 13
269 0.4375 23
269 0.5 14
269 0.5625 13
269 0.625 22
269 0.6875 20
269 0.75 40
269 0.8125 39
269 0.875 48
269 0.9375 48
270 0 39
270 0.0625 32
270 0.125 28
270 0.1875 26
270 0.25 16
270 0.3125 23
270 0.375 15
270 0.4375 19
270 0.5 15
270 0.5625 21
270 0.625 13
270 0.6875 26
270 0.75 32
270 0.8125 54
270 0.875 40
270 0.9375 63
271 0 52
271 0.0625 34
271 0.125 31
271 0.1875 15
271 0.25 22
271 0.3125 19
271 0.375 15
271 0.4375 16
271 0.5 12
271 0.5625 15
271 0.625 20
271 0.6875 20
271 0.75 28
271 0.8125 52
271 0.875 44
271 0.9375 61
272 0 48
272 0.0625 41
272 0.125 26
272 0.1875 26
272 0.25 22
272 0.3125 11
272 0.375 19
272 0.4375 18
272 0.5 10
272 0.5625 12
272 0.625 30
272 0.6875 24
272 0.75 37
272 0.8125 34
272 0.875 53
272 0.9375 52
273 0 46
273 0.0625 43
273 0.125 19
273 0.1875 14
273 0.25 21
273 0.3125 13
273 0.375 17
273 0.4375 12
273 0.5 11
273 0.5625 8
273 0.625 21
273 0.6875 25
273 0.75 25
273 0.8125 44
273 0.875 50
273 0.9375 60
274 0 39
274 0.0625 34
274 0.125 27
274 0.1875 20
274 0.25 18
274 0.3125 14
274 0.375 12
274 0.4375 13
274 0.5 11
274 0.5625 15
274 0.625 12
274 0.6875 26
274 0.75 31
274 0.8125 44
274 0.875 68
274 0.9375 49
275 0 52
275 0.0625 40
275 0.125 26
275 0.1875 30
275 0.25 22
275 0.3125 13
275 0.375 21
275 0.4375 11
275 0.5 17
275 0.5625 17
275 0.625 7
275 0.6875 33
275 0.75 35
275 0.8125 45
275 0.875 49
275 0.9375 43
276 0 45
276 0.0625 34
276 0.125 22
276 0.1875 14
276 0.25 24
276 0.3125 21
276 0.375 13
276 0.4375 10
276 0.5 7
276 0.5625 17
276 0.625 14
276 0.6875 26
276 0.75 34
276 0.8125 36
276 0.875 38
276 0.9375 52
277 0 35
277 0.0625 26
277 0.125 29
277 0.1875 24
277 0.25 14
277 0.3125 20
277 0.375 17
277 0.4375 25
277 0.5 18
277 0.5625 9
277 0.625 13
277 0.6875 24
277 0.75 31
277 0.8125 43
277 0.875 47
277 0.9375 58
278 0 40
278 0.0625 40
278 0.125 26
278 0.1875 25
278 0.25 27
278 0.3125 18
278 0.375 16
278 0.4375 17
278 0.5 13
278 0.5625 14
278 0.625 12
278 0.6875 25
278 0.75 27
278 0.8125 37
278 0.875 44
278 0.9375 46
279 0 44
279 0.0625 33
279 0.125 22
279 0.1875 23
279 0.25 20
279 0.3125 16
279 0.375 12
279 0.4375 12
279 0.5 11
279 0.5625 11
279 0.625 17
279 0.6875 21
279 0.75 34
279 0.8125 41
279 0.875 45
279 0.9375 56
280 0 48
280 0.0625 46
280 0.125 26
280 0.1875 22
280 0.25 8
280 0.3125 10
280 0.375 21
280 0.4375 18
280 0.5 18
280 0.5625 13
280 0.625 12
280 0.6875 30
280 0.75 28
280 0.8125 41
280 0.875 46
280 0.9375 47
281 0 44
281 0.0625 35
281 0.125 27
281 0.1875 25
281 0.25 24
281 0.3125 13
281 0.375 19
281 0.4375 17
281 0.5 4
281 0.5625 14
281 0.625 21
281 0.6875 25
281 0.75 30
281 0.8125 36
281 0.875 41
281 0.9375 35
282 0 46
282 0.0625 32
282 0.125 18
282 0.1875 19
282 0.25 19
282 0.3125 18
282 0.375 16
282 0.4375 16
282 0.5 16
282 0.5625 11
282 0.625 16
282 0.6875 36
282 0.75 35
282 0.8125 41
282 0.875 47
282 0.9375 50
283 0 39
283 0.0625 23
283 0.125 22
283 0.1875 25
283 0.25 17
283 0.3125 13
283 0.375 17
283 0.4375 18
283 0.5 15
283 0.5625 20
283 0.625 11
283 0.6875 25
283 0.75 28
283 0.8125 45
283 0.875 60
283 0.9375 45
284 0 40
284 0.0625 30
284 0.125 25
284 0.1875 16
284 0.25 13
284 0.3125 18
284 0.375 18
284 0.4375 11
284 0.5 16
284 0.5625 7
284 0.625 24
284 0.6875 27
284 0.75 34
284 0.8125 41
284 0.875 39
284 0.9375 40
285 0 43
285 0.0625 26
285 0.125 26
285 0.1875 20
285 0.25 22
285 0.3125 20
285 0.375 16
285 0.4375 21
285 0.5 12
285 0.5625 9
285 0.625 21
285 0.6875 21
285 0.75 31
285 0.8125 31
285 0.875 44
285 0.9375 67
286 0 38
286 0.0625 30
286 0.125 17
286 0.1875 22
286 0.25 13
286 0.3125 19
286 0.375 21
286 0.4375 12
286 0.5 13
286 0.5625 14
286 0.625 15
286 0.6875 21
286 0.75 26
286 0.8125 37
286 0.875 40
286 0.9375 43
287 0 33
287 0.0625 30
287 0.125 25
287 0.1875 16
287 0.25 14
287 0.3125 8
287 0.375 12
287 0.4375 15
287 0.5 15
287 0.5625 10
287 0.625 16
287 0.6875 17
287 0.75 31
287 0.8125 42
287 0.875 46
287 0.9375 43
288 0 33
288 0.0625 35
288 0.125 35
288 0.1875 17
288 0.25 14
288 0.3125 12
288 0.375 20
288 0.4375 13
288 0.5 18
288 0.5625 13
288 0.625 15
288 0.6875 25
288 0.75 41
288 0.8125 33
288 0.875 48
288 0.9375 39
289 0 43
289 0.0625 31
289 0.125 15
289 0.1875 18
289 0.25 20
289 0.3125 16
289 0.375 11
289 0.4375 13
289 0.5 21
289 0.5625 24
289 0.625 10
289 0.6875 18
289 0.75 23
289 0.8125 32
289 0.875 43
289 0.9375 42
290 0 34
290 0.0625 35
290 0.125 22
290 0.1875 21
290 0.25 11
290 0.3125 10
290 0.375 13
290 0.4375 14
290 0.5 12
290 0.5625 15
290 0.625 17
290 0.6875 17
290 0.75 33
290 0.8125 46
290 0.875 50
290 0.9375 35
291 0 38
291 0.0625 28
291 0.125 18
291 0.1875 15
291 0.25 16
291 0.3125 15
291 0.375 18
291 0.4375 16
291 0.5 16
291 0.5625 17
291 0.625 16
291 0.6875 22
291 0.75 33
291 0.8125 37
291 0.875 39
291 0.9375 46
292 0 32
292 0.0625 27
292 0.125 18
292 0.1875 13
292 0.25 18
292 0.3125 11
292 0.375 18
292 0.4375 19
292 0.5 16
292 0.5625 18
292 0.625 21
292 0.6875 25
292 0.75 40
292 0.8125 45
292 0.875 41
292 0.9375 36
293 0 32
293 0.0625 36
293 0.125 27
293 0.1875 18
293 0.25 23
293 0.3125 21
293 0.375 8
293 0.4375 7
293 0.5 12
293 0.5625 14
293 0.625 17
293 0.6875 26
293 0.75 29
293 0.8125 32
293 0.875 37
293 0.9375 47
294 0 27
294 0.0625 24
294 0.125 23
294 0.1875 22
294 0.25 21
294 0.3125 12
294 0.375 9
294 0.4375 10
294 0.5 17
294 0.5625 9
294 0.625 14
294 0.6875 23
294 0.75 22
294 0.8125 31
294 0.875 26
294 0.9375 38
295 0 26
295 0.0625 30
295 0.125 10
295 0.1875 21
295 0.25 16
295 0.3125 18
295 0.375 24
295 0.4375 10
295 0.5 14
295 0.5625 15
295 0.625 10
295 0.6875 17
295 0.75 31
295 0.8125 39
295 0.875 38
295 0.9375 48
296 0 35
296 0.0625 28
296 0.125 23
296 0.1875 18
296 0.25 29
296 0.3125 15
296 0.375 10
296 0.4375 21
296 0.5 8
296 0.5625 9
296 0.625 22
296 0.6875 15
296 0.75 24
296 0.8125 38
296 0.875 37
296 0.9375 34
297 0 28
297 0.0625 32
297 0.125 18
297 0.1875 23
297 0.25 11
297 0.3125 16
297 0.375 14
297 0.4375 13
297 0.5 6
297 0.5625 12
297 0.625 22
297 0.6875 17
297 0.75 19
297 0.8125 33
297 0.875 45
297 0.9375 30
298 0 42
298 0.0625 20
298 0.125 22
298 0.1875 11
298 0.25 8
298 0.3125 10
298 0.375 13
298 0.4375 10
298 0.5 16
298 0.5625 15
298 0.625 13
298 0.6875 28
298 0.75 38
298 0.8125 28
298 0.875 27
298 0.9375 31
299 0 33
299 0.0625 17
299 0.125 24
299 0.1875 20
299 0.25 9
299 0.3125 12
299 0.375 15
299 0.4375 11
299 0.5 10
299 0.5625 13
299 0.625 21
299 0.6875 15
299 0.75 27
299 0.8125 40
299 0.875 36
299 0.9375 29
300 0 36
300 0.0625 22
300 0.125 19
300 0.1875 22
300 0.25 15
300 0.3125 17
300 0.375 11
300 0.4375 13
300 0.5 13
300 0.5625 8
300 0.625 14
300 0.6875 23
300 0.75 24
300 0.8125 23
300 0.875 33
300 0.9375 31
