1 0 59
1 0.0625 44
1 0.125 42
1 0.1875 53
1 0.25 58
1 0.3125 57
1 0.375 35
1 0.4375 39
1 0.5 45
1 0.5625 38
1 0.625 41
1 0.6875 41
1 0.75 42
1 0.8125 58
1 0.875 47
1 0.9375 52
2 0 50
2 0.0625 61
2 0.125 50
2 0.1875 56
2 0.25 55
2 0.3125 48
2 0.375 39
2 0.4375 51
2 0.5 55
2 0.5625 54
2 0.625 43
2 0.6875 54
2 0.75 61
2 0.8125 53
2 0.875 59
2 0.9375 52
3 0 71
3 0.0625 57
3 0.125 58
3 0.1875 64
3 0.25 50
3 0.3125 55
3 0.375 48
3 0.4375 49
3 0.5 54
3 0.5625 68
3 0.625 53
3 0.6875 57
3 0.75 61
3 0.8125 65
3 0.875 64
3 0.9375 60
4 0 70
4 0.0625 52
4 0.125 60
4 0.1875 60
4 0.25 57
4 0.3125 67
4 0.375 62
4 0.4375 50
4 0.5 63
4 0.5625 57
4 0.625 60
4 0.6875 56
4 0.75 63
4 0.8125 64
4 0.875 59
4 0.9375 60
5 0 58
5 0.0625 68
5 0.125 86
5 0.1875 69
5 0.25 54
5 0.3125 81
5 0.375 58
5 0.4375 65
5 0.5 62
5 0.5625 58
5 0.625 58
5 0.6875 53
5 0.75 78
5 0.8125 56
5 0.875 64
5 0.9375 75
6 0 82
6 0.0625 70
6 0.125 66
6 0.1875 72
6 0.25 65
6 0.3125 90
6 0.375 72
6 0.4375 62
6 0.5 54
6 0.5625 74
6 0.625 63
6 0.6875 86
6 0.75 59
6 0.8125 64
6 0.875 70
6 0.9375 62
7 0 89
7 0.0625 70
7 0.125 76
7 0.1875 69
7 0.25 74
7 0.3125 94
7 0.375 71
7 0.4375 79
7 0.5 68
7 0.5625 56
7 0.625 68
7 0.6875 76
7 0.75 80
7 0.8125 63
7 0.875 74
7 0.9375 73
8 0 93
8 0.0625 82
8 0.125 90
8 0.1875 69
8 0.25 81
8 0.3125 82
8 0.375 78
8 0.4375 66
8 0.5 69
8 0.5625 69
8 0.625 76
8 0.6875 83
8 0.75 82
8 0.8125 76
8 0.875 77
8 0.9375 74
9 0 99
9 0.0625 97
9 0.125 79
9 0.1875 88
9 0.25 82
9 0.3125 71
9 0.375 97
9 0.4375 70
9 0.5 60
9 0.5625 74
9 0.625 107
9 0.6875 76
9 0.75 100
9 0.8125 85
9 0.875 65
9 0.9375 101
10 0 105
10 0.0625 83
10 0.125 118
10 0.1875 105
10 0.25 83
10 0.3125 97
10 0.375 84
10 0.4375 87
10 0.5 75
10 0.5625 94
10 0.625 87
10 0.6875 89
10 0.75 101
10 0.8125 120
10 0.875 102
10 0.9375 82
11 0 96
11 0.0625 120
11 0.125 98
11 0.1875 102
11 0.25 89
11 0.3125 98
11 0.375 96
11 0.4375 93
11 0.5 83
11 0.5625 81
11 0.625 90
11 0.6875 98
11 0.75 99
11 0.8125 106
11 0.875 101
11 0.9375 116
12 0 99
12 0.0625 131
12 0.125 121
12 0.1875 109
12 0.25 89
12 0.3125 79
12 0.375 97
12 0.4375 72
12 0.5 84
12 0.5625 89
12 0.625 92
12 0.6875 100
12 0.75 116
12 0.8125 109
12 0.875 132
12 0.9375 112
13 0 142
13 0.0625 130
13 0.125 99
13 0.1875 101
13 0.25 106
13 0.3125 103
13 0.375 105
13 0.4375 102
13 0.5 101
13 0.5625 115
13 0.625 107
13 0.6875 100
13 0.75 105
13 0.8125 111
13 0.875 108
13 0.9375 134
14 0 144
14 0.0625 138
14 0.125 122
14 0.1875 128
14 0.25 119
14 0.3125 95
14 0.375 116
14 0.4375 109
14 0.5 105
14 0.5625 98
14 0.625 90
14 0.6875 117
14 0.75 114
14 0.8125 118
14 0.875 137
14 0.9375 157
15 0 118
15 0.0625 141
15 0.125 118
15 0.1875 129
15 0.25 126
15 0.3125 108
15 0.375 117
15 0.4375 113
15 0.5 106
15 0.5625 115
15 0.625 108
15 0.6875 123
15 0.75 122
15 0.8125 116
15 0.875 126
15 0.9375 140
16 0 141
16 0.0625 124
16 0.125 123
16 0.1875 139
16 0.25 150
16 0.3125 103
16 0.375 118
16 0.4375 108
16 0.5 94
16 0.5625 109
16 0.625 113
16 0.6875 124
16 0.75 113
16 0.8125 142
16 0.875 146
16 0.9375 133
17 0 162
17 0.0625 150
17 0.125 144
17 0.1875 121
17 0.25 112
17 0.3125 122
17 0.375 98
17 0.4375 118
17 0.5 98
17 0.5625 90
17 0.625 89
17 0.6875 102
17 0.75 130
17 0.8125 132
17 0.875 150
17 0.9375 165
18 0 123
18 0.0625 130
18 0.125 112
18 0.1875 136
18 0.25 118
18 0.3125 108
18 0.375 116
18 0.4375 94
18 0.5 107
18 0.5625 100
18 0.625 102
18 0.6875 120
18 0.75 116
18 0.8125 146
18 0.875 135
18 0.9375 164
19 0 137
19 0.0625 145
19 0.125 145
19 0.1875 119
19 0.25 125
19 0.3125 124
19 0.375 103
19 0.4375 101
19 0.5 100
19 0.5625 102
19 0.625 89
19 0.6875 104
19 0.75 113
19 0.8125 128
19 0.875 139
19 0.9375 140
20 0 143
20 0.0625 132
20 0.125 132
20 0.1875 121
20 0.25 114
20 0.3125 89
20 0.375 80
20 0.4375 96
20 0.5 84
20 0.5625 89
20 0.625 93
20 0.6875 96
20 0.75 117
20 0.8125 133
20 0.875 144
20 0.9375 128
21 0 170
21 0.0625 117
21 0.125 128
21 0.1875 113
21 0.25 104
21 0.3125 107
21 0.375 97
21 0.4375 90
21 0.5 102
21 0.5625 100
21 0.625 78
21 0.6875 81
21 0.75 121
21 0.8125 126
21 0.875 116
21 0.9375 167
22 0 140
22 0.0625 139
22 0.125 119
22 0.1875 105
22 0.25 118
22 0.3125 82
22 0.375 88
22 0.4375 79
22 0.5 87
22 0.5625 85
22 0.625 87
22 0.6875 110
22 0.75 122
22 0.8125 123
22 0.875 135
22 0.9375 136
23 0 149
23 0.0625 135
23 0.125 144
23 0.1875 106
23 0.25 77
23 0.3125 105
23 0.375 85
23 0.4375 83
23 0.5 75
23 0.5625 76
23 0.625 97
23 0.6875 84
23 0.75 118
23 0.8125 107
23 0.875 136
23 0.9375 141
24 0 125
24 0.0625 115
24 0.125 118
24 0.1875 116
24 0.25 77
24 0.3125 101
24 0.375 85
24 0.4375 73
24 0.5 66
24 0.5625 82
24 0.625 82
24 0.6875 80
24 0.75 117
24 0.8125 117
24 0.875 130
24 0.9375 144
25 0 141
25 0.0625 139
25 0.125 135
25 0.1875 112
25 0.25 89
25 0.3125 97
25 0.375 83
25 0.4375 75
25 0.5 56
25 0.5625 88
25 0.625 77
25 0.6875 94
25 0.75 107
25 0.8125 110
25 0.875 134
25 0.9375 152
26 0 175
26 0.0625 127
26 0.125 125
26 0.1875 115
26 0.25 105
26 0.3125 90
26 0.375 70
26 0.4375 75
26 0.5 82
26 0.5625 87
26 0.625 77
26 0.6875 103
26 0.75 133
26 0.8125 128
26 0.875 140
26 0.9375 130
27 0 175
27 0.0625 140
27 0.125 118
27 0.1875 116
27 0.25 88
27 0.3125 80
27 0.375 89
27 0.4375 88
27 0.5 81
27 0.5625 77
27 0.625 83
27 0.6875 106
27 0.75 103
27 0.8125 116
27 0.875 134
27 0.9375 133
28 0 158
28 0.0625 148
28 0.125 143
28 0.1875 104
28 0.25 93
28 0.3125 90
28 0.375 79
28 0.4375 65
28 0.5 83
28 0.5625 72
28 0.625 66
28 0.6875 103
28 0.75 92
28 0.8125 136
28 0.875 151
28 0.9375 151
29 0 145
29 0.0625 137
29 0.125 141
29 0.1875 100
29 0.25 96
29 0.3125 88
29 0.375 93
29 0.4375 77
29 0.5 69
29 0.5625 77
29 0.625 79
29 0.6875 87
29 0.75 121
29 0.8125 155
29 0.875 182
29 0.9375 167
30 0 184
30 0.0625 134
30 0.125 120
30 0.1875 112
30 0.25 108
30 0.3125 90
30 0.375 70
30 0.4375 66
30 0.5 77
30 0.5625 90
30 0.625 66
30 0.6875 82
30 0.75 122
30 0.8125 134
30 0.875 149
30 0.9375 163
31 0 174
31 0.0625 133
31 0.125 111
31 0.1875 117
31 0.25 103
31 0.3125 85
31 0.375 83
31 0.4375 65
31 0.5 65
31 0.5625 70
31 0.625 76
31 0.6875 77
31 0.75 110
31 0.8125 116
31 0.875 140
31 0.9375 149
32 0 150
32 0.0625 142
32 0.125 152
32 0.1875 90
32 0.25 84
32 0.3125 91
32 0.375 81
32 0.4375 63
32 0.5 84
32 0.5625 66
32 0.625 72
32 0.6875 91
32 0.75 97
32 0.8125 132
32 0.875 148
32 0.9375 169
33 0 161
33 0.0625 134
33 0.125 130
33 0.1875 115
33 0.25 98
33 0.3125 65
33 0.375 68
33 0.4375 54
33 0.5 60
33 0.5625 67
33 0.625 77
33 0.6875 86
33 0.75 118
33 0.8125 131
33 0.875 148
33 0.9375 161
34 0 150
34 0.0625 143
34 0.125 130
34 0.1875 107
34 0.25 82
34 0.3125 78
34 0.375 64
34 0.4375 67
34 0.5 71
34 0.5625 68
34 0.625 75
34 0.6875 108
34 0.75 108
34 0.8125 133
34 0.875 161
34 0.9375 197
35 0 180
35 0.0625 140
35 0.125 115
35 0.1875 119
35 0.25 99
35 0.3125 77
35 0.375 72
35 0.4375 70
35 0.5 74
35 0.5625 58
35 0.625 62
35 0.6875 73
35 0.75 105
35 0.8125 144
35 0.875 159
35 0.9375 173
36 0 178
36 0.0625 135
36 0.125 131
36 0.1875 104
36 0.25 83
36 0.3125 72
36 0.375 61
36 0.4375 61
36 0.5 56
36 0.5625 78
36 0.625 73
36 0.6875 91
36 0.75 112
36 0.8125 118
36 0.875 163
36 0.9375 183
37 0 162
37 0.0625 165
37 0.125 124
37 0.1875 105
37 0.25 90
37 0.3125 97
37 0.375 64
37 0.4375 75
37 0.5 62
37 0.5625 52
37 0.625 70
37 0.6875 77
37 0.75 117
37 0.8125 127
37 0.875 168
37 0.9375 161
38 0 151
38 0.0625 162
38 0.125 117
38 0.1875 125
38 0.25 90
38 0.3125 68
38 0.375 64
38 0.4375 56
38 0.5 60
38 0.5625 77
38 0.625 53
38 0.6875 70
38 0.75 112
38 0.8125 142
38 0.875 153
38 0.9375 152
39 0 161
39 0.0625 163
39 0.125 124
39 0.1875 88
39 0.25 81
39 0.3125 82
39 0.375 67
39 0.4375 73
39 0.5 73
39 0.5625 67
39 0.625 64
39 0.6875 81
39 0.75 94
39 0.8125 138
39 0.875 164
39 0.9375 176
40 0 169
40 0.0625 158
40 0.125 135
40 0.1875 95
40 0.25 74
40 0.3125 56
40 0.375 61
40 0.4375 70
40 0.5 56
40 0.5625 73
40 0.625 76
40 0.6875 78
40 0.75 109
40 0.8125 110
40 0.875 156
40 0.9375 162
41 0 146
41 0.0625 123
41 0.125 129
41 0.1875 88
41 0.25 101
41 0.3125 75
41 0.375 55
41 0.4375 62
41 0.5 59
41 0.5625 57
41 0.625 57
41 0.6875 83
41 0.75 103
41 0.8125 143
41 0.875 170
41 0.9375 174
42 0 186
42 0.0625 139
42 0.125 106
42 0.1875 84
42 0.25 86
42 0.3125 67
42 0.375 78
42 0.4375 72
42 0.5 56
42 0.5625 58
42 0.625 65
42 0.6875 86
42 0.75 107
42 0.8125 116
42 0.875 160
42 0.9375 178
43 0 195
43 0.0625 134
43 0.125 112
43 0.1875 99
43 0.25 84
43 0.3125 75
43 0.375 63
43 0.4375 52
43 0.5 67
43 0.5625 55
43 0.625 55
43 0.6875 69
43 0.75 118
43 0.8125 143
43 0.875 175
43 0.9375 183
44 0 194
44 0.0625 142
44 0.125 116
44 0.1875 89
44 0.25 76
44 0.3125 62
44 0.375 62
44 0.4375 56
44 0.5 51
44 0.5625 45
44 0.625 67
44 0.6875 84
44 0.75 85
44 0.8125 144
44 0.875 157
44 0.9375 175
45 0 159
45 0.0625 126
45 0.125 126
45 0.1875 113
45 0.25 78
45 0.3125 61
45 0.375 59
45 0.4375 59
45 0.5 43
45 0.5625 53
45 0.625 59
45 0.6875 78
45 0.75 90
45 0.8125 126
45 0.875 137
45 0.9375 162
46 0 173
46 0.0625 137
46 0.125 123
46 0.1875 104
46 0.25 73
46 0.3125 57
46 0.375 58
46 0.4375 46
46 0.5 65
46 0.5625 52
46 0.625 63
46 0.6875 62
46 0.75 108
46 0.8125 132
46 0.875 151
46 0.9375 153
47 0 173
47 0.0625 140
47 0.125 102
47 0.1875 101
47 0.25 66
47 0.3125 74
47 0.375 42
47 0.4375 65
47 0.5 38
47 0.5625 56
47 0.625 59
47 0.6875 67
47 0.75 91
47 0.8125 115
47 0.875 141
47 0.9375 163
48 0 168
48 0.0625 153
48 0.125 109
48 0.1875 85
48 0.25 82
48 0.3125 78
48 0.375 61
48 0.4375 55
48 0.5 37
48 0.5625 46
48 0.625 49
48 0.6875 70
48 0.75 94
48 0.8125 124
48 0.875 143
48 0.9375 149
49 0 143
49 0.0625 134
49 0.125 129
49 0.1875 90
49 0.25 78
49 0.3125 62
49 0.375 55
49 0.4375 47
49 0.5 38
49 0.5625 44
49 0.625 48
49 0.6875 59
49 0.75 94
49 0.8125 131
49 0.875 161
49 0.9375 153
50 0 137
50 0.0625 147
50 0.125 119
50 0.1875 98
50 0.25 73
50 0.3125 62
50 0.375 40
50 0.4375 53
50 0.5 45
50 0.5625 46
50 0.625 63
50 0.6875 70
50 0.75 112
50 0.8125 120
50 0.875 167
50 0.9375 147
51 0 155
51 0.0625 138
51 0.125 107
51 0.1875 90
51 0.25 71
51 0.3125 68
51 0.375 54
51 0.4375 54
51 0.5 50
51 0.5625 40
51 0.625 53
51 0.6875 63
51 0.75 102
51 0.8125 154
51 0.875 152
51 0.9375 176
52 0 134
52 0.0625 157
52 0.125 98
52 0.1875 97
52 0.25 57
52 0.3125 51
52 0.375 49
52 0.4375 49
52 0.5 43
52 0.5625 43
52 0.625 43
52 0.6875 70
52 0.75 111
52 0.8125 112
52 0.875 156
52 0.9375 151
53 0 145
53 0.0625 159
53 0.125 117
53 0.1875 107
53 0.25 76
53 0.3125 52
53 0.375 44
53 0.4375 46
53 0.5 35
53 0.5625 47
53 0.625 48
53 0.6875 57
53 0.75 94
53 0.8125 136
53 0.875 151
53 0.9375 157
54 0 154
54 0.0625 145
54 0.125 118
54 0.1875 86
54 0.25 89
54 0.3125 50
54 0.375 40
54 0.4375 32
54 0.5 30
54 0.5625 46
54 0.625 48
54 0.6875 61
54 0.75 104
54 0.8125 125
54 0.875 124
54 0.9375 170
55 0 137
55 0.0625 140
55 0.125 111
55 0.1875 76
55 0.25 65
55 0.3125 50
55 0.375 49
55 0.4375 40
55 0.5 43
55 0.5625 58
55 0.625 59
55 0.6875 62
55 0.75 92
55 0.8125 109
55 0.875 160
55 0.9375 153
56 0 160
56 0.0625 131
56 0.125 99
56 0.1875 78
56 0.25 64
56 0.3125 60
56 0.375 43
56 0.4375 43
56 0.5 42
56 0.5625 38
56 0.625 50
56 0.6875 77
56 0.75 96
56 0.8125 133
56 0.875 116
56 0.9375 175
57 0 153
57 0.0625 137
57 0.125 108
57 0.1875 98
57 0.25 82
57 0.3125 59
57 0.375 43
57 0.4375 39
57 0.5 39
57 0.5625 38
57 0.625 39
57 0.6875 73
57 0.75 92
57 0.8125 118
57 0.875 149
57 0.9375 162
58 0 160
58 0.0625 131
58 0.125 103
58 0.1875 69
58 0.25 53
58 0.3125 57
58 0.375 53
58 0.4375 37
58 0.5 47
58 0.5625 34
58 0.625 37
58 0.6875 65
58 0.75 81
58 0.8125 119
58 0.875 147
58 0.9375 185
59 0 146
59 0.0625 132
59 0.125 143
59 0.1875 81
59 0.25 81
59 0.3125 48
59 0.375 51
59 0.4375 43
59 0.5 29
59 0.5625 40
59 0.625 42
59 0.6875 60
59 0.75 91
59 0.8125 147
59 0.875 167
59 0.9375 154
60 0 165
60 0.0625 116
60 0.125 106
60 0.1875 97
60 0.25 60
60 0.3125 50
60 0.375 49
60 0.4375 36
60 0.5 34
60 0.5625 46
60 0.625 55
60 0.6875 65
60 0.75 97
60 0.8125 125
60 0.875 142
60 0.9375 162
61 0 144
61 0.0625 147
61 0.125 109
61 0.1875 83
61 0.25 74
61 0.3125 52
61 0.375 41
61 0.4375 36
61 0.5 36
61 0.5625 48
61 0.625 47
61 0.6875 69
61 0.75 78
61 0.8125 123
61 0.875 170
61 0.9375 167
62 0 168
62 0.0625 116
62 0.125 114
62 0.1875 81
62 0.25 64
62 0.3125 55
62 0.375 42
62 0.4375 49
62 0.5 27
62 0.5625 39
62 0.625 47
62 0.6875 60
62 0.75 83
62 0.8125 130
62 0.875 137
62 0.9375 190
63 0 146
63 0.0625 147
63 0.125 116
63 0.1875 101
63 0.25 62
63 0.3125 44
63 0.375 33
63 0.4375 42
63 0.5 37
63 0.5625 41
63 0.625 45
63 0.6875 48
63 0.75 86
63 0.8125 118
63 0.875 128
63 0.9375 163
64 0 154
64 0.0625 125
64 0.125 103
64 0.1875 69
64 0.25 79
64 0.3125 58
64 0.375 28
64 0.4375 47
64 0.5 28
64 0.5625 36
64 0.625 43
64 0.6875 68
64 0.75 93
64 0.8125 107
64 0.875 148
64 0.9375 151
65 0 127
65 0.0625 147
65 0.125 102
65 0.1875 81
65 0.25 49
65 0.3125 47
65 0.375 47
65 0.4375 38
65 0.5 41
65 0.5625 30
65 0.625 55
65 0.6875 64
65 0.75 100
65 0.8125 133
65 0.875 128
65 0.9375 166
66 0 152
66 0.0625 135
66 0.125 132
66 0.1875 89
66 0.25 59
66 0.3125 40
66 0.375 34
66 0.4375 27
66 0.5 44
66 0.5625 41
66 0.625 41
66 0.6875 64
66 0.75 81
66 0.8125 123
66 0.875 155
66 0.9375 151
67 0 168
67 0.0625 130
67 0.125 94
67 0.1875 96
67 0.25 59
67 0.3125 39
67 0.375 45
67 0.4375 37
67 0.5 46
67 0.5625 40
67 0.625 55
67 0.6875 69
67 0.75 92
67 0.8125 126
67 0.875 165
67 0.9375 165
68 0 167
68 0.0625 146
68 0.125 91
68 0.1875 73
68 0.25 72
68 0.3125 41
68 0.375 47
68 0.4375 33
68 0.5 36
68 0.5625 40
68 0.625 33
68 0.6875 61
68 0.75 97
68 0.8125 125
68 0.875 164
68 0.9375 161
69 0 151
69 0.0625 161
69 0.125 116
69 0.1875 73
69 0.25 51
69 0.3125 48
69 0.375 35
69 0.4375 28
69 0.5 29
69 0.5625 31
69 0.625 39
69 0.6875 55
69 0.75 77
69 0.8125 132
69 0.875 142
69 0.9375 152
70 0 157
70 0.0625 125
70 0.125 131
70 0.1875 64
70 0.25 62
70 0.3125 48
70 0.375 49
70 0.4375 27
70 0.5 30
70 0.5625 45
70 0.625 54
70 0.6875 58
70 0.75 92
70 0.8125 123
70 0.875 128
70 0.9375 175
71 0 154
71 0.0625 128
71 0.125 111
71 0.1875 89
71 0.25 60
71 0.3125 48
71 0.375 30
71 0.4375 28
71 0.5 34
71 0.5625 32
71 0.625 40
71 0.6875 54
71 0.75 84
71 0.8125 122
71 0.875 152
71 0.9375 167
72 0 143
72 0.0625 145
72 0.125 91
72 0.1875 76
72 0.25 51
72 0.3125 56
72 0.375 37
72 0.4375 37
72 0.5 29
72 0.5625 20
72 0.625 23
72 0.6875 51
72 0.75 95
72 0.8125 134
72 0.875 141
72 0.9375 166
73 0 148
73 0.0625 122
73 0.125 95
73 0.1875 67
73 0.25 51
73 0.3125 42
73 0.375 38
73 0.4375 29
73 0.5 26
73 0.5625 39
73 0.625 27
73 0.6875 55
73 0.75 97
73 0.8125 130
73 0.875 133
73 0.9375 174
74 0 150
74 0.0625 146
74 0.125 104
74 0.1875 71
74 0.25 72
74 0.3125 51
74 0.375 28
74 0.4375 35
74 0.5 22
74 0.5625 29
74 0.625 46
74 0.6875 57
74 0.75 83
74 0.8125 97
74 0.875 123
74 0.9375 151
75 0 135
75 0.0625 126
75 0.125 99
75 0.1875 68
75 0.25 51
75 0.3125 36
75 0.375 36
75 0.4375 34
75 0.5 31
75 0.5625 33
75 0.625 39
75 0.6875 38
75 0.75 92
75 0.8125 93
75 0.875 161
75 0.9375 164
76 0 154
76 0.0625 135
76 0.125 96
76 0.1875 83
76 0.25 58
76 0.3125 53
76 0.375 32
76 0.4375 28
76 0.5 39
76 0.5625 29
76 0.625 42
76 0.6875 57
76 0.75 80
76 0.8125 103
76 0.875 126
76 0.9375 139
77 0 165
77 0.0625 127
77 0.125 104
77 0.1875 83
77 0.25 47
77 0.3125 53
77 0.375 39
77 0.4375 29
77 0.5 31
77 0.5625 20
77 0.625 39
77 0.6875 32
77 0.75 87
77 0.8125 119
77 0.875 142
77 0.9375 137
78 0 167
78 0.0625 130
78 0.125 92
78 0.1875 79
78 0.25 42
78 0.3125 45
78 0.375 35
78 0.4375 32
78 0.5 22
78 0.5625 23
78 0.625 25
78 0.6875 52
78 0.75 88
78 0.8125 111
78 0.875 148
78 0.9375 162
79 0 165
79 0.0625 135
79 0.125 96
79 0.1875 71
79 0.25 50
79 0.3125 36
79 0.375 24
79 0.4375 27
79 0.5 15
79 0.5625 31
79 0.625 40
79 0.6875 65
79 0.75 77
79 0.8125 106
79 0.875 142
79 0.9375 163
80 0 158
80 0.0625 118
80 0.125 91
80 0.1875 66
80 0.25 46
80 0.3125 36
80 0.375 34
80 0.4375 37
80 0.5 28
80 0.5625 25
80 0.625 31
80 0.6875 49
80 0.75 103
80 0.8125 89
80 0.875 150
80 0.9375 150
81 0 137
81 0.0625 119
81 0.125 86
81 0.1875 60
81 0.25 60
81 0.3125 40
81 0.375 30
81 0.4375 29
81 0.5 29
81 0.5625 31
81 0.625 35
81 0.6875 54
81 0.75 83
81 0.8125 110
81 0.875 107
81 0.9375 128
82 0 148
82 0.0625 116
82 0.125 81
82 0.1875 60
82 0.25 55
82 0.3125 54
82 0.375 34
82 0.4375 26
82 0.5 30
82 0.5625 27
82 0.625 35
82 0.6875 53
82 0.75 79
82 0.8125 108
82 0.875 151
82 0.9375 160
83 0 153
83 0.0625 127
83 0.125 106
83 0.1875 75
83 0.25 48
83 0.3125 34
83 0.375 43
83 0.4375 33
83 0.5 32
83 0.5625 25
83 0.625 45
83 0.6875 52
83 0.75 92
83 0.8125 108
83 0.875 118
83 0.9375 130
84 0 127
84 0.0625 106
84 0.125 108
84 0.1875 58
84 0.25 45
84 0.3125 32
84 0.375 23
84 0.4375 36
84 0.5 31
84 0.5625 28
84 0.625 26
84 0.6875 56
84 0.75 87
84 0.8125 94
84 0.875 126
84 0.9375 138
85 0 121
85 0.0625 107
85 0.125 99
85 0.1875 66
85 0.25 44
85 0.3125 32
85 0.375 24
85 0.4375 29
85 0.5 24
85 0.5625 23
85 0.625 37
85 0.6875 39
85 0.75 79
85 0.8125 102
85 0.875 139
85 0.9375 132
86 0 144
86 0.0625 115
86 0.125 85
86 0.1875 60
86 0.25 49
86 0.3125 53
86 0.375 33
86 0.4375 32
86 0.5 14
86 0.5625 22
86 0.625 22
86 0.6875 38
86 0.75 80
86 0.8125 112
86 0.875 134
86 0.9375 134
87 0 116
87 0.0625 108
87 0.125 85
87 0.1875 63
87 0.25 64
87 0.3125 25
87 0.375 25
87 0.4375 38
87 0.5 19
87 0.5625 21
87 0.625 15
87 0.6875 48
87 0.75 71
87 0.8125 91
87 0.875 105
87 0.9375 157
88 0 126
88 0.0625 111
88 0.125 68
88 0.1875 74
88 0.25 45
88 0.3125 42
88 0.375 28
88 0.4375 26
88 0.5 27
88 0.5625 18
88 0.625 33
88 0.6875 51
88 0.75 78
88 0.8125 107
88 0.875 119
88 0.9375 139
89 0 116
89 0.0625 104
89 0.125 78
89 0.1875 65
89 0.25 42
89 0.3125 36
89 0.375 26
89 0.4375 23
89 0.5 19
89 0.5625 23
89 0.625 24
89 0.6875 50
89 0.75 78
89 0.8125 113
89 0.875 141
89 0.9375 144
90 0 132
90 0.0625 112
90 0.125 97
90 0.1875 71
90 0.25 34
90 0.3125 29
90 0.375 23
90 0.4375 33
90 0.5 19
90 0.5625 21
90 0.625 26
90 0.6875 46
90 0.75 69
90 0.8125 97
90 0.875 135
90 0.9375 141
91 0 120
91 0.0625 120
91 0.125 78
91 0.1875 66
91 0.25 50
91 0.3125 36
91 0.375 26
91 0.4375 21
91 0.5 26
91 0.5625 23
91 0.625 26
91 0.6875 46
91 0.75 82
91 0.8125 119
91 0.875 130
91 0.9375 143
92 0 138
92 0.0625 107
92 0.125 82
92 0.1875 77
92 0.25 45
92 0.3125 44
92 0.375 36
92 0.4375 32
92 0.5 17
92 0.5625 23
92 0.625 29
92 0.6875 35
92 0.75 65
92 0.8125 122
92 0.875 116
92 0.9375 145
93 0 130
93 0.0625 106
93 0.125 94
93 0.1875 60
93 0.25 34
93 0.3125 30
93 0.375 17
93 0.4375 23
93 0.5 26
93 0.5625 22
93 0.625 26
93 0.6875 55
93 0.75 88
93 0.8125 91
93 0.875 140
93 0.9375 126
94 0 133
94 0.0625 106
94 0.125 91
94 0.1875 62
94 0.25 41
94 0.3125 29
94 0.375 29
94 0.4375 29
94 0.5 16
94 0.5625 24
94 0.625 22
94 0.6875 36
94 0.75 77
94 0.8125 100
94 0.875 139
94 0.9375 139
95 0 132
95 0.0625 116
95 0.125 74
95 0.1875 57
95 0.25 38
95 0.3125 29
95 0.375 28
95 0.4375 18
95 0.5 24
95 0.5625 26
95 0.625 24
95 0.6875 43
95 0.75 71
95 0.8125 105
95 0.875 133
95 0.9375 127
96 0 126
96 0.0625 95
96 0.125 74
96 0.1875 59
96 0.25 40
96 0.3125 33
96 0.375 29
96 0.4375 21
96 0.5 23
96 0.5625 24
96 0.625 20
96 0.6875 39
96 0.75 92
96 0.8125 102
96 0.875 118
96 0.9375 137
97 0 126
97 0.0625 115
97 0.125 77
97 0.1875 63
97 0.25 42
97 0.3125 26
97 0.375 34
97 0.4375 16
97 0.5 10
97 0.5625 18
97 0.625 36
97 0.6875 43
97 0.75 63
97 0.8125 86
97 0.875 120
97 0.9375 125
98 0 103
98 0.0625 104
98 0.125 74
98 0.1875 58
98 0.25 44
98 0.3125 28
98 0.375 22
98 0.4375 27
98 0.5 19
98 0.5625 18
98 0.625 31
98 0.6875 41
98 0.75 75
98 0.8125 101
98 0.875 108
98 0.9375 125
99 0 128
99 0.0625 99
99 0.125 79
99 0.1875 44
99 0.25 46
99 0.3125 22
99 0.375 20
99 0.4375 21
99 0.5 17
99 0.5625 20
99 0.625 26
99 0.6875 34
99 0.75 70
99 0.8125 97
99 0.875 118
99 0.9375 117
100 0 121
100 0.0625 87
100 0.125 76
100 0.1875 64
100 0.25 39
100 0.3125 31
100 0.375 22
100 0.4375 22
100 0.5 14
100 0.5625 17
100 0.625 32
100 0.6875 48
100 0.75 74
100 0.8125 99
100 0.875 119
100 0.9375 128
101 0 113
101 0.0625 88
101 0.125 79
101 0.1875 50
101 0.25 33
101 0.3125 19
101 0.375 20
101 0.4375 27
101 0.5 14
101 0.5625 13
101 0.625 30
101 0.6875 48
101 0.75 50
101 0.8125 110
101 0.875 110
101 0.9375 142
102 0 125
102 0.0625 90
102 0.125 54
102 0.1875 41
102 0.25 37
102 0.3125 26
102 0.375 22
102 0.4375 19
102 0.5 22
102 0.5625 16
102 0.625 24
102 0.6875 38
102 0.75 67
102 0.8125 83
102 0.875 103
102 0.9375 135
103 0 127
103 0.0625 104
103 0.125 58
103 0.1875 53
103 0.25 42
103 0.3125 28
103 0.375 22
103 0.4375 16
103 0.5 19
103 0.5625 11
103 0.625 28
103 0.6875 40
103 0.75 62
103 0.8125 98
103 0.875 123
103 0.9375 130
104 0 121
104 0.0625 100
104 0.125 64
104 0.1875 60
104 0.25 34
104 0.3125 28
104 0.375 23
104 0.4375 21
104 0.5 18
104 0.5625 20
104 0.625 18
104 0.6875 37
104 0.75 71
104 0.8125 90
104 0.875 108
104 0.9375 119
105 0 113
105 0.0625 87
105 0.125 73
105 0.1875 45
105 0.25 34
105 0.3125 32
105 0.375 23
105 0.4375 18
105 0.5 15
105 0.5625 24
105 0.625 23
105 0.6875 52
105 0.75 59
105 0.8125 78
105 0.875 123
105 0.9375 130
106 0 115
106 0.0625 104
106 0.125 65
106 0.1875 56
106 0.25 41
106 0.3125 26
106 0.375 26
106 0.4375 17
106 0.5 23
106 0.5625 15
106 0.625 23
106 0.6875 34
106 0.75 61
106 0.8125 98
106 0.875 124
106 0.9375 117
107 0 114
107 0.0625 92
107 0.125 72
107 0.1875 40
107 0.25 25
107 0.3125 23
107 0.375 20
107 0.4375 17
107 0.5 11
107 0.5625 16
107 0.625 20
107 0.6875 39
107 0.75 51
107 0.8125 92
107 0.875 119
107 0.9375 112
108 0 118
108 0.0625 79
108 0.125 54
108 0.1875 52
108 0.25 38
108 0.3125 26
108 0.375 25
108 0.4375 19
108 0.5 18
108 0.5625 14
108 0.625 16
108 0.6875 42
108 0.75 66
108 0.8125 97
108 0.875 109
108 0.9375 99
109 0 110
109 0.0625 97
109 0.125 64
109 0.1875 39
109 0.25 31
109 0.3125 37
109 0.375 9
109 0.4375 9
109 0.5 15
109 0.5625 21
109 0.625 16
109 0.6875 36
109 0.75 57
109 0.8125 98
109 0.875 109
109 0.9375 123
110 0 113
110 0.0625 72
110 0.125 60
110 0.1875 51
110 0.25 36
110 0.3125 24
110 0.375 19
110 0.4375 15
110 0.5 18
110 0.5625 14
110 0.625 22
110 0.6875 48
110 0.75 49
110 0.8125 84
110 0.875 96
110 0.9375 95
111 0 89
111 0.0625 74
111 0.125 67
111 0.1875 49
111 0.25 29
111 0.3125 18
111 0.375 16
111 0.4375 14
111 0.5 13
111 0.5625 12
111 0.625 22
111 0.6875 44
111 0.75 56
111 0.8125 87
111 0.875 117
111 0.9375 93
112 0 119
112 0.0625 99
112 0.125 81
112 0.1875 37
112 0.25 33
112 0.3125 21
112 0.375 20
112 0.4375 17
112 0.5 20
112 0.5625 15
112 0.625 20
112 0.6875 41
112 0.75 54
112 0.8125 91
112 0.875 101
112 0.9375 110
113 0 95
113 0.0625 87
113 0.125 65
113 0.1875 31
113 0.25 35
113 0.3125 20
113 0.375 16
113 0.4375 20
113 0.5 15
113 0.5625 15
113 0.625 16
113 0.6875 30
113 0.75 71
113 0.8125 95
113 0.875 95
113 0.9375 118
114 0 109
114 0.0625 77
114 0.125 64
114 0.1875 45
114 0.25 21
114 0.3125 26
114 0.375 20
114 0.4375 11
114 0.5 17
114 0.5625 14
114 0.625 27
114 0.6875 31
114 0.75 57
114 0.8125 98
114 0.875 99
114 0.9375 113
115 0 79
115 0.0625 92
115 0.125 58
115 0.1875 48
115 0.25 21
115 0.3125 22
115 0.375 22
115 0.4375 27
115 0.5 11
115 0.5625 17
115 0.625 27
115 0.6875 34
115 0.75 65
115 0.8125 68
115 0.875 99
115 0.9375 88
116 0 106
116 0.0625 78
116 0.125 53
116 0.1875 48
116 0.25 22
116 0.3125 30
116 0.375 20
116 0.4375 15
116 0.5 11
116 0.5625 14
116 0.625 17
116 0.6875 35
116 0.75 49
116 0.8125 73
116 0.875 83
116 0.9375 100
117 0 109
117 0.0625 83
117 0.125 70
117 0.1875 38
117 0.25 34
117 0.3125 11
117 0.375 20
117 0.4375 14
117 0.5 17
117 0.5625 20
117 0.625 20
117 0.6875 40
117 0.75 52
117 0.8125 94
117 0.875 90
117 0.9375 98
118 0 84
118 0.0625 94
118 0.125 59
118 0.1875 35
118 0.25 23
118 0.3125 12
118 0.375 23
118 0.4375 23
118 0.5 12
118 0.5625 10
118 0.625 12
118 0.6875 34
118 0.75 57
118 0.8125 77
118 0.875 100
118 0.9375 92
119 0 84
119 0.0625 74
119 0.125 64
119 0.1875 36
119 0.25 30
119 0.3125 27
119 0.375 10
119 0.4375 16
119 0.5 14
119 0.5625 14
119 0.625 18
119 0.6875 38
119 0.75 59
119 0.8125 80
119 0.875 83
119 0.9375 122
120 0 92
120 0.0625 71
120 0.125 48
120 0.1875 41
120 0.25 29
120 0.3125 19
120 0.375 23
120 0.4375 13
120 0.5 13
120 0.5625 15
120 0.625 20
120 0.6875 30
120 0.75 52
120 0.8125 83
120 0.875 89
120 0.9375 107
121 0 98
121 0.0625 70
121 0.125 61
121 0.1875 49
121 0.25 20
121 0.3125 25
121 0.375 19
121 0.4375 17
121 0.5 14
121 0.5625 13
121 0.625 17
121 0.6875 29
121 0.75 50
121 0.8125 78
121 0.875 85
121 0.9375 108
122 0 105
122 0.0625 76
122 0.125 63
122 0.1875 38
122 0.25 30
122 0.3125 17
122 0.375 19
122 0.4375 22
122 0.5 14
122 0.5625 8
122 0.625 19
122 0.6875 22
122 0.75 53
122 0.8125 73
122 0.875 99
122 0.9375 111
123 0 69
123 0.0625 85
123 0.125 43
123 0.1875 40
123 0.25 16
123 0.3125 20
123 0.375 12
123 0.4375 17
123 0.5 12
123 0.5625 22
123 0.625 25
123 0.6875 21
123 0.75 55
123 0.8125 74
123 0.875 84
123 0.9375 92
124 0 89
124 0.0625 64
124 0.125 49
124 0.1875 39
124 0.25 30
124 0.3125 20
124 0.375 18
124 0.4375 8
124 0.5 8
124 0.5625 18
124 0.625 19
124 0.6875 25
124 0.75 60
124 0.8125 61
124 0.875 78
124 0.9375 86
125 0 75
125 0.0625 85
125 0.125 46
125 0.1875 38
125 0.25 25
125 0.3125 21
125 0.375 8
125 0.4375 16
125 0.5 12
125 0.5625 20
125 0.625 18
125 0.6875 26
125 0.75 53
125 0.8125 81
125 0.875 87
125 0.9375 97
126 0 92
126 0.0625 64
126 0.125 53
126 0.1875 32
126 0.25 22
126 0.3125 16
126 0.375 13
126 0.4375 13
126 0.5 9
126 0.5625 15
126 0.625 23
126 0.6875 39
126 0.75 48
126 0.8125 63
126 0.875 82
126 0.9375 82
127 0 103
127 0.0625 73
127 0.125 65
127 0.1875 38
127 0.25 23
127 0.3125 14
127 0.375 15
127 0.4375 17
127 0.5 9
127 0.5625 14
127 0.625 19
127 0.6875 30
127 0.75 60
127 0.8125 86
127 0.875 93
127 0.9375 80
128 0 89
128 0.0625 61
128 0.125 49
128 0.1875 37
128 0.25 17
128 0.3125 13
128 0.375 16
128 0.4375 18
128 0.5 11
128 0.5625 9
128 0.625 17
128 0.6875 24
128 0.75 53
128 0.8125 79
128 0.875 82
128 0.9375 83
129 0 74
129 0.0625 61
129 0.125 46
129 0.1875 26
129 0.25 24
129 0.3125 11
129 0.375 14
129 0.4375 14
129 0.5 10
129 0.5625 16
129 0.625 17
129 0.6875 21
129 0.75 53
129 0.8125 70
129 0.875 92
129 0.9375 85
130 0 99
130 0.0625 66
130 0.125 61
130 0.1875 26
130 0.25 25
130 0.3125 21
130 0.375 12
130 0.4375 9
130 0.5 18
130 0.5625 16
130 0.625 22
130 0.6875 26
130 0.75 36
130 0.8125 59
130 0.875 81
130 0.9375 98
131 0 90
131 0.0625 77
131 0.125 36
131 0.1875 40
131 0.25 27
131 0.3125 22
131 0.375 15
131 0.4375 15
131 0.5 17
131 0.5625 16
131 0.625 16
131 0.6875 32
131 0.75 44
131 0.8125 67
131 0.875 90
131 0.9375 90
132 0 88
132 0.0625 68
132 0.125 39
132 0.1875 37
132 0.25 30
132 0.3125 15
132 0.375 14
132 0.4375 8
132 0.5 14
132 0.5625 9
132 0.625 20
132 0.6875 32
132 0.75 47
132 0.8125 65
132 0.875 66
132 0.9375 72
133 0 75
133 0.0625 55
133 0.125 58
133 0.1875 32
133 0.25 18
133 0.3125 18
133 0.375 8
133 0.4375 10
133 0.5 13
133 0.5625 16
133 0.625 12
133 0.6875 27
133 0.75 54
133 0.8125 64
133 0.875 74
133 0.9375 92
134 0 74
134 0.0625 73
134 0.125 42
134 0.1875 25
134 0.25 26
134 0.3125 10
134 0.375 10
134 0.4375 10
134 0.5 8
134 0.5625 10
134 0.625 18
134 0.6875 29
134 0.75 48
134 0.8125 59
134 0.875 67
134 0.9375 75
135 0 80
135 0.0625 71
135 0.125 36
135 0.1875 41
135 0.25 33
135 0.3125 24
135 0.375 12
135 0.4375 11
135 0.5 7
135 0.5625 19
135 0.625 11
135 0.6875 27
135 0.75 38
135 0.8125 57
135 0.875 75
135 0.9375 92
136 0 76
136 0.0625 66
136 0.125 51
136 0.1875 26
136 0.25 20
136 0.3125 17
136 0.375 6
136 0.4375 14
136 0.5 7
136 0.5625 17
136 0.625 15
136 0.6875 30
136 0.75 47
136 0.8125 68
136 0.875 68
136 0.9375 74
137 0 76
137 0.0625 64
137 0.125 40
137 0.1875 30
137 0.25 33
137 0.3125 10
137 0.375 15
137 0.4375 11
137 0.5 15
137 0.5625 5
137 0.625 20
137 0.6875 22
137 0.75 48
137 0.8125 58
137 0.875 65
137 0.9375 76
138 0 67
138 0.0625 59
138 0.125 39
138 0.1875 30
138 0.25 22
138 0.3125 18
138 0.375 20
138 0.4375 18
138 0.5 11
138 0.5625 14
138 0.625 23
138 0.6875 18
138 0.75 41
138 0.8125 62
138 0.875 62
138 0.9375 78
139 0 71
139 0.0625 58
139 0.125 56
139 0.1875 34
139 0.25 23
139 0.3125 16
139 0.375 13
139 0.4375 15
139 0.5 13
139 0.5625 9
139 0.625 15
139 0.6875 27
139 0.75 52
139 0.8125 58
139 0.875 79
139 0.9375 71
140 0 62
140 0.0625 57
140 0.125 26
140 0.1875 31
140 0.25 23
140 0.3125 11
140 0.375 14
140 0.4375 13
140 0.5 10
140 0.5625 11
140 0.625 13
140 0.6875 21
140 0.75 45
140 0.8125 52
140 0.875 62
140 0.9375 81
141 0 75
141 0.0625 55
141 0.125 32
141 0.1875 26
141 0.25 19
141 0.3125 15
141 0.375 8
141 0.4375 13
141 0.5 13
141 0.5625 10
141 0.625 9
141 0.6875 30
141 0.75 40
141 0.8125 58
141 0.875 72
141 0.9375 76
142 0 72
142 0.0625 61
142 0.125 41
142 0.1875 32
142 0.25 15
142 0.3125 9
142 0.375 16
142 0.4375 5
142 0.5 14
142 0.5625 11
142 0.625 15
142 0.6875 35
142 0.75 52
142 0.8125 62
142 0.875 70
142 0.9375 76
143 0 57
143 0.0625 64
143 0.125 36
143 0.1875 30
143 0.25 22
143 0.3125 24
143 0.375 11
143 0.4375 8
143 0.5 19
143 0.5625 11
143 0.625 10
143 0.6875 24
143 0.75 36
143 0.8125 73
143 0.875 70
143 0.9375 78
144 0 58
144 0.0625 51
144 0.125 34
144 0.1875 32
144 0.25 17
144 0.3125 16
144 0.375 10
144 0.4375 15
144 0.5 6
144 0.5625 17
144 0.625 11
144 0.6875 21
144 0.75 37
144 0.8125 61
144 0.875 68
144 0.9375 76
145 0 65
145 0.0625 55
145 0.125 42
145 0.1875 35
145 0.25 18
145 0.3125 14
145 0.375 10
145 0.4375 10
145 0.5 12
145 0.5625 14
145 0.625 19
145 0.6875 29
145 0.75 54
145 0.8125 49
145 0.875 68
145 0.9375 67
146 0 58
146 0.0625 53
146 0.125 33
146 0.1875 35
146 0.25 15
146 0.3125 16
146 0.375 14
146 0.4375 13
146 0.5 13
146 0.5625 12
146 0.625 16
146 0.6875 21
146 0.75 32
146 0.8125 55
146 0.875 67
146 0.9375 72
147 0 73
147 0.0625 59
147 0.125 35
147 0.1875 27
147 0.25 15
147 0.3125 12
147 0.375 13
147 0.4375 7
147 0.5 11
147 0.5625 13
147 0.625 12
147 0.6875 26
147 0.75 43
147 0.8125 47
147 0.875 62
147 0.9375 50
148 0 48
148 0.0625 60
148 0.125 33
148 0.1875 25
148 0.25 25
148 0.3125 9
148 0.375 13
148 0.4375 12
148 0.5 5
148 0.5625 12
148 0.625 21
148 0.6875 21
148 0.75 43
148 0.8125 45
148 0.875 63
148 0.9375 56
149 0 56
149 0.0625 46
149 0.125 33
149 0.1875 23
149 0.25 19
149 0.3125 10
149 0.375 11
149 0.4375 4
149 0.5 9
149 0.5625 6
149 0.625 11
149 0.6875 24
149 0.75 28
149 0.8125 51
149 0.875 52
149 0.9375 58
150 0 62
150 0.0625 50
150 0.125 27
150 0.1875 19
150 0.25 17
150 0.3125 9
150 0.375 12
150 0.4375 14
150 0.5 17
150 0.5625 6
150 0.625 13
150 0.6875 23
150 0.75 27
150 0.8125 53
150 0.875 58
150 0.9375 66
151 0 50
151 0.0625 32
151 0.125 38
151 0.1875 29
151 0.25 20
151 0.3125 10
151 0.375 6
151 0.4375 7
151 0.5 6
151 0.5625 9
151 0.625 10
151 0.6875 13
151 0.75 38
151 0.8125 49
151 0.875 61
151 0.9375 65
152 0 51
152 0.0625 49
152 0.125 31
152 0.1875 26
152 0.25 26
152 0.3125 13
152 0.375 10
152 0.4375 10
152 0.5 13
152 0.5625 15
152 0.625 9
152 0.6875 23
152 0.75 35
152 0.8125 44
152 0.875 56
152 0.9375 60
153 0 63
153 0.0625 45
153 0.125 30
153 0.1875 27
153 0.25 22
153 0.3125 16
153 0.375 16
153 0.4375 8
153 0.5 6
153 0.5625 9
153 0.625 12
153 0.6875 20
153 0.75 38
153 0.8125 56
153 0.875 52
153 0.9375 60
154 0 47
154 0.0625 36
154 0.125 31
154 0.1875 16
154 0.25 6
154 0.3125 14
154 0.375 9
154 0.4375 13
154 0.5 5
154 0.5625 4
154 0.625 17
154 0.6875 25
154 0.75 26
154 0.8125 48
154 0.875 68
154 0.9375 57
155 0 50
155 0.0625 45
155 0.125 24
155 0.1875 23
155 0.25 18
155 0.3125 15
155 0.375 12
155 0.4375 5
155 0.5 4
155 0.5625 12
155 0.625 15
155 0.6875 14
155 0.75 36
155 0.8125 43
155 0.875 66
155 0.9375 66
156 0 47
156 0.0625 48
156 0.125 34
156 0.1875 24
156 0.25 14
156 0.3125 12
156 0.375 8
156 0.4375 3
156 0.5 5
156 0.5625 9
156 0.625 11
156 0.6875 22
156 0.75 41
156 0.8125 46
156 0.875 48
156 0.9375 52
157 0 47
157 0.0625 50
157 0.125 27
157 0.1875 11
157 0.25 10
157 0.3125 9
157 0.375 16
157 0.4375 6
157 0.5 9
157 0.5625 9
157 0.625 17
157 0.6875 18
157 0.75 37
157 0.8125 47
157 0.875 62
157 0.9375 55
158 0 54
158 0.0625 36
158 0.125 34
158 0.1875 21
158 0.25 23
158 0.3125 8
158 0.375 12
158 0.4375 9
158 0.5 9
158 0.5625 11
158 0.625 11
158 0.6875 24
158 0.75 32
158 0.8125 57
158 0.875 64
158 0.9375 53
159 0 56
159 0.0625 40
159 0.125 28
159 0.1875 19
159 0.25 17
159 0.3125 9
159 0.375 14
159 0.4375 7
159 0.5 5
159 0.5625 8
159 0.625 9
159 0.6875 15
159 0.75 32
159 0.8125 47
159 0.875 43
159 0.9375 52
160 0 45
160 0.0625 45
160 0.125 37
160 0.1875 14
160 0.25 10
160 0.3125 15
160 0.375 15
160 0.4375 7
160 0.5 11
160 0.5625 10
160 0.625 17
160 0.6875 16
160 0.75 27
160 0.8125 39
160 0.875 72
160 0.9375 47
161 0 46
161 0.0625 45
161 0.125 34
161 0.1875 26
161 0.25 13
161 0.3125 7
161 0.375 9
161 0.4375 5
161 0.5 4
161 0.5625 4
161 0.625 12
161 0.6875 13
161 0.75 36
161 0.8125 40
161 0.875 53
161 0.9375 72
162 0 46
162 0.0625 48
162 0.125 25
162 0.1875 12
162 0.25 20
162 0.3125 11
162 0.375 11
162 0.4375 8
162 0.5 4
162 0.5625 8
162 0.625 10
162 0.6875 20
162 0.75 27
162 0.8125 36
162 0.875 41
162 0.9375 54
163 0 51
163 0.0625 30
163 0.125 21
163 0.1875 16
163 0.25 16
163 0.3125 20
163 0.375 8
163 0.4375 12
163 0.5 7
163 0.5625 6
163 0.625 8
163 0.6875 19
163 0.75 29
163 0.8125 46
163 0.875 43
163 0.9375 51
164 0 54
164 0.0625 28
164 0.125 25
164 0.1875 19
164 0.25 10
164 0.3125 6
164 0.375 12
164 0.4375 10
164 0.5 9
164 0.5625 12
164 0.625 6
164 0.6875 20
164 0.75 27
164 0.8125 37
164 0.875 34
164 0.9375 39
165 0 41
165 0.0625 29
165 0.125 18
165 0.1875 24
165 0.25 10
165 0.3125 11
165 0.375 2
165 0.4375 4
165 0.5 5
165 0.5625 10
165 0.625 6
165 0.6875 19
165 0.75 27
165 0.8125 44
165 0.875 57
165 0.9375 46
166 0 53
166 0.0625 36
166 0.125 17
166 0.1875 14
166 0.25 8
166 0.3125 13
166 0.375 10
166 0.4375 10
166 0.5 11
166 0.5625 10
166 0.625 3
166 0.6875 21
166 0.75 31
166 0.8125 59
166 0.875 43
166 0.9375 64
167 0 41
167 0.0625 46
167 0.125 29
167 0.1875 13
167 0.25 19
167 0.3125 20
167 0.375 9
167 0.4375 9
167 0.5 4
167 0.5625 8
167 0.625 8
167 0.6875 19
167 0.75 30
167 0.8125 41
167 0.875 42
167 0.9375 48
168 0 60
168 0.0625 31
168 0.125 21
168 0.1875 22
168 0.25 21
168 0.3125 10
168 0.375 4
168 0.4375 8
168 0.5 5
168 0.5625 7
168 0.625 6
168 0.6875 14
168 0.75 17
168 0.8125 48
168 0.875 40
168 0.9375 50
169 0 31
169 0.0625 45
169 0.125 19
169 0.1875 19
169 0.25 9
169 0.3125 11
169 0.375 17
169 0.4375 5
169 0.5 10
169 0.5625 7
169 0.625 8
169 0.6875 10
169 0.75 24
169 0.8125 34
169 0.875 39
169 0.9375 52
170 0 50
170 0.0625 23
170 0.125 27
170 0.1875 15
170 0.25 14
170 0.3125 12
170 0.375 9
170 0.4375 9
170 0.5 12
170 0.5625 13
170 0.625 7
170 0.6875 18
170 0.75 32
170 0.8125 42
170 0.875 43
170 0.9375 40
171 0 34
171 0.0625 33
171 0.125 17
171 0.1875 25
171 0.25 13
171 0.3125 8
171 0.375 11
171 0.4375 7
171 0.5 12
171 0.5625 5
171 0.625 8
171 0.6875 20
171 0.75 39
171 0.8125 35
171 0.875 41
171 0.9375 44
172 0 32
172 0.0625 39
172 0.125 30
172 0.1875 16
172 0.25 9
172 0.3125 12
172 0.375 6
172 0.4375 3
172 0.5 7
172 0.5625 5
172 0.625 6
172 0.6875 18
172 0.75 31
172 0.8125 24
172 0.875 57
172 0.9375 48
173 0 53
173 0.0625 27
173 0.125 26
173 0.1875 23
173 0.25 17
173 0.3125 9
173 0.375 9
173 0.4375 6
173 0.5 9
173 0.5625 5
173 0.625 8
173 0.6875 11
173 0.75 24
173 0.8125 40
173 0.875 45
173 0.9375 39
174 0 45
174 0.0625 27
174 0.125 24
174 0.1875 19
174 0.25 19
174 0.3125 7
174 0.375 10
174 0.4375 6
174 0.5 6
174 0.5625 7
174 0.625 7
174 0.6875 14
174 0.75 19
174 0.8125 35
174 0.875 38
174 0.9375 49
175 0 46
175 0.0625 33
175 0.125 20
175 0.1875 19
175 0.25 15
175 0.3125 10
175 0.375 11
175 0.4375 9
175 0.5 6
175 0.5625 7
175 0.625 6
175 0.6875 18
175 0.75 23
175 0.8125 34
175 0.875 46
175 0.9375 45
176 0 42
176 0.0625 31
176 0.125 23
176 0.1875 21
176 0.25 10
176 0.3125 6
176 0.375 8
176 0.4375 12
176 0.5 8
176 0.5625 12
176 0.625 9
176 0.6875 13
176 0.75 23
176 0.8125 32
176 0.875 38
176 0.9375 43
177 0 39
177 0.0625 18
177 0.125 20
177 0.1875 22
177 0.25 15
177 0.3125 11
177 0.375 11
177 0.4375 5
177 0.5 4
177 0.5625 3
177 0.625 9
177 0.6875 14
177 0.75 23
177 0.8125 33
177 0.875 33
177 0.9375 49
178 0 36
178 0.0625 29
178 0.125 24
178 0.1875 11
178 0.25 9
178 0.3125 6
178 0.375 6
178 0.4375 7
178 0.5 4
178 0.5625 6
178 0.625 14
178 0.6875 24
178 0.75 29
178 0.8125 33
178 0.875 43
178 0.9375 35
179 0 30
179 0.0625 28
179 0.125 20
179 0.1875 18
179 0.25 11
179 0.3125 14
179 0.375 7
179 0.4375 6
179 0.5 7
179 0.5625 5
179 0.625 7
179 0.6875 14
179 0.75 20
179 0.8125 30
179 0.875 41
179 0.9375 37
180 0 31
180 0.0625 19
180 0.125 15
180 0.1875 10
180 0.25 12
180 0.3125 7
180 0.375 5
180 0.4375 7
180 0.5 7
180 0.5625 10
180 0.625 12
180 0.6875 11
180 0.75 22
180 0.8125 34
180 0.875 33
180 0.9375 33
181 0 35
181 0.0625 25
181 0.125 30
181 0.1875 15
181 0.25 13
181 0.3125 12
181 0.375 6
181 0.4375 2
181 0.5 10
181 0.5625 7
181 0.625 12
181 0.6875 12
181 0.75 19
181 0.8125 28
181 0.875 31
181 0.9375 35
182 0 37
182 0.0625 31
182 0.125 17
182 0.1875 12
182 0.25 8
182 0.3125 7
182 0.375 4
182 0.4375 4
182 0.5 6
182 0.5625 7
182 0.625 1
182 0.6875 13
182 0.75 18
182 0.8125 29
182 0.875 27
182 0.9375 32
183 0 19
183 0.0625 36
183 0.125 20
183 0.1875 10
183 0.25 11
183 0.3125 6
183 0.375 8
183 0.4375 4
183 0.5 6
183 0.5625 4
183 0.625 5
183 0.6875 14
183 0.75 22
183 0.8125 28
183 0.875 34
183 0.9375 37
184 0 22
184 0.0625 27
184 0.125 20
184 0.1875 7
184 0.25 12
184 0.3125 10
184 0.375 5
184 0.4375 8
184 0.5 5
184 0.5625 3
184 0.625 8
184 0.6875 11
184 0.75 23
184 0.8125 36
184 0.875 53
184 0.9375 31
185 0 23
185 0.0625 27
185 0.125 17
185 0.1875 13
185 0.25 10
185 0.3125 4
185 0.375 5
185 0.4375 4
185 0.5 4
185 0.5625 8
185 0.625 10
185 0.6875 15
185 0.75 15
185 0.8125 24
185 0.875 28
185 0.9375 31
186 0 33
186 0.0625 21
186 0.125 15
186 0.1875 8
186 0.25 9
186 0.3125 5
186 0.375 6
186 0.4375 6
186 0.5 7
186 0.5625 6
186 0.625 8
186 0.6875 14
186 0.75 21
186 0.8125 28
186 0.875 35
186 0.9375 24
187 0 31
187 0.0625 20
187 0.125 20
187 0.1875 14
187 0.25 12
187 0.3125 6
187 0.375 7
187 0.4375 4
187 0.5 8
187 0.5625 7
187 0.625 10
187 0.6875 4
187 0.75 18
187 0.8125 27
187 0.875 24
187 0.9375 23
188 0 35
188 0.0625 18
188 0.125 17
188 0.1875 11
188 0.25 9
188 0.3125 6
188 0.375 8
188 0.4375 3
188 0.5 5
188 0.5625 4
188 0.625 4
188 0.6875 12
188 0.75 18
188 0.8125 29
188 0.875 35
188 0.9375 23
189 0 18
189 0.0625 21
189 0.125 14
189 0.1875 12
189 0.25 8
189 0.3125 4
189 0.375 6
189 0.4375 8
189 0.5 2
189 0.5625 8
189 0.625 7
189 0.6875 12
189 0.75 13
189 0.8125 27
189 0.875 26
189 0.9375 25
190 0 36
190 0.0625 14
190 0.125 16
190 0.1875 9
190 0.25 17
190 0.3125 8
190 0.375 2
190 0.4375 7
190 0.5 7
190 0.5625 7
190 0.625 1
190 0.6875 14
190 0.75 21
190 0.8125 28
190 0.875 35
190 0.9375 35
191 0 29
191 0.0625 16
191 0.125 15
191 0.1875 8
191 0.25 6
191 0.3125 8
191 0.375 3
191 0.4375 9
191 0.5 5
191 0.5625 7
191 0.625 9
191 0.6875 14
191 0.75 18
191 0.8125 18
191 0.875 37
191 0.9375 37
192 0 28
192 0.0625 23
192 0.125 13
192 0.1875 7
192 0.25 8
192 0.3125 6
192 0.375 11
192 0.4375 3
192 0.5 2
192 0.5625 7
192 0.625 10
192 0.6875 10
192 0.75 19
192 0.8125 35
192 0.875 25
192 0.9375 31
193 0 27
193 0.0625 27
193 0.125 15
193 0.1875 11
193 0.25 8
193 0.3125 7
193 0.375 8
193 0.4375 7
193 0.5 4
193 0.5625 5
193 0.625 6
193 0.6875 7
193 0.75 20
193 0.8125 33
193 0.875 34
193 0.9375 22
194 0 25
194 0.0625 22
194 0.125 17
194 0.1875 11
194 0.25 12
194 0.3125 12
194 0.375 4
194 0.4375 5
194 0.5 3
194 0.5625 6
194 0.625 3
194 0.6875 9
194 0.75 22
194 0.8125 25
194 0.875 24
194 0.9375 34
195 0 15
195 0.0625 21
195 0.125 12
195 0.1875 7
195 0.25 5
195 0.3125 6
195 0.375 2
195 0.4375 3
195 0.5 8
195 0.5625 5
195 0.625 2
195 0.6875 18
195 0.75 21
195 0.8125 18
195 0.875 29
195 0.9375 36
196 0 33
196 0.0625 24
196 0.125 18
196 0.1875 9
196 0.25 8
196 0.3125 7
196 0.375 8
196 0.4375 8
196 0.5 8
196 0.5625 8
196 0.625 6
196 0.6875 6
196 0.75 19
196 0.8125 19
196 0.875 27
196 0.9375 28
197 0 21
197 0.0625 17
197 0.125 17
197 0.1875 17
197 0.25 7
197 0.3125 6
197 0.375 6
197 0.4375 6
197 0.5 7
197 0.5625 3
197 0.625 8
197 0.6875 13
197 0.75 15
197 0.8125 23
197 0.875 22
197 0.9375 27
198 0 17
198 0.0625 26
198 0.125 20
198 0.1875 14
198 0.25 6
198 0.3125 11
198 0.375 8
198 0.4375 3
198 0.5 4
198 0.5625 1
198 0.625 4
198 0.6875 12
198 0.75 15
198 0.8125 24
198 0.875 35
198 0.9375 36
199 0 30
199 0.0625 26
199 0.125 18
199 0.1875 8
199 0.25 4
199 0.3125 5
199 0.375 4
199 0.4375 3
199 0.5 10
199 0.5625 6
199 0.625 3
199 0.6875 12
199 0.75 15
199 0.8125 21
199 0.875 28
199 0.9375 17
200 0 17
200 0.0625 18
200 0.125 12
200 0.1875 11
200 0.25 7
200 0.3125 8
200 0.375 8
200 0.4375 8
200 0.5 5
200 0.5625 4
200 0.625 11
200 0.6875 10
200 0.75 16
200 0.8125 23
200 0.875 26
200 0.9375 30
201 0 19
201 0.0625 18
201 0.125 15
201 0.1875 12
201 0.25 12
201 0.3125 6
201 0.375 3
201 0.4375 4
201 0.5 7
201 0.5625 9
201 0.625 7
201 0.6875 6
201 0.75 8
201 0.8125 16
201 0.875 22
201 0.9375 18
202 0 35
202 0.0625 14
202 0.125 11
202 0.1875 7
202 0.25 9
202 0.3125 6
202 0.375 10
202 0.4375 5
202 0.5 8
202 0.5625 7
202 0.625 10
202 0.6875 17
202 0.75 13
202 0.8125 26
202 0.875 25
202 0.9375 18
203 0 18
203 0.0625 19
203 0.125 10
203 0.1875 10
203 0.25 8
203 0.3125 4
203 0.375 5
203 0.4375 3
203 0.5 6
203 0.5625 7
203 0.625 4
203 0.6875 12
203 0.75 10
203 0.8125 21
203 0.875 21
203 0.9375 27
204 0 20
204 0.0625 13
204 0.125 17
204 0.1875 6
204 0.25 10
204 0.3125 6
204 0.375 5
204 0.4375 2
204 0.5 5
204 0.5625 3
204 0.625 7
204 0.6875 8
204 0.75 16
204 0.8125 17
204 0.875 22
204 0.9375 18
205 0 27
205 0.0625 14
205 0.125 9
205 0.1875 7
205 0.25 8
205 0.3125 2
205 0.375 6
205 0.4375 4
205 0.5 3
205 0.5625 6
205 0.625 4
205 0.6875 5
205 0.75 22
205 0.8125 19
205 0.875 24
205 0.9375 33
206 0 24
206 0.0625 14
206 0.125 8
206 0.1875 7
206 0.25 7
206 0.3125 6
206 0.375 4
206 0.4375 3
206 0.5 3
206 0.5625 1
206 0.625 3
206 0.6875 14
206 0.75 13
206 0.8125 16
206 0.875 23
206 0.9375 25
207 0 17
207 0.0625 11
207 0.125 12
207 0.1875 10
207 0.25 5
207 0.3125 8
207 0.375 2
207 0.4375 5
207 0.5 5
207 0.5625 7
207 0.625 6
207 0.6875 9
207 0.75 9
207 0.8125 25
207 0.875 26
207 0.9375 26
208 0 18
208 0.0625 12
208 0.125 8
208 0.1875 8
208 0.25 8
208 0.3125 5
208 0.375 4
208 0.4375 7
208 0.5 5
208 0.5625 3
208 0.625 4
208 0.6875 12
208 0.75 10
208 0.8125 14
208 0.875 24
208 0.9375 19
209 0 19
209 0.0625 10
209 0.125 6
209 0.1875 13
209 0.25 3
209 0.3125 2
209 0.375 1
209 0.4375 4
209 0.5 4
209 0.5625 5
209 0.625 4
209 0.6875 7
209 0.75 14
209 0.8125 18
209 0.875 15
209 0.9375 21
210 0 15
210 0.0625 17
210 0.125 10
210 0.1875 9
210 0.25 4
210 0.3125 5
210 0.375 4
210 0.4375 4
210 0.5 5
210 0.5625 2
210 0.625 11
210 0.6875 10
210 0.75 10
210 0.8125 14
210 0.875 14
210 0.9375 19
211 0 21
211 0.0625 19
211 0.125 15
211 0.1875 5
211 0.25 3
211 0.3125 4
211 0.375 1
211 0.4375 3
211 0.5 3
211 0.5625 7
211 0.625 5
211 0.6875 3
211 0.75 10
211 0.8125 18
211 0.875 11
211 0.9375 13
212 0 11
212 0.0625 6
212 0.125 8
212 0.1875 7
212 0.25 8
212 0.3125 4
212 0.375 5
212 0.4375 5
212 0.5 5
212 0.5625 3
212 0.625 7
212 0.6875 10
212 0.75 9
212 0.8125 14
212 0.875 16
212 0.9375 22
213 0 17
213 0.0625 15
213 0.125 6
213 0.1875 7
213 0.25 2
213 0.3125 6
213 0.375 5
213 0.4375 3
213 0.5 5
213 0.5625 5
213 0.625 1
213 0.6875 5
213 0.75 10
213 0.8125 14
213 0.875 13
213 0.9375 20
214 0 11
214 0.0625 8
214 0.125 7
214 0.1875 3
214 0.25 3
214 0.3125 3
214 0.375 4
214 0.4375 2
214 0.5 3
214 0.5625 5
214 0.625 5
214 0.6875 2
214 0.75 3
214 0.8125 16
214 0.875 16
214 0.9375 10
215 0 10
215 0.0625 8
215 0.125 12
215 0.1875 4
215 0.25 4
215 0.3125 0
215 0.375 0
215 0.4375 1
215 0.5 1
215 0.5625 4
215 0.625 1
215 0.6875 5
215 0.75 8
215 0.8125 14
215 0.875 19
215 0.9375 10
216 0 10
216 0.0625 8
216 0.125 5
216 0.1875 5
216 0.25 3
216 0.3125 4
216 0.375 4
216 0.4375 3
216 0.5 5
216 0.5625 5
216 0.625 3
216 0.6875 4
216 0.75 10
216 0.8125 14
216 0.875 22
216 0.9375 20
217 0 16
217 0.0625 8
217 0.125 8
217 0.1875 5
217 0.25 3
217 0.3125 5
217 0.375 1
217 0.4375 3
217 0.5 4
217 0.5625 4
217 0.625 4
217 0.6875 6
217 0.75 13
217 0.8125 8
217 0.875 20
217 0.9375 14
218 0 9
218 0.0625 6
218 0.125 8
218 0.1875 3
218 0.25 3
218 0.3125 2
218 0.375 4
218 0.4375 4
218 0.5 2
218 0.5625 0
218 0.625 0
218 0.6875 4
218 0.75 8
218 0.8125 12
218 0.875 9
218 0.9375 7
219 0 9
219 0.0625 8
219 0.125 7
219 0.1875 3
219 0.25 9
219 0.3125 3
219 0.375 3
219 0.4375 1
219 0.5 5
219 0.5625 1
219 0.625 1
219 0.6875 3
219 0.75 4
219 0.8125 5
219 0.875 12
219 0.9375 6
220 0 8
220 0.0625 4
220 0.125 1
220 0.1875 3
220 0.25 5
220 0.3125 1
220 0.375 3
220 0.4375 5
220 0.5 1
220 0.5625 6
220 0.625 1
220 0.6875 4
220 0.75 6
220 0.8125 11
220 0.875 10
220 0.9375 12
221 0 11
221 0.0625 9
221 0.125 1
221 0.1875 4
221 0.25 1
221 0.3125 4
221 0.375 1
221 0.4375 3
221 0.5 4
221 0.5625 3
221 0.625 0
221 0.6875 3
221 0.75 6
221 0.8125 5
221 0.875 16
221 0.9375 13
222 0 13
222 0.0625 7
222 0.125 1
222 0.1875 0
222 0.25 5
222 0.3125 3
222 0.375 0
222 0.4375 0
222 0.5 0
222 0.5625 1
222 0.625 2
222 0.6875 4
222 0.75 6
222 0.8125 9
222 0.875 9
222 0.9375 9
223 0 7
223 0.0625 5
223 0.125 2
223 0.1875 2
223 0.25 1
223 0.3125 2
223 0.375 2
223 0.4375 1
223 0.5 2
223 0.5625 2
223 0.625 3
223 0.6875 6
223 0.75 8
223 0.8125 12
223 0.875 13
223 0.9375 12
224 0 6
224 0.0625 7
224 0.125 9
224 0.1875 3
224 0.25 1
224 0.3125 1
224 0.375 2
224 0.4375 3
224 0.5 2
224 0.5625 2
224 0.625 3
224 0.6875 3
224 0.75 5
224 0.8125 6
224 0.875 6
224 0.9375 10
225 0 7
225 0.0625 9
225 0.125 2
225 0.1875 3
225 0.25 3
225 0.3125 2
225 0.375 4
225 0.4375 2
225 0.5 3
225 0.5625 1
225 0.625 3
225 0.6875 7
225 0.75 2
225 0.8125 13
225 0.875 16
225 0.9375 11
226 0 6
226 0.0625 8
226 0.125 7
226 0.1875 4
226 0.25 3
226 0.3125 2
226 0.375 1
226 0.4375 4
226 0.5 2
226 0.5625 2
226 0.625 2
226 0.6875 3
226 0.75 7
226 0.8125 2
226 0.875 13
226 0.9375 13
227 0 4
227 0.0625 7
227 0.125 4
227 0.1875 4
227 0.25 3
227 0.3125 3
227 0.375 3
227 0.4375 3
227 0.5 1
227 0.5625 1
227 0.625 3
227 0.6875 2
227 0.75 5
227 0.8125 11
227 0.875 5
227 0.9375 9
228 0 10
228 0.0625 5
228 0.125 6
228 0.1875 4
228 0.25 5
228 0.3125 3
228 0.375 3
228 0.4375 2
228 0.5 3
228 0.5625 3
228 0.625 2
228 0.6875 5
228 0.75 6
228 0.8125 4
228 0.875 7
228 0.9375 14
229 0 11
229 0.0625 7
229 0.125 3
229 0.1875 2
229 0.25 1
229 0.3125 3
229 0.375 1
229 0.4375 3
229 0.5 0
229 0.5625 7
229 0.625 4
229 0.6875 5
229 0.75 7
229 0.8125 5
229 0.875 6
229 0.9375 7
230 0 9
230 0.0625 10
230 0.125 5
230 0.1875 2
230 0.25 3
230 0.3125 2
230 0.375 3
230 0.4375 1
230 0.5 4
230 0.5625 4
230 0.625 4
230 0.6875 5
230 0.75 7
230 0.8125 8
230 0.875 8
230 0.9375 6
231 0 10
231 0.0625 9
231 0.125 2
231 0.1875 4
231 0.25 4
231 0.3125 1
231 0.375 1
231 0.4375 2
231 0.5 1
231 0.5625 0
231 0.625 1
231 0.6875 6
231 0.75 12
231 0.8125 20
231 0.875 8
231 0.9375 13
232 0 6
232 0.0625 9
232 0.125 1
232 0.1875 2
232 0.25 1
232 0.3125 2
232 0.375 1
232 0.4375 2
232 0.5 1
232 0.5625 4
232 0.625 5
232 0.6875 5
232 0.75 5
232 0.8125 15
232 0.875 10
232 0.9375 8
233 0 13
233 0.0625 5
233 0.125 10
233 0.1875 4
233 0.25 3
233 0.3125 0
233 0.375 3
233 0.4375 1
233 0.5 4
233 0.5625 3
233 0.625 4
233 0.6875 4
233 0.75 7
233 0.8125 6
233 0.875 9
233 0.9375 7
234 0 6
234 0.0625 3
234 0.125 3
234 0.1875 4
234 0.25 3
234 0.3125 3
234 0.375 2
234 0.4375 4
234 0.5 3
234 0.5625 1
234 0.625 3
234 0.6875 6
234 0.75 3
234 0.8125 7
234 0.875 9
234 0.9375 9
235 0 8
235 0.0625 5
235 0.125 3
235 0.1875 3
235 0.25 2
235 0.3125 2
235 0.375 2
235 0.4375 2
235 0.5 0
235 0.5625 2
235 0.625 1
235 0.6875 4
235 0.75 9
235 0.8125 8
235 0.875 11
235 0.9375 11
236 0 9
236 0.0625 4
236 0.125 3
236 0.1875 2
236 0.25 6
236 0.3125 3
236 0.375 3
236 0.4375 1
236 0.5 4
236 0.5625 2
236 0.625 1
236 0.6875 6
236 0.75 10
236 0.8125 7
236 0.875 10
236 0.9375 7
237 0 5
237 0.0625 5
237 0.125 6
237 0.1875 7
237 0.25 2
237 0.3125 2
237 0.375 3
237 0.4375 2
237 0.5 3
237 0.5625 2
237 0.625 2
237 0.6875 5
237 0.75 4
237 0.8125 9
237 0.875 5
237 0.9375 7
238 0 9
238 0.0625 2
238 0.125 1
238 0.1875 6
238 0.25 3
238 0.3125 3
238 0.375 4
238 0.4375 2
238 0.5 1
238 0.5625 1
238 0.625 2
238 0.6875 4
238 0.75 10
238 0.8125 7
238 0.875 9
238 0.9375 8
239 0 5
239 0.0625 5
239 0.125 4
239 0.1875 2
239 0.25 2
239 0.3125 1
239 0.375 1
239 0.4375 3
239 0.5 2
239 0.5625 1
239 0.625 2
239 0.6875 5
239 0.75 5
239 0.8125 10
239 0.875 8
239 0.9375 11
240 0 7
240 0.0625 4
240 0.125 4
240 0.1875 2
240 0.25 4
240 0.3125 2
240 0.375 2
240 0.4375 0
240 0.5 1
240 0.5625 3
240 0.625 5
240 0.6875 10
240 0.75 7
240 0.8125 9
240 0.875 6
240 0.9375 14
241 0 5
241 0.0625 10
241 0.125 6
241 0.1875 6
241 0.25 3
241 0.3125 1
241 0.375 0
241 0.4375 2
241 0.5 2
241 0.5625 3
241 0.625 5
241 0.6875 7
241 0.75 4
241 0.8125 8
241 0.875 6
241 0.9375 5
242 0 8
242 0.0625 6
242 0.125 7
242 0.1875 3
242 0.25 2
242 0.3125 2
242 0.375 0
242 0.4375 3
242 0.5 2
242 0.5625 4
242 0.625 3
242 0.6875 0
242 0.75 8
242 0.8125 7
242 0.875 7
242 0.9375 11
243 0 5
243 0.0625 7
243 0.125 2
243 0.1875 2
243 0.25 2
243 0.3125 1
243 0.375 2
243 0.4375 0
243 0.5 1
243 0.5625 1
243 0.625 1
243 0.6875 2
243 0.75 1
243 0.8125 5
243 0.875 8
243 0.9375 5
244 0 10
244 0.0625 4
244 0.125 2
244 0.1875 1
244 0.25 4
244 0.3125 4
244 0.375 8
244 0.4375 4
244 0.5 0
244 0.5625 0
244 0.625 2
244 0.6875 2
244 0.75 1
244 0.8125 8
244 0.875 7
244 0.9375 9
245 0 6
245 0.0625 12
245 0.125 4
245 0.1875 2
245 0.25 2
245 0.3125 4
245 0.375 1
245 0.4375 1
245 0.5 2
245 0.5625 3
245 0.625 1
245 0.6875 5
245 0.75 7
245 0.8125 10
245 0.875 7
245 0.9375 15
246 0 7
246 0.0625 5
246 0.125 4
246 0.1875 1
246 0.25 5
246 0.3125 1
246 0.375 0
246 0.4375 3
246 0.5 1
246 0.5625 3
246 0.625 2
246 0.6875 4
246 0.75 7
246 0.8125 5
246 0.875 11
246 0.9375 7
247 0 5
247 0.0625 4
247 0.125 6
247 0.1875 3
247 0.25 1
247 0.3125 1
247 0.375 3
247 0.4375 1
247 0.5 2
247 0.5625 0
247 0.625 4
247 0.6875 2
247 0.75 5
247 0.8125 7
247 0.875 9
247 0.9375 4
248 0 3
248 0.0625 2
248 0.125 2
248 0.1875 2
248 0.25 2
248 0.3125 1
248 0.375 0
248 0.4375 0
248 0.5 2
248 0.5625 3
248 0.625 2
248 0.6875 5
248 0.75 5
248 0.8125 4
248 0.875 7
248 0.9375 6
249 0 6
249 0.0625 3
249 0.125 4
249 0.1875 5
249 0.25 0
249 0.3125 3
249 0.375 0
249 0.4375 1
249 0.5 2
249 0.5625 2
249 0.625 3
249 0.6875 9
249 0.75 4
249 0.8125 4
249 0.875 11
249 0.9375 4
250 0 6
250 0.0625 9
250 0.125 4
250 0.1875 3
250 0.25 1
250 0.3125 2
250 0.375 2
250 0.4375 4
250 0.5 2
250 0.5625 1
250 0.625 5
250 0.6875 7
250 0.75 2
250 0.8125 2
250 0.875 6
250 0.9375 14
251 0 10
251 0.0625 4
251 0.125 5
251 0.1875 2
251 0.25 2
251 0.3125 6
251 0.375 1
251 0.4375 1
251 0.5 4
251 0.5625 2
251 0.625 2
251 0.6875 3
251 0.75 6
251 0.8125 6
251 0.875 10
251 0.9375 6
252 0 8
252 0.0625 5
252 0.125 3
252 0.1875 3
252 0.25 4
252 0.3125 1
252 0.375 3
252 0.4375 2
252 0.5 1
252 0.5625 1
252 0.625 4
252 0.6875 2
252 0.75 7
252 0.8125 6
252 0.875 3
252 0.9375 7
253 0 5
253 0.0625 2
253 0.125 2
253 0.1875 7
253 0.25 2
253 0.3125 0
253 0.375 2
253 0.4375 4
253 0.5 1
253 0.5625 1
253 0.625 4
253 0.6875 1
253 0.75 3
253 0.8125 3
253 0.875 11
253 0.9375 8
254 0 5
254 0.0625 4
254 0.125 1
254 0.1875 1
254 0.25 3
254 0.3125 0
254 0.375 2
254 0.4375 0
254 0.5 0
254 0.5625 1
254 0.625 2
254 0.6875 5
254 0.75 4
254 0.8125 5
254 0.875 7
254 0.9375 7
255 0 8
255 0.0625 7
255 0.125 1
255 0.1875 4
255 0.25 3
255 0.3125 1
255 0.375 0
255 0.4375 2
255 0.5 3
255 0.5625 1
255 0.625 1
255 0.6875 2
255 0.75 5
255 0.8125 8
255 0.875 1
255 0.9375 6
256 0 2
256 0.0625 5
256 0.125 3
256 0.1875 2
256 0.25 6
256 0.3125 1
256 0.375 0
256 0.4375 1
256 0.5 3
256 0.5625 2
256 0.625 3
256 0.6875 3
256 0.75 1
256 0.8125 3
256 0.875 1
256 0.9375 7
257 0 4
257 0.0625 8
257 0.125 2
257 0.1875 6
257 0.25 3
257 0.3125 1
257 0.375 4
257 0.4375 2
257 0.5 0
257 0.5625 2
257 0.625 4
257 0.6875 4
257 0.75 9
257 0.8125 6
257 0.875 11
257 0.9375 7
258 0 7
258 0.0625 3
258 0.125 0
258 0.1875 0
258 0.25 5
258 0.3125 0
258 0.375 3
258 0.4375 0
258 0.5 1
258 0.5625 1
258 0.625 1
258 0.6875 2
258 0.75 1
258 0.8125 6
258 0.875 8
258 0.9375 6
259 0 6
259 0.0625 2
259 0.125 5
259 0.1875 2
259 0.25 1
259 0.3125 3
259 0.375 2
259 0.4375 0
259 0.5 5
259 0.5625 2
259 0.625 4
259 0.6875 3
259 0.75 6
259 0.8125 3
259 0.875 11
259 0.9375 4
260 0 6
260 0.0625 1
260 0.125 2
260 0.1875 3
260 0.25 4
260 0.3125 3
260 0.375 0
260 0.4375 0
260 0.5 3
260 0.5625 3
260 0.625 2
260 0.6875 3
260 0.75 5
260 0.8125 5
260 0.875 12
260 0.9375 6
261 0 4
261 0.0625 3
261 0.125 3
261 0.1875 3
261 0.25 0
261 0.3125 2
261 0.375 0
261 0.4375 1
261 0.5 4
261 0.5625 0
261 0.625 1
261 0.6875 3
261 0.75 2
261 0.8125 5
261 0.875 6
261 0.9375 8
262 0 8
262 0.0625 3
262 0.125 3
262 0.1875 1
262 0.25 0
262 0.3125 1
262 0.375 2
262 0.4375 3
262 0.5 1
262 0.5625 3
262 0.625 1
262 0.6875 2
262 0.75 6
262 0.8125 7
262 0.875 7
262 0.9375 4
263 0 8
263 0.0625 5
263 0.125 1
263 0.1875 4
263 0.25 4
263 0.3125 2
263 0.375 1
263 0.4375 3
263 0.5 2
263 0.5625 1
263 0.625 1
263 0.6875 4
263 0.75 3
263 0.8125 4
263 0.875 8
263 0.9375 8
264 0 4
264 0.0625 6
264 0.125 2
264 0.1875 6
264 0.25 3
264 0.3125 0
264 0.375 1
264 0.4375 2
264 0.5 1
264 0.5625 2
264 0.625 0
264 0.6875 0
264 0.75 3
264 0.8125 5
264 0.875 4
264 0.9375 5
265 0 6
265 0.0625 6
265 0.125 4
265 0.1875 3
265 0.25 3
265 0.3125 0
265 0.375 3
265 0.4375 1
265 0.5 4
265 0.5625 2
265 0.625 0
265 0.6875 4
265 0.75 4
265 0.8125 2
265 0.875 6
265 0.9375 8
266 0 8
266 0.0625 8
266 0.125 1
266 0.1875 2
266 0.25 0
266 0.3125 0
266 0.375 3
266 0.4375 1
266 0.5 2
266 0.5625 0
266 0.625 2
266 0.6875 2
266 0.75 6
266 0.8125 3
266 0.875 7
266 0.9375 5
267 0 6
267 0.0625 6
267 0.125 4
267 0.1875 2
267 0.25 1
267 0.3125 1
267 0.375 1
267 0.4375 0
267 0.5 3
267 0.5625 0
267 0.625 1
267 0.6875 1
267 0.75 3
267 0.8125 1
267 0.875 3
267 0.9375 10
268 0 3
268 0.0625 2
268 0.125 4
268 0.1875 3
268 0.25 1
268 0.3125 2
268 0.375 0
268 0.4375 1
268 0.5 1
268 0.5625 1
268 0.625 1
268 0.6875 2
268 0.75 1
268 0.8125 1
268 0.875 6
268 0.9375 7
269 0 1
269 0.0625 3
269 0.125 2
269 0.1875 1
269 0.25 0
269 0.3125 0
269 0.375 1
269 0.4375 2
269 0.5 0
269 0.5625 1
269 0.625 3
269 0.6875 1
269 0.75 4
269 0.8125 5
269 0.875 3
269 0.9375 5
270 0 3
270 0.0625 2
270 0.125 1
270 0.1875 2
270 0.25 1
270 0.3125 5
270 0.375 3
270 0.4375 5
270 0.5 1
270 0.5625 1
270 0.625 0
270 0.6875 0
270 0.75 3
270 0.8125 4
270 0.875 2
270 0.9375 6
271 0 2
271 0.0625 4
271 0.125 2
271 0.1875 3
271 0.25 3
271 0.3125 0
271 0.375 2
271 0.4375 0
271 0.5 1
271 0.5625 4
271 0.625 2
271 0.6875 5
271 0.75 2
271 0.8125 6
271 0.875 2
271 0.9375 7
272 0 5
272 0.0625 3
272 0.125 2
272 0.1875 0
272 0.25 2
272 0.3125 2
272 0.375 2
272 0.4375 2
272 0.5 1
272 0.5625 3
272 0.625 5
272 0.6875 4
272 0.75 3
272 0.8125 4
272 0.875 1
272 0.9375 3
273 0 3
273 0.0625 2
273 0.125 2
273 0.1875 1
273 0.25 4
273 0.3125 1
273 0.375 1
273 0.4375 0
273 0.5 0
273 0.5625 1
273 0.625 1
273 0.6875 5
273 0.75 4
273 0.8125 6
273 0.875 5
273 0.9375 9
274 0 3
274 0.0625 5
274 0.125 1
274 0.1875 0
274 0.25 1
274 0.3125 6
274 0.375 2
274 0.4375 3
274 0.5 0
274 0.5625 2
274 0.625 2
274 0.6875 1
274 0.75 4
274 0.8125 6
274 0.875 7
274 0.9375 3
275 0 5
275 0.0625 4
275 0.125 1
275 0.1875 3
275 0.25 2
275 0.3125 2
275 0.375 0
275 0.4375 0
275 0.5 1
275 0.5625 3
275 0.625 0
275 0.6875 0
275 0.75 9
275 0.8125 8
275 0.875 6
275 0.9375 3
276 0 4
276 0.0625 1
276 0.125 2
276 0.1875 2
276 0.25 2
276 0.3125 3
276 0.375 3
276 0.4375 2
276 0.5 1
276 0.5625 1
276 0.625 1
276 0.6875 1
276 0.75 5
276 0.8125 3
276 0.875 4
276 0.9375 2
277 0 2
277 0.0625 3
277 0.125 1
277 0.1875 5
277 0.25 2
277 0.3125 0
277 0.375 1
277 0.4375 0
277 0.5 1
277 0.5625 1
277 0.625 0
277 0.6875 2
277 0.75 5
277 0.8125 4
277 0.875 5
277 0.9375 7
278 0 5
278 0.0625 5
278 0.125 1
278 0.1875 0
278 0.25 3
278 0.3125 0
278 0.375 2
278 0.4375 2
278 0.5 2
278 0.5625 0
278 0.625 2
278 0.6875 4
278 0.75 3
278 0.8125 4
278 0.875 4
278 0.9375 6
279 0 4
279 0.0625 4
279 0.125 0
279 0.1875 0
279 0.25 5
279 0.3125 2
279 0.375 2
279 0.4375 3
279 0.5 1
279 0.5625 3
279 0.625 0
279 0.6875 1
279 0.75 2
279 0.8125 5
279 0.875 3
279 0.9375 11
280 0 2
280 0.0625 3
280 0.125 4
280 0.1875 4
280 0.25 1
280 0.3125 1
280 0.375 0
280 0.4375 2
280 0.5 1
280 0.5625 3
280 0.625 1
280 0.6875 5
280 0.75 2
280 0.8125 3
280 0.875 6
280 0.9375 4
281 0 3
281 0.0625 4
281 0.125 3
281 0.1875 2
281 0.25 1
281 0.3125 2
281 0.375 1
281 0.4375 0
281 0.5 3
281 0.5625 2
281 0.625 1
281 0.6875 3
281 0.75 3
281 0.8125 2
281 0.875 5
281 0.9375 7
282 0 3
282 0.0625 4
282 0.125 2
282 0.1875 1
282 0.25 3
282 0.3125 6
282 0.375 1
282 0.4375 2
282 0.5 1
282 0.5625 0
282 0.625 1
282 0.6875 1
282 0.75 2
282 0.8125 3
282 0.875 3
282 0.9375 6
283 0 7
283 0.0625 4
283 0.125 1
283 0.1875 1
283 0.25 2
283 0.3125 1
283 0.375 2
283 0.4375 1
283 0.5 1
283 0.5625 0
283 0.625 1
283 0.6875 2
283 0.75 2
283 0.8125 3
283 0.875 4
283 0.9375 6
284 0 3
284 0.0625 3
284 0.125 1
284 0.1875 5
284 0.25 3
284 0.3125 0
284 0.375 1
284 0.4375 1
284 0.5 3
284 0.5625 1
284 0.625 1
284 0.6875 4
284 0.75 2
284 0.8125 6
284 0.875 3
284 0.9375 4
285 0 3
285 0.0625 4
285 0.125 2
285 0.1875 1
285 0.25 3
285 0.3125 5
285 0.375 2
285 0.4375 1
285 0.5 1
285 0.5625 2
285 0.625 1
285 0.6875 4
285 0.75 7
285 0.8125 4
285 0.875 4
285 0.9375 5
286 0 8
286 0.0625 4
286 0.125 2
286 0.1875 1
286 0.25 4
286 0.3125 0
286 0.375 1
286 0.4375 1
286 0.5 1
286 0.5625 0
286 0.625 2
286 0.6875 0
286 0.75 1
286 0.8125 7
286 0.875 5
286 0.9375 2
287 0 2
287 0.0625 3
287 0.125 5
287 0.1875 1
287 0.25 2
287 0.3125 1
287 0.375 0
287 0.4375 3
287 0.5 1
287 0.5625 0
287 0.625 0
287 0.6875 0
287 0.75 7
287 0.8125 1
287 0.875 7
287 0.9375 4
288 0 6
288 0.0625 3
288 0.125 2
288 0.1875 1
288 0.25 2
288 0.3125 2
288 0.375 2
288 0.4375 1
288 0.5 2
288 0.5625 0
288 0.625 3
288 0.6875 1
288 0.75 5
288 0.8125 3
288 0.875 6
288 0.9375 3
289 0 5
289 0.0625 4
289 0.125 3
289 0.1875 0
289 0.25 2
289 0.3125 2
289 0.375 1
289 0.4375 0
289 0.5 1
289 0.5625 0
289 0.625 2
289 0.6875 2
289 0.75 4
289 0.8125 5
289 0.875 2
289 0.9375 4
290 0 3
290 0.0625 3
290 0.125 1
290 0.1875 5
290 0.25 2
290 0.3125 2
290 0.375 0
290 0.4375 2
290 0.5 0
290 0.5625 3
290 0.625 1
290 0.6875 0
290 0.75 3
290 0.8125 3
290 0.875 6
290 0.9375 5
291 0 2
291 0.0625 2
291 0.125 3
291 0.1875 2
291 0.25 1
291 0.3125 3
291 0.375 0
291 0.4375 1
291 0.5 0
291 0.5625 0
291 0.625 3
291 0.6875 4
291 0.75 3
291 0.8125 4
291 0.875 2
291 0.9375 1
292 0 2
292 0.0625 2
292 0.125 0
292 0.1875 3
292 0.25 0
292 0.3125 0
292 0.375 0
292 0.4375 1
292 0.5 2
292 0.5625 2
292 0.625 2
292 0.6875 2
292 0.75 3
292 0.8125 7
292 0.875 2
292 0.9375 4
293 0 6
293 0.0625 1
293 0.125 3
293 0.1875 5
293 0.25 0
293 0.3125 0
293 0.375 1
293 0.4375 4
293 0.5 1
293 0.5625 1
293 0.625 1
293 0.6875 5
293 0.75 7
293 0.8125 3
293 0.875 7
293 0.9375 5
294 0 4
294 0.0625 1
294 0.125 1
294 0.1875 2
294 0.25 1
294 0.3125 2
294 0.375 1
294 0.4375 1
294 0.5 2
294 0.5625 2
294 0.625 2
294 0.6875 7
294 0.75 2
294 0.8125 2
294 0.875 4
294 0.9375 5
295 0 4
295 0.0625 2
295 0.125 3
295 0.1875 1
295 0.25 1
295 0.3125 2
295 0.375 0
295 0.4375 1
295 0.5 2
295 0.5625 0
295 0.625 1
295 0.6875 1
295 0.75 3
295 0.8125 0
295 0.875 3
295 0.9375 7
296 0 1
296 0.0625 5
296 0.125 0
296 0.1875 3
296 0.25 1
296 0.3125 1
296 0.375 1
296 0.4375 1
296 0.5 0
296 0.5625 0
296 0.625 3
296 0.6875 2
296 0.75 2
296 0.8125 6
296 0.875 4
296 0.9375 3
297 0 2
297 0.0625 0
297 0.125 1
297 0.1875 0
297 0.25 1
297 0.3125 1
297 0.375 0
297 0.4375 1
297 0.5 0
297 0.5625 0
297 0.625 2
297 0.6875 0
297 0.75 6
297 0.8125 2
297 0.875 2
297 0.9375 3
298 0 4
298 0.0625 4
298 0.125 2
298 0.1875 2
298 0.25 1
298 0.3125 2
298 0.375 1
298 0.4375 2
298 0.5 3
298 0.5625 0
298 0.625 0
298 0.6875 1
298 0.75 2
298 0.8125 1
298 0.875 0
298 0.9375 5
299 0 4
299 0.0625 4
299 0.125 4
299 0.1875 0
299 0.25 0
299 0.3125 0
299 0.375 1
299 0.4375 0
299 0.5 0
299 0.5625 2
299 0.625 3
299 0.6875 0
299 0.75 4
299 0.8125 1
299 0.875 3
299 0.9375 4
300 0 3
300 0.0625 3
300 0.125 1
300 0.1875 4
300 0.25 1
300 0.3125 0
300 0.375 1
300 0.4375 0
300 0.5 0
300 0.5625 2
300 0.625 3
300 0.6875 4
300 0.75 3
300 0.8125 6
300 0.875 2
300 0.9375 4
