0.09428462857938166 0.11317837154918543
0.10528444624441194 0.13797008956979753
0.11500133327417655 0.16407928824139886
0.12469431257998456 0.18570226648110943
0.1352042723950429 0.21544346900318811
0.14552556601365044 0.23787241732934983
0.15434707460413574 0.2692201282980408
0.16491205219845462 0.2972475471559781
0.18013207603121614 0.32016683593623196
0.1896510587580285 0.3534981105030102
0.19967306701005452 0.3714432521527312
0.21334058539069528 0.3807546021222369
0.22794363835034714 0.40008340492444733
0.24354626274809116 0.39029936927660763
0.2583096167611678 0.3714432521527312
0.2800814492997339 0.3534981105030102
0.29272086114878776 0.3281927872511471
0.30818953770237467 0.32016683593623196
0.32209740094833045 0.3046989570903505
0.33911846495609277 0.3046989570903505
0.36233094885492817 0.2972475471559781
0.38147813307403416 0.2828869434625967
0.4016371399505171 0.262636352765333
0.41976207196012705 0.23205524975343486
0.43870493918457654 0.20503497848313482
0.46188806586736486 0.19035745615897987
0.486296292417479 0.19035745615897987
0.5045165292019279 0.2101748011332486
0.5195830226439377 0.24383540982688254
0.535099450253609 0.2759689461023484
0.5470401081706464 0.3281927872511471
0.5759481486222963 0.3281927872511471
0.5931478209856219 0.2828869434625967
0.6153715021344393 0.24994788278930002
0.6337484831938591 0.2101748011332486
0.6623480498835763 0.19035745615897987
0.6871644807113824 0.1681924324880868
0.7076854320439326 0.14142872768440296
0.7288192052778083 0.12496091412919855
0.7505841012547522 0.11317837154918543
0.7787065037174961 0.10507644627129285
0.8078825782723535 0.09516880666273551
0.8505746988391244 0.08619535664753024
0.8955228615678452 0.0840874500667088
0.9428462857938161 0.0780680116534875
0.9781722441578039 0.06564540031719877
1.02986323057808 0.06404004271197276
1.0684494838753211 0.05945570708544386
1.1166660762286302 0.05800171836601334
1.1585046027304542 0.055199543212815644
1.2019107082401002 0.051248058769609285
1.2561500892673574 0.04757944314009407
1.3128371649811257 0.044173447031400664
1.3822133392412128 0.042039342401579624
1.4552556601365036 0.0380754602122237
1.5209278982662338 0.03714432521527313
1.566347718784792 0.032819278725114705
1.6370332781677706 0.031233715918008737
1.7235414217556784 0.03046989570903505
1.8013207603121597 0.027596894610234842
1.8826100960348948 0.024383540982688266
1.9675678267752381 0.021544346900318822
2.0715428909035167 0.02050349784831349
2.1650267107943835 0.018116091942004132
2.213338932611453 0.015233359765771781
2.2296814026665372 0.012496091412919855
2.279436383503469 0.010507644627129279
2.3132216717245435 0.008835610429024551
2.399891973865275 0.00840874500667088
2.508193409489668 0.008203109232014347
2.640737541920029 0.00780680116534875
2.7802858977787945 0.007247947748081363
2.9705950325075863 0.0067291001072359085
3.127574530139616 0.006094614443529067
3.292849524938759 0.005384963893812909
3.4414480180082596 0.004877216596885456
3.6233094885492805 0.0044173447031400645
3.8147813307403386 0.0039029936927660793
3.9869333689201656 0.0033641993334103362
4.259836900268046 0.002899783613766877
4.452073241257075 0.0023787241732934994
4.756815356796249 0.002050349784831349
5.0081867072720705 0.001681924324880869
5.234194301021797 0.0014142872768440312
5.551482123742941 0.0012190499622963572
5.80200735170817 0.0010250680283341827
6.063838189319262 0.0008835610429024552
6.337484831938588 0.0007615885921284097
6.672385811130134 0.0006247394411085373
6.973494765305834 0.0004203934240157964
7.450826882798271 0.0002899783613766874
7.902483146046605 0.0002208442119885748
8.381518032277365 0.00016407928824139896
8.824434847158741 0.00012496091412919868
9.498079114920328 0.00009516880666273561
10.148217728143592 0.00007247947748081355
10.842857993889405 0.000056583286926108426
11.843564460652972 0.00004309318582805281
