0.1 5.00000007E-2 8.21967889E-3
0.2 5.00000007E-2 0.23500462
0.30000001 5.00000007E-2 0.57224894
0.40000001 5.00000007E-2 0.77393329
0.5 5.00000007E-2 0.86026925
0.60000002 5.00000007E-2 0.8707059
0.69999999 5.00000007E-2 0.91134626
0.80000001 5.00000007E-2 0.9331333
0.89999998 5.00000007E-2 0.94468033
1 5.00000007E-2 0.95684463
1.1 5.00000007E-2 0.96654814
1.2 5.00000007E-2 0.97356093
1.3 5.00000007E-2 0.97815269
1.4 5.00000007E-2 0.98135942
1.5 5.00000007E-2 0.98453641
1.6 5.00000007E-2 0.98703456
1.7 5.00000007E-2 0.98902845
1.8 5.00000007E-2 0.99055326
1.9 5.00000007E-2 0.99107897
2 5.00000007E-2 0.99226296
2.0999999 5.00000007E-2 0.99324703
2.2 5.00000007E-2 0.99407232
2.3 5.00000007E-2 0.99476993
2.4000001 5.00000007E-2 0.99536413
2.5 5.00000007E-2 0.99559611
2.5999999 5.00000007E-2 0.99599212
2.7 5.00000007E-2 0.99640387
2.8 5.00000007E-2 0.99676013
2.9000001 5.00000007E-2 0.99707001
3 5.00000007E-2 0.99734074
