0.1 5.00000007E-2 2.30963385E-16
0.2 5.00000007E-2 0.11526604
0.30000001 5.00000007E-2 0.57589853
0.40000001 5.00000007E-2 0.79183954
0.5 5.00000007E-2 0.8692584
0.60000002 5.00000007E-2 0.90243143
0.69999999 5.00000007E-2 0.93268198
0.80000001 5.00000007E-2 0.95039034
0.89999998 5.00000007E-2 0.96162623
1 5.00000007E-2 0.96883184
1.1 5.00000007E-2 0.97583139
1.2 5.00000007E-2 0.98090327
1.3 5.00000007E-2 0.98427027
1.4 5.00000007E-2 0.98677105
1.5 5.00000007E-2 0.98907381
1.6 5.00000007E-2 0.9908483
1.7 5.00000007E-2 0.99225336
1.8 5.00000007E-2 0.99318641
1.9 5.00000007E-2 0.99392599
2 5.00000007E-2 0.99473929
2.0999999 5.00000007E-2 0.9954145
2.2 5.00000007E-2 0.99597955
2.3 5.00000007E-2 0.99645597
2.4000001 5.00000007E-2 0.99686038
2.5 5.00000007E-2 0.99710691
2.5999999 5.00000007E-2 0.99731272
2.7 5.00000007E-2 0.99758416
2.8 5.00000007E-2 0.99781948
2.9000001 5.00000007E-2 0.99802524
3 5.00000007E-2 0.99820679
