0.1 5.00000007E-2 3.35144461E-4
0.2 5.00000007E-2 0.6187129
0.30000001 5.00000007E-2 0.88459313
0.40000001 5.00000007E-2 0.94945621
0.5 5.00000007E-2 0.96934313
0.60000002 5.00000007E-2 0.97744435
0.69999999 5.00000007E-2 0.98463243
0.80000001 5.00000007E-2 0.98875648
0.89999998 5.00000007E-2 0.99134225
1 5.00000007E-2 0.99298823
1.1 5.00000007E-2 0.994578
1.2 5.00000007E-2 0.99572438
1.3 5.00000007E-2 0.99648291
1.4 5.00000007E-2 0.99704498
1.5 5.00000007E-2 0.99756157
1.6 5.00000007E-2 0.99795902
1.7 5.00000007E-2 0.99827331
1.8 5.00000007E-2 0.99848181
1.9 5.00000007E-2 0.99864703
2 5.00000007E-2 0.99882853
2.0999999 5.00000007E-2 0.99897915
2.2 5.00000007E-2 0.99910516
2.3 5.00000007E-2 0.99921137
2.4000001 5.00000007E-2 0.99930143
2.5 5.00000007E-2 0.99935639
2.5999999 5.00000007E-2 0.99940223
2.7 5.00000007E-2 0.99946266
2.8 5.00000007E-2 0.99951506
2.9000001 5.00000007E-2 0.99956083
3 5.00000007E-2 0.99960124
