0.1 5.00000007E-2 0.16891582
0.2 5.00000007E-2 0.65000588
0.30000001 5.00000007E-2 0.88115668
0.40000001 5.00000007E-2 0.94431388
0.5 5.00000007E-2 0.96700913
0.60000002 5.00000007E-2 0.96962035
0.69999999 5.00000007E-2 0.97957236
0.80000001 5.00000007E-2 0.98472738
0.89999998 5.00000007E-2 0.9874298
1 5.00000007E-2 0.99024177
1.1 5.00000007E-2 0.99246615
1.2 5.00000007E-2 0.99406242
1.3 5.00000007E-2 0.99510318
1.4 5.00000007E-2 0.99582696
1.5 5.00000007E-2 0.99654263
1.6 5.00000007E-2 0.99710405
1.7 5.00000007E-2 0.99755132
1.8 5.00000007E-2 0.99789298
1.9 5.00000007E-2 0.99801058
2 5.00000007E-2 0.9982754
2.0999999 5.00000007E-2 0.99849534
2.2 5.00000007E-2 0.99867958
2.3 5.00000007E-2 0.99883538
2.4000001 5.00000007E-2 0.99896789
2.5 5.00000007E-2 0.99901962
2.5999999 5.00000007E-2 0.99910796
2.7 5.00000007E-2 0.99919975
2.8 5.00000007E-2 0.99927914
2.9000001 5.00000007E-2 0.99934816
3 5.00000007E-2 0.99940848
