0.000000000  0.650 42510
0.062500000  0.650 41876
0.125000000  0.650 41406
0.187500000  0.650 40159
0.250000000  0.650 38800
0.312500000  0.650 38367
0.375000000  0.650 37841
0.437500000  0.650 38091
0.500000000  0.650 37822
0.562500000  0.650 37789
0.625000000  0.650 38230
0.687500000  0.650 38980
0.750000000  0.650 40246
0.812500000  0.650 41685
0.875000000  0.650 43143
0.937500000  0.650 43035
0.000000000  0.950 54479
0.062500000  0.950 53408
0.125000000  0.950 52159
0.187500000  0.950 50716
0.250000000  0.950 49769
0.312500000  0.950 48700
0.375000000  0.950 48463
0.437500000  0.950 48144
0.500000000  0.950 47461
0.562500000  0.950 47977
0.625000000  0.950 48454
0.687500000  0.950 49325
0.750000000  0.950 50848
0.812500000  0.950 53001
0.875000000  0.950 54530
0.937500000  0.950 54910
0.000000000  1.250 62044
0.062500000  1.250 60506
0.125000000  1.250 59029
0.187500000  1.250 58307
0.250000000  1.250 56964
0.312500000  1.250 55772
0.375000000  1.250 54724
0.437500000  1.250 54562
0.500000000  1.250 54186
0.562500000  1.250 54604
0.625000000  1.250 54975
0.687500000  1.250 56352
0.750000000  1.250 57997
0.812500000  1.250 60103
0.875000000  1.250 61669
0.937500000  1.250 62009
0.000000000  1.550 66131
0.062500000  1.550 63966
0.125000000  1.550 62933
0.187500000  1.550 61121
0.250000000  1.550 60194
0.312500000  1.550 59019
0.375000000  1.550 58318
0.437500000  1.550 58166
0.500000000  1.550 58018
0.562500000  1.550 57322
0.625000000  1.550 58578
0.687500000  1.550 59660
0.750000000  1.550 62049
0.812500000  1.550 64344
0.875000000  1.550 65870
0.937500000  1.550 66611
0.000000000  1.850 67500
0.062500000  1.850 65592
0.125000000  1.850 64122
0.187500000  1.850 62752
0.250000000  1.850 61137
0.312500000  1.850 60159
0.375000000  1.850 59522
0.437500000  1.850 58706
0.500000000  1.850 58627
0.562500000  1.850 58342
0.625000000  1.850 59444
0.687500000  1.850 61075
0.750000000  1.850 63374
0.812500000  1.850 66046
0.875000000  1.850 67854
0.937500000  1.850 67792
0.000000000  2.150 66666
0.062500000  2.150 65556
0.125000000  2.150 63019
0.187500000  2.150 61541
0.250000000  2.150 60260
0.312500000  2.150 59042
0.375000000  2.150 58644
0.437500000  2.150 58420
0.500000000  2.150 57607
0.562500000  2.150 58541
0.625000000  2.150 58700
0.687500000  2.150 60513
0.750000000  2.150 62732
0.812500000  2.150 65508
0.875000000  2.150 67291
0.937500000  2.150 67663
0.000000000  2.450 64455
0.062500000  2.450 62681
0.125000000  2.450 60724
0.187500000  2.450 59831
0.250000000  2.450 58512
0.312500000  2.450 57035
0.375000000  2.450 56741
0.437500000  2.450 55723
0.500000000  2.450 55644
0.562500000  2.450 56173
0.625000000  2.450 56809
0.687500000  2.450 58408
0.750000000  2.450 60767
0.812500000  2.450 63539
0.875000000  2.450 65135
0.937500000  2.450 65783
0.000000000  2.750 61389
0.062500000  2.750 59675
0.125000000  2.750 58225
0.187500000  2.750 56457
0.250000000  2.750 55090
0.312500000  2.750 53927
0.375000000  2.750 52975
0.437500000  2.750 52824
0.500000000  2.750 52649
0.562500000  2.750 53270
0.625000000  2.750 53344
0.687500000  2.750 55645
0.750000000  2.750 57831
0.812500000  2.750 60542
0.875000000  2.750 61875
0.937500000  2.750 62413
0.000000000  3.050 57108
0.062500000  3.050 55845
0.125000000  3.050 53937
0.187500000  3.050 52447
0.250000000  3.050 50982
0.312500000  3.050 50290
0.375000000  3.050 49486
0.437500000  3.050 49169
0.500000000  3.050 48831
0.562500000  3.050 49507
0.625000000  3.050 49925
0.687500000  3.050 51528
0.750000000  3.050 54100
0.812500000  3.050 56943
0.875000000  3.050 57746
0.937500000  3.050 57996
0.000000000  3.350 53080
0.062500000  3.350 51370
0.125000000  3.350 49469
0.187500000  3.350 48487
0.250000000  3.350 47328
0.312500000  3.350 46214
0.375000000  3.350 45715
0.437500000  3.350 45083
0.500000000  3.350 45038
0.562500000  3.350 45381
0.625000000  3.350 46164
0.687500000  3.350 47330
0.750000000  3.350 49935
0.812500000  3.350 52483
0.875000000  3.350 53547
0.937500000  3.350 53608
0.000000000  3.650 48297
0.062500000  3.650 46811
0.125000000  3.650 44989
0.187500000  3.650 43738
0.250000000  3.650 42642
0.312500000  3.650 41841
0.375000000  3.650 41276
0.437500000  3.650 41131
0.500000000  3.650 40872
0.562500000  3.650 41455
0.625000000  3.650 41771
0.687500000  3.650 43086
0.750000000  3.650 45783
0.812500000  3.650 47612
0.875000000  3.650 49484
0.937500000  3.650 48752
0.000000000  3.950 43245
0.062500000  3.950 42264
0.125000000  3.950 40771
0.187500000  3.950 39542
0.250000000  3.950 38307
0.312500000  3.950 37965
0.375000000  3.950 37157
0.437500000  3.950 36787
0.500000000  3.950 36976
0.562500000  3.950 36991
0.625000000  3.950 37381
0.687500000  3.950 39007
0.750000000  3.950 41361
0.812500000  3.950 43224
0.875000000  3.950 44532
0.937500000  3.950 44593
0.000000000  4.250 38828
0.062500000  4.250 37743
0.125000000  4.250 36370
0.187500000  4.250 34769
0.250000000  4.250 34246
0.312500000  4.250 33495
0.375000000  4.250 33038
0.437500000  4.250 32947
0.500000000  4.250 33223
0.562500000  4.250 32789
0.625000000  4.250 33345
0.687500000  4.250 34966
0.750000000  4.250 36631
0.812500000  4.250 38995
0.875000000  4.250 39835
0.937500000  4.250 40322
0.000000000  4.550 34653
0.062500000  4.550 33591
0.125000000  4.550 32097
0.187500000  4.550 31034
0.250000000  4.550 29994
0.312500000  4.550 29630
0.375000000  4.550 29453
0.437500000  4.550 29088
0.500000000  4.550 29049
0.562500000  4.550 29317
0.625000000  4.550 29634
0.687500000  4.550 30629
0.750000000  4.550 32855
0.812500000  4.550 34604
0.875000000  4.550 36069
0.937500000  4.550 35656
0.000000000  4.850 30917
0.062500000  4.850 29376
0.125000000  4.850 27978
0.187500000  4.850 27302
0.250000000  4.850 26883
0.312500000  4.850 25821
0.375000000  4.850 25590
0.437500000  4.850 25371
0.500000000  4.850 25166
0.562500000  4.850 25435
0.625000000  4.850 26135
0.687500000  4.850 27372
0.750000000  4.850 28990
0.812500000  4.850 30813
0.875000000  4.850 31763
0.937500000  4.850 31528
0.000000000  5.150 26876
0.062500000  5.150 25555
0.125000000  5.150 24494
0.187500000  5.150 23952
0.250000000  5.150 23275
0.312500000  5.150 22737
0.375000000  5.150 22648
0.437500000  5.150 22156
0.500000000  5.150 22365
0.562500000  5.150 22250
0.625000000  5.150 22735
0.687500000  5.150 23838
0.750000000  5.150 25586
0.812500000  5.150 27162
0.875000000  5.150 27795
0.937500000  5.150 27591
0.000000000  5.450 23471
0.062500000  5.450 22515
0.125000000  5.450 21770
0.187500000  5.450 20697
0.250000000  5.450 20414
0.312500000  5.450 19817
0.375000000  5.450 19455
0.437500000  5.450 19537
0.500000000  5.450 19369
0.562500000  5.450 19352
0.625000000  5.450 19757
0.687500000  5.450 20925
0.750000000  5.450 22639
0.812500000  5.450 23852
0.875000000  5.450 24942
0.937500000  5.450 24237
0.000000000  5.750 20644
0.062500000  5.750 19260
0.125000000  5.750 18778
0.187500000  5.750 17968
0.250000000  5.750 17303
0.312500000  5.750 16908
0.375000000  5.750 16849
0.437500000  5.750 16686
0.500000000  5.750 16554
0.562500000  5.750 16685
0.625000000  5.750 17234
0.687500000  5.750 17770
0.750000000  5.750 19526
0.812500000  5.750 20631
0.875000000  5.750 21553
0.937500000  5.750 21140
0.000000000  6.050 17560
0.062500000  6.050 16789
0.125000000  6.050 16273
0.187500000  6.050 15578
0.250000000  6.050 14989
0.312500000  6.050 14815
0.375000000  6.050 14351
0.437500000  6.050 14383
0.500000000  6.050 14370
0.562500000  6.050 14289
0.625000000  6.050 15279
0.687500000  6.050 15569
0.750000000  6.050 16861
0.812500000  6.050 17961
0.875000000  6.050 18555
0.937500000  6.050 18294
0.000000000  6.350 15353
0.062500000  6.350 14238
0.125000000  6.350 13898
0.187500000  6.350 13344
0.250000000  6.350 12939
0.312500000  6.350 12481
0.375000000  6.350 12394
0.437500000  6.350 12232
0.500000000  6.350 12300
0.562500000  6.350 12628
0.625000000  6.350 12754
0.687500000  6.350 13399
0.750000000  6.350 14759
0.812500000  6.350 15804
0.875000000  6.350 16169
0.937500000  6.350 16090
0.000000000  6.650 13219
0.062500000  6.650 12432
0.125000000  6.650 11665
0.187500000  6.650 11198
0.250000000  6.650 10959
0.312500000  6.650 10676
0.375000000  6.650 10502
0.437500000  6.650 10498
0.500000000  6.650 10654
0.562500000  6.650 10443
0.625000000  6.650 10931
0.687500000  6.650 11633
0.750000000  6.650 12662
0.812500000  6.650 13468
0.875000000  6.650 13983
0.937500000  6.650 13754
0.000000000  6.950 10959
0.062500000  6.950 10651
0.125000000  6.950 10132
0.187500000  6.950 9686
0.250000000  6.950 9561
0.312500000  6.950 9201
0.375000000  6.950 8962
0.437500000  6.950 9005
0.500000000  6.950 8894
0.562500000  6.950 9040
0.625000000  6.950 9333
0.687500000  6.950 9799
0.750000000  6.950 10972
0.812500000  6.950 11672
0.875000000  6.950 12035
0.937500000  6.950 11796
0.000000000  7.250 9631
0.062500000  7.250 9071
0.125000000  7.250 8521
0.187500000  7.250 8231
0.250000000  7.250 7805
0.312500000  7.250 7737
0.375000000  7.250 7630
0.437500000  7.250 7471
0.500000000  7.250 7633
0.562500000  7.250 7681
0.625000000  7.250 7918
0.687500000  7.250 8706
0.750000000  7.250 9214
0.812500000  7.250 10291
0.875000000  7.250 10333
0.937500000  7.250 10059
0.000000000  7.550 8283
0.062500000  7.550 7760
0.125000000  7.550 7301
0.187500000  7.550 6860
0.250000000  7.550 6689
0.312500000  7.550 6468
0.375000000  7.550 6473
0.437500000  7.550 6326
0.500000000  7.550 6430
0.562500000  7.550 6493
0.625000000  7.550 6526
0.687500000  7.550 7127
0.750000000  7.550 7919
0.812500000  7.550 8714
0.875000000  7.550 8845
0.937500000  7.550 8663
0.000000000  7.850 6868
0.062500000  7.850 6565
0.125000000  7.850 5998
0.187500000  7.850 5869
0.250000000  7.850 5656
0.312500000  7.850 5468
0.375000000  7.850 5452
0.437500000  7.850 5419
0.500000000  7.850 5348
0.562500000  7.850 5510
0.625000000  7.850 5659
0.687500000  7.850 6252
0.750000000  7.850 6781
0.812500000  7.850 7338
0.875000000  7.850 7509
0.937500000  7.850 7382
0.000000000  8.150 5795
0.062500000  8.150 5417
0.125000000  8.150 5135
0.187500000  8.150 5003
0.250000000  8.150 4734
0.312500000  8.150 4645
0.375000000  8.150 4616
0.437500000  8.150 4381
0.500000000  8.150 4508
0.562500000  8.150 4532
0.625000000  8.150 4729
0.687500000  8.150 5199
0.750000000  8.150 5709
0.812500000  8.150 6258
0.875000000  8.150 6529
0.937500000  8.150 6246
0.000000000  8.450 5104
0.062500000  8.450 4615
0.125000000  8.450 4408
0.187500000  8.450 4223
0.250000000  8.450 4119
0.312500000  8.450 3912
0.375000000  8.450 3842
0.437500000  8.450 3889
0.500000000  8.450 3799
0.562500000  8.450 3846
0.625000000  8.450 4051
0.687500000  8.450 4393
0.750000000  8.450 4852
0.812500000  8.450 5359
0.875000000  8.450 5522
0.937500000  8.450 5389
0.000000000  8.750 4190
0.062500000  8.750 3907
0.125000000  8.750 3600
0.187500000  8.750 3543
0.250000000  8.750 3317
0.312500000  8.750 3327
0.375000000  8.750 3236
0.437500000  8.750 3296
0.500000000  8.750 3179
0.562500000  8.750 3320
0.625000000  8.750 3489
0.687500000  8.750 3720
0.750000000  8.750 4252
0.812500000  8.750 4620
0.875000000  8.750 4786
0.937500000  8.750 4387
0.000000000  9.050 3533
0.062500000  9.050 3236
0.125000000  9.050 3036
0.187500000  9.050 2847
0.250000000  9.050 2831
0.312500000  9.050 2679
0.375000000  9.050 2727
0.437500000  9.050 2685
0.500000000  9.050 2658
0.562500000  9.050 2809
0.625000000  9.050 2848
0.687500000  9.050 3222
0.750000000  9.050 3526
0.812500000  9.050 3862
0.875000000  9.050 4058
0.937500000  9.050 3754
0.000000000  9.350 2955
0.062500000  9.350 2699
0.125000000  9.350 2580
0.187500000  9.350 2428
0.250000000  9.350 2385
0.312500000  9.350 2390
0.375000000  9.350 2255
0.437500000  9.350 2292
0.500000000  9.350 2285
0.562500000  9.350 2263
0.625000000  9.350 2367
0.687500000  9.350 2666
0.750000000  9.350 2960
0.812500000  9.350 3317
0.875000000  9.350 3352
0.937500000  9.350 3214
0.000000000  9.650 2614
0.062500000  9.650 2366
0.125000000  9.650 2202
0.187500000  9.650 2032
0.250000000  9.650 1929
0.312500000  9.650 1881
0.375000000  9.650 1954
0.437500000  9.650 1838
0.500000000  9.650 1879
0.562500000  9.650 1882
0.625000000  9.650 2043
0.687500000  9.650 2182
0.750000000  9.650 2647
0.812500000  9.650 2800
0.875000000  9.650 2981
0.937500000  9.650 2779
0.000000000  9.950 2122
0.062500000  9.950 1947
0.125000000  9.950 1790
0.187500000  9.950 1774
0.250000000  9.950 1618
0.312500000  9.950 1589
0.375000000  9.950 1558
0.437500000  9.950 1586
0.500000000  9.950 1573
0.562500000  9.950 1590
0.625000000  9.950 1704
0.687500000  9.950 1869
0.750000000  9.950 2077
0.812500000  9.950 2503
0.875000000  9.950 2438
0.937500000  9.950 2382
0.000000000 10.250 1768
0.062500000 10.250 1621
0.125000000 10.250 1512
0.187500000 10.250 1384
0.250000000 10.250 1355
0.312500000 10.250 1252
0.375000000 10.250 1341
0.437500000 10.250 1264
0.500000000 10.250 1288
0.562500000 10.250 1340
0.625000000 10.250 1330
0.687500000 10.250 1522
0.750000000 10.250 1823
0.812500000 10.250 1969
0.875000000 10.250 2065
0.937500000 10.250 1972
0.000000000 10.550 1509
0.062500000 10.550 1333
0.125000000 10.550 1277
0.187500000 10.550 1215
0.250000000 10.550 1155
0.312500000 10.550 1107
0.375000000 10.550 1034
0.437500000 10.550 1078
0.500000000 10.550 986
0.562500000 10.550 1081
0.625000000 10.550 1153
0.687500000 10.550 1311
0.750000000 10.550 1497
0.812500000 10.550 1776
0.875000000 10.550 1749
0.937500000 10.550 1672
0.000000000 10.850 1199
0.062500000 10.850 1126
0.125000000 10.850 1015
0.187500000 10.850 984
0.250000000 10.850 985
0.312500000 10.850 892
0.375000000 10.850 951
0.437500000 10.850 929
0.500000000 10.850 904
0.562500000 10.850 878
0.625000000 10.850 953
0.687500000 10.850 1075
0.750000000 10.850 1287
0.812500000 10.850 1436
0.875000000 10.850 1486
0.937500000 10.850 1432
