0.000000000  3.650 87128
0.062500000  3.650 84041
0.125000000  3.650 80335
0.187500000  3.650 77779
0.250000000  3.650 76720
0.312500000  3.650 74981
0.375000000  3.650 74002
0.437500000  3.650 73593
0.500000000  3.650 73333
0.562500000  3.650 73361
0.625000000  3.650 73524
0.687500000  3.650 74982
0.750000000  3.650 78890
0.812500000  3.650 84853
0.875000000  3.650 88579
0.937500000  3.650 89466
0.000000000  3.950 79132
0.062500000  3.950 75805
0.125000000  3.950 72753
0.187500000  3.950 70097
0.250000000  3.950 67946
0.312500000  3.950 66787
0.375000000  3.950 66305
0.437500000  3.950 66167
0.500000000  3.950 66492
0.562500000  3.950 65858
0.625000000  3.950 65896
0.687500000  3.950 67251
0.750000000  3.950 70303
0.812500000  3.950 76924
0.875000000  3.950 80978
0.937500000  3.950 81186
0.000000000  4.250 70913
0.062500000  4.250 67281
0.125000000  4.250 64575
0.187500000  4.250 62408
0.250000000  4.250 60911
0.312500000  4.250 59613
0.375000000  4.250 59178
0.437500000  4.250 58793
0.500000000  4.250 59042
0.562500000  4.250 58809
0.625000000  4.250 58698
0.687500000  4.250 60016
0.750000000  4.250 63533
0.812500000  4.250 69080
0.875000000  4.250 72555
0.937500000  4.250 73136
0.000000000  4.550 63607
0.062500000  4.550 60207
0.125000000  4.550 57577
0.187500000  4.550 56044
0.250000000  4.550 54480
0.312500000  4.550 52863
0.375000000  4.550 52189
0.437500000  4.550 51976
0.500000000  4.550 51958
0.562500000  4.550 51852
0.625000000  4.550 51883
0.687500000  4.550 53034
0.750000000  4.550 56267
0.812500000  4.550 61730
0.875000000  4.550 65197
0.937500000  4.550 64960
0.000000000  4.850 56287
0.062500000  4.850 53209
0.125000000  4.850 50849
0.187500000  4.850 48506
0.250000000  4.850 47126
0.312500000  4.850 46414
0.375000000  4.850 45837
0.437500000  4.850 45459
0.500000000  4.850 45912
0.562500000  4.850 45591
0.625000000  4.850 45699
0.687500000  4.850 46424
0.750000000  4.850 50312
0.812500000  4.850 54854
0.875000000  4.850 58130
0.937500000  4.850 58258
0.000000000  5.150 49328
0.062500000  5.150 46802
0.125000000  5.150 44208
0.187500000  5.150 42492
0.250000000  5.150 40995
0.312500000  5.150 40518
0.375000000  5.150 40500
0.437500000  5.150 39778
0.500000000  5.150 39986
0.562500000  5.150 40027
0.625000000  5.150 39841
0.687500000  5.150 40666
0.750000000  5.150 43907
0.812500000  5.150 48993
0.875000000  5.150 51363
0.937500000  5.150 51415
0.000000000  5.450 42978
0.062500000  5.450 41049
0.125000000  5.450 38523
0.187500000  5.450 36950
0.250000000  5.450 35950
0.312500000  5.450 35192
0.375000000  5.450 34538
0.437500000  5.450 34574
0.500000000  5.450 34488
0.562500000  5.450 34447
0.625000000  5.450 34762
0.687500000  5.450 35152
0.750000000  5.450 38664
0.812500000  5.450 42843
0.875000000  5.450 45463
0.937500000  5.450 45297
0.000000000  5.750 38023
0.062500000  5.750 35368
0.125000000  5.750 33535
0.187500000  5.750 32057
0.250000000  5.750 31068
0.312500000  5.750 30485
0.375000000  5.750 30201
0.437500000  5.750 29754
0.500000000  5.750 29913
0.562500000  5.750 29851
0.625000000  5.750 29835
0.687500000  5.750 30583
0.750000000  5.750 33271
0.812500000  5.750 37513
0.875000000  5.750 39748
0.937500000  5.750 39948
0.000000000  6.050 32990
0.062500000  6.050 30540
0.125000000  6.050 29158
0.187500000  6.050 27657
0.250000000  6.050 26609
0.312500000  6.050 26232
0.375000000  6.050 25723
0.437500000  6.050 25795
0.500000000  6.050 25904
0.562500000  6.050 25308
0.625000000  6.050 25950
0.687500000  6.050 26341
0.750000000  6.050 29177
0.812500000  6.050 32731
0.875000000  6.050 34730
0.937500000  6.050 34970
0.000000000  6.350 28572
0.062500000  6.350 26405
0.125000000  6.350 24794
0.187500000  6.350 23690
0.250000000  6.350 22752
0.312500000  6.350 22369
0.375000000  6.350 22039
0.437500000  6.350 22341
0.500000000  6.350 21890
0.562500000  6.350 21665
0.625000000  6.350 22042
0.687500000  6.350 22561
0.750000000  6.350 25575
0.812500000  6.350 28338
0.875000000  6.350 30615
0.937500000  6.350 30082
0.000000000  6.650 24685
0.062500000  6.650 22667
0.125000000  6.650 21488
0.187500000  6.650 20170
0.250000000  6.650 19628
0.312500000  6.650 19410
0.375000000  6.650 19169
0.437500000  6.650 18709
0.500000000  6.650 18683
0.562500000  6.650 18901
0.625000000  6.650 18996
0.687500000  6.650 19250
0.750000000  6.650 21705
0.812500000  6.650 24808
0.875000000  6.650 26813
0.937500000  6.650 26318
0.000000000  6.950 21231
0.062500000  6.950 19865
0.125000000  6.950 18078
0.187500000  6.950 17226
0.250000000  6.950 16660
0.312500000  6.950 16347
0.375000000  6.950 15873
0.437500000  6.950 16195
0.500000000  6.950 15914
0.562500000  6.950 15887
0.625000000  6.950 15843
0.687500000  6.950 16523
0.750000000  6.950 18733
0.812500000  6.950 21519
0.875000000  6.950 23149
0.937500000  6.950 22671
0.000000000  7.250 18096
0.062500000  7.250 16557
0.125000000  7.250 15334
0.187500000  7.250 14632
0.250000000  7.250 14111
0.312500000  7.250 13563
0.375000000  7.250 13568
0.437500000  7.250 13758
0.500000000  7.250 13534
0.562500000  7.250 13320
0.625000000  7.250 13521
0.687500000  7.250 14166
0.750000000  7.250 16305
0.812500000  7.250 18476
0.875000000  7.250 19979
0.937500000  7.250 19643
0.000000000  7.550 15698
0.062500000  7.550 14064
0.125000000  7.550 13126
0.187500000  7.550 12359
0.250000000  7.550 12124
0.312500000  7.550 11611
0.375000000  7.550 11536
0.437500000  7.550 11346
0.500000000  7.550 11138
0.562500000  7.550 11544
0.625000000  7.550 11354
0.687500000  7.550 11942
0.750000000  7.550 13798
0.812500000  7.550 16271
0.875000000  7.550 17360
0.937500000  7.550 16848
0.000000000  7.850 13372
0.062500000  7.850 11990
0.125000000  7.850 11090
0.187500000  7.850 10590
0.250000000  7.850 9973
0.312500000  7.850 9777
0.375000000  7.850 9706
0.437500000  7.850 9600
0.500000000  7.850 9418
0.562500000  7.850 9618
0.625000000  7.850 9606
0.687500000  7.850 10125
0.750000000  7.850 11876
0.812500000  7.850 13899
0.875000000  7.850 14942
0.937500000  7.850 14472
0.000000000  8.150 11362
0.062500000  8.150 10052
0.125000000  8.150 9270
0.187500000  8.150 8867
0.250000000  8.150 8548
0.312500000  8.150 8287
0.375000000  8.150 8066
0.437500000  8.150 8124
0.500000000  8.150 8156
0.562500000  8.150 8044
0.625000000  8.150 8078
0.687500000  8.150 8380
0.750000000  8.150 10006
0.812500000  8.150 12110
0.875000000  8.150 13119
0.937500000  8.150 12582
0.000000000  8.450 9668
0.062500000  8.450 8734
0.125000000  8.450 7966
0.187500000  8.450 7420
0.250000000  8.450 7159
0.312500000  8.450 6809
0.375000000  8.450 6836
0.437500000  8.450 6809
0.500000000  8.450 6608
0.562500000  8.450 6856
0.625000000  8.450 6740
0.687500000  8.450 7090
0.750000000  8.450 8531
0.812500000  8.450 10380
0.875000000  8.450 11162
0.937500000  8.450 10788
0.000000000  8.750 8250
0.062500000  8.750 7346
0.125000000  8.750 6666
0.187500000  8.750 6351
0.250000000  8.750 5905
0.312500000  8.750 5773
0.375000000  8.750 5746
0.437500000  8.750 5574
0.500000000  8.750 5633
0.562500000  8.750 5718
0.625000000  8.750 5843
0.687500000  8.750 6023
0.750000000  8.750 7386
0.812500000  8.750 8916
0.875000000  8.750 9654
0.937500000  8.750 9275
0.000000000  9.050 6923
0.062500000  9.050 6169
0.125000000  9.050 5576
0.187500000  9.050 5278
0.250000000  9.050 4986
0.312500000  9.050 4863
0.375000000  9.050 4782
0.437500000  9.050 4725
0.500000000  9.050 4903
0.562500000  9.050 4833
0.625000000  9.050 4818
0.687500000  9.050 5034
0.750000000  9.050 6403
0.812500000  9.050 7738
0.875000000  9.050 8265
0.937500000  9.050 7954
0.000000000  9.350 6071
0.062500000  9.350 5035
0.125000000  9.350 4668
0.187500000  9.350 4593
0.250000000  9.350 4291
0.312500000  9.350 4081
0.375000000  9.350 3981
0.437500000  9.350 3924
0.500000000  9.350 4093
0.562500000  9.350 4023
0.625000000  9.350 3898
0.687500000  9.350 4241
0.750000000  9.350 5209
0.812500000  9.350 6511
0.875000000  9.350 7034
0.937500000  9.350 6671
0.000000000  9.650 5076
0.062500000  9.650 4445
0.125000000  9.650 3943
0.187500000  9.650 3816
0.250000000  9.650 3510
0.312500000  9.650 3481
0.375000000  9.650 3384
0.437500000  9.650 3257
0.500000000  9.650 3306
0.562500000  9.650 3387
0.625000000  9.650 3265
0.687500000  9.650 3595
0.750000000  9.650 4571
0.812500000  9.650 5727
0.875000000  9.650 6031
0.937500000  9.650 5645
0.000000000  9.950 4355
0.062500000  9.950 3622
0.125000000  9.950 3310
0.187500000  9.950 2991
0.250000000  9.950 2924
0.312500000  9.950 2827
0.375000000  9.950 2772
0.437500000  9.950 2837
0.500000000  9.950 2707
0.562500000  9.950 2786
0.625000000  9.950 2763
0.687500000  9.950 2936
0.750000000  9.950 3823
0.812500000  9.950 4922
0.875000000  9.950 5249
0.937500000  9.950 4895
0.000000000 10.250 3673
0.062500000 10.250 3147
0.125000000 10.250 2764
0.187500000 10.250 2500
0.250000000 10.250 2529
0.312500000 10.250 2374
0.375000000 10.250 2239
0.437500000 10.250 2263
0.500000000 10.250 2245
0.562500000 10.250 2308
0.625000000 10.250 2257
0.687500000 10.250 2591
0.750000000 10.250 3242
0.812500000 10.250 4173
0.875000000 10.250 4529
0.937500000 10.250 4189
0.000000000 10.550 3047
0.062500000 10.550 2532
0.125000000 10.550 2266
0.187500000 10.550 2060
0.250000000 10.550 1985
0.312500000 10.550 2003
0.375000000 10.550 1952
0.437500000 10.550 1930
0.500000000 10.550 1939
0.562500000 10.550 1882
0.625000000 10.550 1845
0.687500000 10.550 2057
0.750000000 10.550 2851
0.812500000 10.550 3632
0.875000000 10.550 3778
0.937500000 10.550 3621
0.000000000 10.850 2695
0.062500000 10.850 2141
0.125000000 10.850 1913
0.187500000 10.850 1780
0.250000000 10.850 1657
0.312500000 10.850 1533
0.375000000 10.850 1596
0.437500000 10.850 1630
0.500000000 10.850 1540
0.562500000 10.850 1554
0.625000000 10.850 1526
0.687500000 10.850 1813
0.750000000 10.850 2378
0.812500000 10.850 3088
0.875000000 10.850 3389
0.937500000 10.850 3050
0.000000000 11.150 2127
0.062500000 11.150 1837
0.125000000 11.150 1587
0.187500000 11.150 1424
0.250000000 11.150 1349
0.312500000 11.150 1320
0.375000000 11.150 1303
0.437500000 11.150 1338
0.500000000 11.150 1293
0.562500000 11.150 1310
0.625000000 11.150 1262
0.687500000 11.150 1501
0.750000000 11.150 2042
0.812500000 11.150 2695
0.875000000 11.150 2894
0.937500000 11.150 2655
0.000000000 11.450 1845
0.062500000 11.450 1505
0.125000000 11.450 1341
0.187500000 11.450 1206
0.250000000 11.450 1144
0.312500000 11.450 1068
0.375000000 11.450 1109
0.437500000 11.450 1127
0.500000000 11.450 1087
0.562500000 11.450 1107
0.625000000 11.450 1090
0.687500000 11.450 1182
0.750000000 11.450 1722
0.812500000 11.450 2292
0.875000000 11.450 2470
0.937500000 11.450 2159
0.000000000 11.750 1553
0.062500000 11.750 1244
0.125000000 11.750 1161
0.187500000 11.750 1022
0.250000000 11.750 978
0.312500000 11.750 955
0.375000000 11.750 926
0.437500000 11.750 960
0.500000000 11.750 878
0.562500000 11.750 910
0.625000000 11.750 879
0.687500000 11.750 992
0.750000000 11.750 1524
0.812500000 11.750 1913
0.875000000 11.750 2155
0.937500000 11.750 1929
0.000000000 12.050 1301
0.062500000 12.050 1097
0.125000000 12.050 941
0.187500000 12.050 807
0.250000000 12.050 743
0.312500000 12.050 783
0.375000000 12.050 760
0.437500000 12.050 765
0.500000000 12.050 695
0.562500000 12.050 715
0.625000000 12.050 747
0.687500000 12.050 884
0.750000000 12.050 1289
0.812500000 12.050 1638
0.875000000 12.050 1790
0.937500000 12.050 1632
0.000000000 12.350 1096
0.062500000 12.350 857
0.125000000 12.350 786
0.187500000 12.350 648
0.250000000 12.350 673
0.312500000 12.350 622
0.375000000 12.350 569
0.437500000 12.350 569
0.500000000 12.350 607
0.562500000 12.350 647
0.625000000 12.350 610
0.687500000 12.350 757
0.750000000 12.350 1012
0.812500000 12.350 1448
0.875000000 12.350 1564
0.937500000 12.350 1321
