0	87089.9	295.11	86344.2	293.844	85539.3	292.471	84701.9	291.036	83853.5	289.575	83011.6	288.117	82189.9	286.688	81398.7	285.305	80645.6	283.982	79935.8	282.729	79272.5	281.554	78657.3	280.459	78090.5	279.447	77571.4	278.516	77098.5	277.666	76669.8	276.893	76282.9	276.194	75935.1	275.563	75623.7	274.998	75345.7	274.492	75098.4	274.041	74879.1	273.64	74685	273.286	74513.8	272.972	74363	272.696	74230.6	272.453	74114.5	272.24	74012.9	272.053	73924.3	271.89	73846.9	271.748	0
0.0625	83654.4	289.231	83007.9	288.111	82327	286.927	81632.6	285.714	80941.3	284.502	80266	283.312	79616.4	282.164	78999.7	281.069	78420.4	280.037	77881.5	279.073	77384.2	278.18	76928.7	277.36	76514.1	276.612	76138.9	275.933	75801.2	275.32	75498.7	274.77	75228.8	274.279	74989.1	273.841	74776.9	273.454	74589.6	273.111	74424.9	272.809	74280.5	272.544	74154.2	272.313	74044	272.11	73948	271.934	73864.7	271.781	73792.5	271.648	73730	271.533	73676	271.433	73629.5	271.348	1
0.125	80194.9	283.187	79712.3	282.334	79213.8	281.449	78713.7	280.56	78223	279.684	77750.2	278.837	77301.3	278.031	76880.2	277.273	76489.4	276.567	76129.9	275.917	75802	275.322	75504.9	274.782	75237.5	274.295	74998.2	273.858	74785.1	273.469	74596.3	273.123	74429.6	272.818	74283.1	272.549	74154.7	272.314	74042.7	272.108	73945.2	271.929	73860.6	271.773	73787.3	271.638	73724.1	271.522	73669.6	271.421	73622.8	271.335	73582.6	271.261	73548.2	271.198	73518.8	271.143	73493.7	271.097	2
0.1875	77364.9	278.146	77056.6	277.591	76742.6	277.025	76431.5	276.462	76129.7	275.916	75842	275.394	75571.5	274.903	75320.2	274.445	75089.2	274.024	74878.7	273.64	74688.3	273.292	74517.5	272.979	74365	272.7	74229.8	272.451	74110.4	272.232	74005.5	272.04	73913.7	271.871	73833.8	271.724	73764.3	271.596	73704.2	271.485	73652.3	271.39	73607.7	271.307	73569.4	271.237	73536.6	271.176	73508.5	271.125	73484.6	271.081	73464.3	271.043	73447.1	271.011	73432.5	270.984	73420.1	270.961	3
0.25	75347.7	274.495	75185.8	274.2	75022.4	273.902	74861.8	273.609	74707.2	273.326	74560.8	273.058	74424.2	272.808	74298.1	272.577	74182.8	272.365	74078.5	272.174	73984.8	272.001	73901.2	271.848	73827	271.711	73761.6	271.591	73704.2	271.485	73654.1	271.393	73610.5	271.313	73572.8	271.243	73540.2	271.183	73512.1	271.131	73488.1	271.087	73467.5	271.049	73449.9	271.016	73435	270.989	73422.3	270.965	73411.5	270.946	73402.4	270.929	73394.7	270.915	73388.3	270.903	73382.8	270.893	4
0.3125	74066.6	272.152	74007.2	272.043	73947.5	271.933	73889.1	271.825	73833	271.722	73780.2	271.625	73731	271.535	73685.8	271.451	73644.6	271.375	73607.4	271.307	73574.1	271.246	73544.5	271.191	73518.4	271.143	73495.4	271.1	73475.2	271.063	73457.7	271.031	73442.5	271.003	73429.4	270.979	73418.1	270.958	73408.4	270.94	73400.1	270.925	73393.1	270.912	73387.1	270.9	73382	270.891	73377.6	270.883	73374	270.876	73370.9	270.871	73368.3	270.866	73366.2	270.862	73364.3	270.858	5
0.375	73460.9	271.037	73452	271.02	73443	271.004	73434.3	270.988	73425.9	270.972	73418	270.958	73410.7	270.944	73404	270.932	73397.9	270.92	73392.4	270.91	73387.4	270.901	73383	270.893	73379.2	270.886	73375.8	270.88	73372.8	270.874	73370.2	270.869	73368	270.865	73366.1	270.862	73364.4	270.859	73363	270.856	73361.8	270.854	73360.7	270.852	73359.9	270.85	73359.1	270.849	73358.5	270.848	73358	270.847	73357.5	270.846	73357.1	270.845	73356.8	270.845	73356.6	270.844	6
0.4375	73355.2	270.842	73355.2	270.842	73355.2	270.842	73355.2	270.842	73355.2	270.842	73355.2	270.842	73355.2	270.842	73355.2	270.842	73355.2	270.842	73355.2	270.842	73355.2	270.842	73355.2	270.842	73355.2	270.842	73355.2	270.842	73355.2	270.842	73355.2	270.842	73355.2	270.842	73355.2	270.842	73355.2	270.842	73355.2	270.842	73355.2	270.842	73355.2	270.842	73355.2	270.842	73355.2	270.842	73355.2	270.842	73355.2	270.842	73355.2	270.842	73355.2	270.842	73355.2	270.842	73355.2	270.842	7
0.5	73355.2	270.842	73355.2	270.842	73355.2	270.842	73355.2	270.842	73355.2	270.842	73355.2	270.842	73355.2	270.842	73355.2	270.842	73355.2	270.842	73355.2	270.842	73355.2	270.842	73355.2	270.842	73355.2	270.842	73355.2	270.842	73355.2	270.842	73355.2	270.842	73355.2	270.842	73355.2	270.842	73355.2	270.842	73355.2	270.842	73355.2	270.842	73355.2	270.842	73355.2	270.842	73355.2	270.842	73355.2	270.842	73355.2	270.842	73355.2	270.842	73355.2	270.842	73355.2	270.842	73355.2	270.842	8
0.5625	73355.2	270.842	73355.2	270.842	73355.2	270.842	73355.2	270.842	73355.2	270.842	73355.2	270.842	73355.2	270.842	73355.2	270.842	73355.2	270.842	73355.2	270.842	73355.2	270.842	73355.2	270.842	73355.2	270.842	73355.2	270.842	73355.2	270.842	73355.2	270.842	73355.2	270.842	73355.2	270.842	73355.2	270.842	73355.2	270.842	73355.2	270.842	73355.2	270.842	73355.2	270.842	73355.2	270.842	73355.2	270.842	73355.2	270.842	73355.2	270.842	73355.2	270.842	73355.2	270.842	73355.2	270.842	9
0.625	73657.3	271.399	73649.4	271.384	73639.5	271.366	73628.1	271.345	73615.6	271.322	73602.4	271.298	73588.6	271.272	73574.7	271.246	73560.7	271.221	73546.8	271.195	73533.3	271.17	73520.2	271.146	73507.6	271.123	73495.5	271.101	73484.1	271.079	73473.3	271.06	73463.1	271.041	73453.6	271.023	73444.7	271.007	73436.5	270.992	73428.9	270.978	73421.9	270.965	73415.4	270.953	73409.5	270.942	73404.1	270.932	73399.2	270.923	73394.7	270.915	73390.6	270.907	73386.9	270.9	73383.6	270.894	10
0.6875	76000	275.681	75928.1	275.551	75839.4	275.389	75737.6	275.205	75626.4	275.002	75508.6	274.788	75386.8	274.567	75263.3	274.342	75139.8	274.116	75018	273.894	74899	273.677	74783.7	273.466	74673	273.264	74567.4	273.07	74467.2	272.887	74372.8	272.714	74284.1	272.551	74201.3	272.399	74124.2	272.258	74052.8	272.126	73986.8	272.005	73926	271.893	73870.2	271.791	73819.1	271.697	73772.4	271.611	73729.9	271.533	73691.3	271.461	73656.2	271.397	73624.5	271.338	73595.8	271.285	11
0.75	80596.2	283.895	80384.9	283.522	80128.1	283.069	79836.7	282.554	79520.5	281.994	79187.7	281.403	78845.5	280.794	78499.9	280.178	78155.9	279.564	77817.7	278.958	77488.4	278.367	77170.8	277.796	76866.6	277.248	76577.4	276.726	76304	276.232	76046.9	275.766	75806.4	275.33	75582.3	274.922	75374.4	274.544	75182.3	274.194	75005.3	273.871	74842.8	273.574	74694.1	273.302	74558.2	273.054	74434.5	272.827	74322.1	272.621	74220.2	272.434	74128.1	272.265	74044.8	272.112	73969.8	271.974	12
0.8125	85655.9	292.67	85249.6	291.975	84768.6	291.15	84232.6	290.229	83658.5	289.238	83060.8	288.203	82451.9	287.144	81842.1	286.081	81239.6	285.026	80651.4	283.992	80082.7	282.989	79537.5	282.024	79018.8	281.103	78528.4	280.229	78067.6	279.406	77636.8	278.634	77236.1	277.914	76864.9	277.245	76522.5	276.627	76207.7	276.057	75919.3	275.535	75655.9	275.056	75416.1	274.62	75198.3	274.223	75001	273.863	74822.6	273.537	74661.8	273.243	74517.1	272.978	74387.1	272.74	74270.5	272.526	13
0.875	88966	298.272	88361.2	297.256	87667.7	296.087	86911.8	294.808	86116.2	293.456	85299.9	292.062	84478.8	290.652	83665.7	289.25	82871	287.873	82102.8	286.536	81367.2	285.249	80668.4	284.022	80009.5	282.86	79392	281.766	78816.8	280.743	78283.5	279.792	77791.5	278.911	77339.5	278.1	76925.9	277.355	76548.8	276.674	76206	276.054	75895.4	275.491	75614.8	274.981	75361.9	274.521	75134.6	274.107	74930.8	273.735	74748.3	273.401	74585.4	273.103	74440.2	272.837	74310.9	272.6	14
0.9375	89301.1	298.833	88567.2	297.602	87752.1	296.23	86884.5	294.762	85988.6	293.238	85084.5	291.693	84188.4	290.152	83313	288.64	82468.3	287.173	81661.6	285.765	80898.1	284.426	80181	283.163	79512.3	281.979	78892.4	280.878	78320.9	279.859	77796.8	278.921	77318.2	278.062	76883.1	277.278	76488.9	276.566	76133.1	275.922	75812.9	275.341	75525.7	274.819	75268.8	274.352	75039.5	273.933	74835.4	273.561	74654.2	273.229	74493.5	272.935	74351.5	272.675	74226	272.445	74115.5	272.242	15
