0 77020 277.525 70753 265.994 64352 253.677 58327 241.51 52292 228.674 46502 215.643 41373 203.404 36674 191.505 32706 180.848 28791 169.679 25176 158.669 21987 148.28 19044 138 16533 128.581 14356 119.817 12436 111.517 10866 104.24 9359 96.7419 8115 90.0833 6937 83.2887 5729 75.6902 5154 71.7914 4384 66.2118 3639 60.3241 3163 56.2406 2670 51.672 2320 48.1664 2009 44.8219 1703 41.2674 1480 38.4708 
0.0625 74949 273.768 68342 261.423 62320 249.64 56254 237.179 50521 224.769 45037 212.219 39995 199.987 34997 187.075 30787 175.462 27239 165.042 23661 153.821 20637 143.656 17808 133.447 15395 124.077 13133 114.599 11665 108.005 9951 99.7547 8409 91.7006 7151 84.5636 6087 78.0192 5462 73.9053 4413 66.4304 3884 62.3217 3322 57.6368 2847 53.3573 2347 48.4458 2014 44.8776 1739 41.7013 1510 38.8587 1269 35.623 
0.125 71889 268.121 66218 257.329 60225 245.408 54114 232.624 48033 219.164 42941 207.222 38292 195.683 33539 183.137 29270 171.085 25760 160.499 22248 149.158 19338 139.061 17179 131.069 14604 120.847 12401 111.36 10704 103.46 9315 96.5142 7936 89.0842 6668 81.6578 5651 75.1731 4869 69.7782 4182 64.6684 3592 59.9333 3104 55.7136 2617 51.1566 2132 46.1736 1884 43.4051 1530 39.1152 1280 35.7771 1117 33.4215 
0.1875 70708 265.91 64414 253.799 58365 241.588 52773 229.724 46796 216.324 42073 205.117 37011 192.382 32268 179.633 28510 168.849 25174 158.663 21737 147.435 18782 137.047 16233 127.409 14020 118.406 11897 109.073 10263 101.306 8778 93.691 7486 86.5217 6491 80.5667 5525 74.3303 4807 69.3325 3964 62.9603 3370 58.0517 2821 53.1131 2453 49.5278 2092 45.7384 1747 41.7971 1470 38.3406 1226 35.0143 1045 32.3265 
0.25 69073 262.817 63211 251.418 57183 239.13 51625 227.211 45841 214.105 40814 202.025 36056 189.884 31660 177.933 27583 166.081 24491 156.496 20965 144.793 18108 134.566 15963 126.345 13521 116.28 11553 107.485 9942 99.7096 8449 91.9184 7546 86.8677 6301 79.3788 5212 72.1942 4525 67.2681 3816 61.7738 3282 57.2887 2711 52.0673 2320 48.1664 2021 44.9555 1642 40.5216 1394 37.3363 1226 35.0143 1013 31.8277 
0.3125 68093 260.946 61820 248.636 56472 237.638 50881 225.568 45171 212.535 40262 200.654 35406 188.165 31231 176.723 26961 164.198 23913 154.638 20406 142.85 17981 134.093 15644 125.076 13272 115.204 11479 107.14 9807 99.0303 8492 92.152 7050 83.9643 6143 78.3773 5202 72.1249 4435 66.5958 3780 61.4817 3121 55.8659 2769 52.6213 2308 48.0416 1969 44.3734 1703 41.2674 1377 37.108 1213 34.8281 959 30.9677 
0.375 67854 260.488 61480 247.952 55641 235.883 49997 223.6 44875 211.837 39924 199.81 35355 188.029 30865 175.684 27178 164.858 23418 153.029 20480 143.108 17721 133.12 15390 124.056 13044 114.21 11221 105.929 9707 98.5241 8247 90.813 7087 84.1843 6001 77.4661 5091 71.3512 4378 66.1665 3706 60.8769 3055 55.2721 2634 51.3225 2256 47.4974 1912 43.7264 1597 39.9625 1282 35.805 1134 33.6749 942 30.692 
0.4375 67573 259.948 61185 247.356 55954 236.546 49972 223.544 44697 211.417 39285 198.204 35017 187.128 30971 175.986 27093 164.6 23535 153.411 20209 142.158 17816 133.477 15170 123.167 13100 114.455 11120 105.451 9376 96.8297 8233 90.7359 7091 84.2081 5939 77.0649 5094 71.3723 4286 65.4675 3637 60.3075 3110 55.7674 2738 52.3259 2253 47.4658 1761 41.9643 1521 39 1385 37.2156 1130 33.6155 968 31.1127 
0.5 67234 259.295 61457 247.905 55361 235.289 49864 223.302 44296 210.466 39674 199.183 34768 186.462 30719 175.268 27012 164.353 23301 152.647 20259 142.334 17712 133.086 15013 122.528 13144 114.647 11295 106.278 9585 97.903 8278 90.9835 6979 83.5404 6010 77.5242 5300 72.8011 4359 66.0227 3668 60.564 3269 57.1752 2656 51.5364 2254 47.4763 1975 44.441 1533 39.1535 1380 37.1484 1155 33.9853 963 31.0322 
0.5625 67325 259.471 61572 248.137 55746 236.106 49583 222.672 44832 211.736 39514 198.781 35188 187.585 30643 175.051 26799 163.704 23438 153.095 20673 143.781 17629 132.774 15228 123.402 13314 115.386 11444 106.977 9497 97.4526 8374 91.5096 7099 84.2556 6014 77.55 5156 71.8053 4407 66.3852 3865 62.1691 3110 55.7674 2760 52.5357 2308 48.0416 1868 43.2204 1621 40.2616 1301 36.0694 1167 34.1614 1008 31.749 
0.625 68142 261.04 61720 248.435 55645 235.892 50458 224.629 45001 212.134 40467 201.164 35248 187.745 31041 176.185 27347 165.369 23937 154.716 20658 143.729 17986 134.112 15600 124.9 13497 116.177 11805 108.651 9962 99.8098 8481 92.0923 7258 85.1939 6358 79.7371 5406 73.5255 4627 68.0221 3972 63.0238 3295 57.4021 2763 52.5642 2285 47.8017 2079 45.5961 1695 41.1704 1427 37.7757 1218 34.8999 1048 32.3728 
0.6875 69843 264.278 63466 251.925 57812 240.441 52009 228.055 46656 216 41539 203.811 37188 192.842 32172 179.366 28298 168.22 25088 158.392 21897 147.976 19097 138.192 16649 129.031 14090 118.701 12391 111.315 10744 103.653 9255 96.2029 7786 88.2383 6814 82.547 5768 75.9474 5006 70.7531 4186 64.6993 3739 61.1474 3153 56.1516 2567 50.6656 2274 47.6865 1955 44.2154 1648 40.5956 1454 38.1314 1177 34.3074 
0.75 72731 269.687 66446 257.771 60163 245.281 54701 233.882 49100 221.585 44065 209.917 39276 198.182 35020 187.136 30618 174.98 27277 165.158 23908 154.622 20987 144.869 18092 134.507 15740 125.459 13472 116.069 11860 108.904 10193 100.96 9067 95.2208 7769 88.1419 6875 82.9156 5795 76.1249 5059 71.1266 4379 66.174 3738 61.1392 3253 57.0351 2761 52.5452 2449 49.4874 2104 45.8694 1721 41.4849 1545 39.3065 
0.8125 76121 275.9 70058 264.685 63728 252.444 58078 240.994 52107 228.27 47140 217.117 42032 205.017 37299 193.129 33091 181.909 29082 170.534 25864 160.823 22819 151.06 19829 140.815 17360 131.757 15145 123.065 13407 115.789 11583 107.624 10008 100.04 8534 92.3797 7564 86.9713 6338 79.6116 5614 74.9266 5052 71.0774 4293 65.521 3741 61.1637 3235 56.8771 2756 52.4976 2385 48.8365 2131 46.1628 1790 42.3084 
0.875 78750 280.624 71973 268.278 65816 256.546 59919 244.784 54147 232.695 48296 219.764 42683 206.599 38873 197.162 34166 184.84 30089 173.462 26574 163.015 23402 152.977 20595 143.51 18008 134.194 15645 125.08 13759 117.299 11942 109.279 10582 102.869 9164 95.7288 7748 88.0227 6714 81.939 5968 77.2528 5123 71.5751 4330 65.8027 3914 62.562 3453 58.7622 2869 53.563 2514 50.1398 2187 46.7654 1800 42.4264 
0.9375 78694 280.525 72692 269.615 65617 256.158 60127 245.208 54236 232.886 48119 219.36 43156 207.74 37769 194.342 34030 184.472 29873 172.838 26103 161.564 23118 152.046 20082 141.711 17649 132.85 15503 124.511 13400 115.758 11613 107.764 10079 100.394 8672 93.1236 7601 87.1837 6345 79.6555 5629 75.0267 4877 69.8355 4209 64.8768 3547 59.5567 3109 55.7584 2644 51.4198 2317 48.1352 1995 44.6654 1643 40.5339 
