0 42510 206.18 54479 233.407 62044 249.086 66131 257.159 67500 259.808 66666 258.198 64455 253.88 61389 247.768 57108 238.973 53080 230.391 48297 219.766 43245 207.954 38828 197.048 34653 186.153 30917 175.832 26876 163.939 23471 153.202 20644 143.68 17560 132.514 15353 123.907 13219 114.974 10959 104.685 9631 98.1377 8283 91.011 6868 82.8734 5795 76.1249 5104 71.4423 4190 64.7302 3533 59.439 2955 54.3599 
0.0625 41876 204.636 53408 231.102 60506 245.98 63966 252.915 65592 256.109 65556 256.039 62681 250.362 59675 244.285 55845 236.315 51370 226.65 46811 216.358 42264 205.582 37743 194.276 33591 183.278 29376 171.394 25555 159.859 22515 150.05 19260 138.78 16789 129.572 14238 119.323 12432 111.499 10651 103.204 9071 95.2418 7760 88.0909 6565 81.0247 5417 73.6003 4615 67.9338 3907 62.506 3236 56.8859 2699 51.9519 
0.125 41406 203.485 52159 228.383 59029 242.959 62933 250.865 64122 253.223 63019 251.036 60724 246.422 58225 241.299 53937 232.243 49469 222.416 44989 212.106 40771 201.918 36370 190.709 32097 179.156 27978 167.266 24494 156.506 21770 147.547 18778 137.033 16273 127.566 13898 117.89 11665 108.005 10132 100.658 8521 92.3093 7301 85.4459 5998 77.4468 5135 71.6589 4408 66.3928 3600 60 3036 55.0999 2580 50.7937 
0.1875 40159 200.397 50716 225.202 58307 241.468 61121 247.227 62752 250.503 61541 248.075 59831 244.604 56457 237.607 52447 229.013 48487 220.198 43738 209.136 39542 198.852 34769 186.464 31034 176.165 27302 165.233 23952 154.764 20697 143.865 17968 134.045 15578 124.812 13344 115.516 11198 105.821 9686 98.4175 8231 90.7249 6860 82.8251 5869 76.6094 5003 70.7319 4223 64.9846 3543 59.5231 2847 53.3573 2428 49.2747 
0.25 38800 196.977 49769 223.09 56964 238.671 60194 245.345 61137 247.259 60260 245.479 58512 241.893 55090 234.713 50982 225.792 47328 217.55 42642 206.499 38307 195.722 34246 185.057 29994 173.188 26883 163.96 23275 152.561 20414 142.878 17303 131.541 14989 122.43 12939 113.75 10959 104.685 9561 97.7804 7805 88.3459 6689 81.7863 5656 75.2064 4734 68.8041 4119 64.1794 3317 57.5934 2831 53.2071 2385 48.8365 
0.3125 38367 195.875 48700 220.681 55772 236.161 59019 242.938 60159 245.273 59042 242.986 57035 238.82 53927 232.222 50290 224.254 46214 214.974 41841 204.551 37965 194.846 33495 183.016 29630 172.134 25821 160.689 22737 150.788 19817 140.773 16908 130.031 14815 121.717 12481 111.718 10676 103.325 9201 95.9218 7737 87.9602 6468 80.4239 5468 73.9459 4645 68.1542 3912 62.546 3327 57.6802 2679 51.7591 2390 48.8876 
0.375 37841 194.528 48463 220.143 54724 233.932 58318 241.491 59522 243.971 58644 242.165 56741 238.204 52975 230.163 49486 222.454 45715 213.811 41276 203.165 37157 192.762 33038 181.764 29453 171.619 25590 159.969 22648 150.493 19455 139.481 16849 129.804 14351 119.796 12394 111.328 10502 102.479 8962 94.6678 7630 87.3499 6473 80.455 5452 73.8377 4616 67.9412 3842 61.9839 3236 56.8859 2727 52.2207 2255 47.4868 
0.4375 38091 195.169 48144 219.417 54562 233.585 58166 241.176 58706 242.293 58420 241.702 55723 236.057 52824 229.835 49169 221.741 45083 212.328 41131 202.808 36787 191.799 32947 181.513 29088 170.552 25371 159.283 22156 148.849 19537 139.775 16686 129.174 14383 119.929 12232 110.598 10498 102.46 9005 94.8947 7471 86.4349 6326 79.5362 5419 73.6139 4381 66.1891 3889 62.3618 3296 57.4108 2685 51.817 2292 47.8748 
0.5 37822 194.479 47461 217.855 54186 232.779 58018 240.869 58627 242.13 57607 240.015 55644 235.89 52649 229.454 48831 220.977 45038 212.222 40872 202.168 36976 192.291 33223 182.272 29049 170.438 25166 158.638 22365 149.549 19369 139.173 16554 128.662 14370 119.875 12300 110.905 10654 103.218 8894 94.308 7633 87.367 6430 80.1873 5348 73.13 4508 67.1416 3799 61.636 3179 56.3826 2658 51.5558 2285 47.8017 
0.5625 37789 194.394 47977 219.037 54604 233.675 57322 239.42 58342 241.541 58541 241.952 56173 237.008 53270 230.803 49507 222.502 45381 213.028 41455 203.605 36991 192.33 32789 181.077 29317 171.222 25435 159.484 22250 149.164 19352 139.111 16685 129.17 14289 119.537 12628 112.374 10443 102.191 9040 95.0789 7681 87.6413 6493 80.5792 5510 74.2294 4532 67.3201 3846 62.0161 3320 57.6194 2809 53 2263 47.571 
0.625 38230 195.525 48454 220.123 54975 234.467 58578 242.029 59444 243.811 58700 242.281 56809 238.346 53344 230.963 49925 223.439 46164 214.858 41771 204.38 37381 193.342 33345 182.606 29634 172.145 26135 161.663 22735 150.781 19757 140.56 17234 131.278 15279 123.608 12754 112.934 10931 104.551 9333 96.6075 7918 88.9831 6526 80.7837 5659 75.2263 4729 68.7677 4051 63.6475 3489 59.0678 2848 53.3667 2367 48.6518 
0.6875 38980 197.434 49325 222.092 56352 237.386 59660 244.254 61075 247.134 60513 245.994 58408 241.677 55645 235.892 51528 226.998 47330 217.555 43086 207.572 39007 197.502 34966 186.992 30629 175.011 27372 165.445 23838 154.396 20925 144.655 17770 133.304 15569 124.776 13399 115.754 11633 107.856 9799 98.9899 8706 93.3059 7127 84.4216 6252 79.0696 5199 72.1041 4393 66.2797 3720 60.9918 3222 56.7627 2666 51.6333 
0.75 40246 200.614 50848 225.495 57997 240.826 62049 249.096 63374 251.742 62732 250.464 60767 246.51 57831 240.481 54100 232.594 49935 223.461 45783 213.97 41361 203.374 36631 191.392 32855 181.259 28990 170.265 25586 159.956 22639 150.463 19526 139.735 16861 129.85 14759 121.487 12662 112.526 10972 104.747 9214 95.9896 7919 88.9888 6781 82.3468 5709 75.5579 4852 69.6563 4252 65.2074 3526 59.3801 2960 54.4059 
0.8125 41685 204.169 53001 230.219 60103 245.159 64344 253.661 66046 256.994 65508 255.945 63539 252.069 60542 246.053 56943 238.627 52483 229.092 47612 218.202 43224 207.904 38995 197.472 34604 186.022 30813 175.536 27162 164.809 23852 154.441 20631 143.635 17961 134.019 15804 125.714 13468 116.052 11672 108.037 10291 101.445 8714 93.3488 7338 85.6621 6258 79.1075 5359 73.2052 4620 67.9706 3862 62.145 3317 57.5934 
0.875 43143 207.709 54530 233.517 61669 248.332 65870 256.652 67854 260.488 67291 259.405 65135 255.216 61875 248.747 57746 240.304 53547 231.402 49484 222.45 44532 211.026 39835 199.587 36069 189.918 31763 178.222 27795 166.718 24942 157.93 21553 146.809 18555 136.217 16169 127.157 13983 118.25 12035 109.704 10333 101.651 8845 94.0479 7509 86.6545 6529 80.8022 5522 74.3102 4786 69.1809 4058 63.7024 3352 57.8965 
0.9375 43035 207.449 54910 234.329 62009 249.016 66611 258.091 67792 260.369 67663 260.121 65783 256.482 62413 249.826 57996 240.824 53608 231.534 48752 220.799 44593 211.171 40322 200.803 35656 188.828 31528 177.561 27591 166.105 24237 155.682 21140 145.396 18294 135.255 16090 126.846 13754 117.277 11796 108.609 10059 100.295 8663 93.0752 7382 85.9186 6246 79.0316 5389 73.4098 4387 66.2344 3754 61.2699 3214 56.6922 
