0 89673 299.455 81561 285.589 72870 269.944 64945 254.843 57065 238.883 50295 224.265 43951 209.645 38145 195.307 33201 182.211 28773 169.626 24487 156.483 21322 146.021 18084 134.477 15677 125.208 13277 115.226 11174 105.707 9745 98.7168 8124 90.1332 6879 82.9397 5767 75.9408 4971 70.5053 4199 64.7997 3427 58.5406 2915 53.9907 2445 49.4469 2079 45.5961 1777 42.1545 1496 38.6782 1236 35.1568 1095 33.0908 
0.0625 87055 295.051 79090 281.229 70527 265.569 62427 249.854 55294 235.147 48699 220.678 42344 205.777 36878 192.036 31882 178.555 27368 165.433 23727 154.036 20075 141.686 17154 130.973 14690 121.202 12501 111.808 10431 102.132 8736 93.4666 7646 87.4414 6335 79.5927 5325 72.9726 4546 67.424 3677 60.6383 3109 55.7584 2708 52.0384 2147 46.3357 1889 43.4626 1495 38.6652 1201 34.6554 1125 33.541 911 30.1828 
0.125 84292 290.331 75961 275.61 67540 259.885 60584 246.138 52482 229.09 46286 215.142 40448 201.117 34796 186.537 30217 173.83 25690 160.281 21928 148.081 18795 137.095 15785 125.638 13583 116.546 11314 106.367 9537 97.6576 8134 90.1887 6748 82.1462 5678 75.3525 4708 68.6149 4052 63.6553 3348 57.8619 2751 52.45 2282 47.7703 1884 43.4051 1593 39.9124 1292 35.9444 1188 34.4674 924 30.3974 812 28.4956 
0.1875 80725 284.121 72711 269.65 65357 255.65 57365 239.51 50302 224.281 44267 210.397 38324 195.765 33164 182.11 28333 168.324 24116 155.293 20523 143.259 17628 132.77 14855 121.881 12508 111.839 10561 102.767 8939 94.5463 7522 86.7295 6089 78.032 5243 72.4086 4281 65.4294 3685 60.7042 2952 54.3323 2498 49.98 2084 45.6508 1719 41.4608 1494 38.6523 1218 34.8999 976 31.241 783 27.9821 646 25.4165 
0.25 78274 279.775 70453 265.43 62866 250.731 55292 235.143 48464 220.145 41962 204.846 36685 191.533 31596 177.753 27246 165.064 23176 152.237 19836 140.84 16583 128.775 14224 119.264 12018 109.627 9831 99.1514 8320 91.214 6962 83.4386 5742 75.776 4795 69.2459 3948 62.8331 3358 57.9483 2797 52.8867 2206 46.9681 1830 42.7785 1505 38.7943 1259 35.4824 1026 32.0312 876 29.5973 731 27.037 561 23.6854 
0.3125 76572 276.716 68865 262.421 61220 247.427 54191 232.79 46853 216.456 41052 202.613 35429 188.226 30333 174.164 26254 162.031 22182 148.936 18989 137.801 15979 126.408 13569 116.486 11475 107.121 9316 96.5194 7906 88.9157 6604 81.265 5542 74.4446 4669 68.3301 3796 61.6117 3133 55.9732 2534 50.3389 2174 46.6262 1773 42.107 1472 38.3667 1190 34.4964 952 30.8545 774 27.8209 644 25.3772 511 22.6053 
0.375 75374 274.543 67757 260.302 60504 245.976 53159 230.562 46653 215.993 40632 201.574 35121 187.406 29918 172.968 25571 159.909 21944 148.135 18559 136.231 15541 124.664 13337 115.486 11078 105.252 9412 97.0155 7740 87.9773 6431 80.1935 5207 72.1595 4340 65.8787 3634 60.2827 3094 55.6237 2511 50.1099 2114 45.9783 1617 40.2119 1358 36.8511 1180 34.3511 970 31.1448 753 27.4408 593 24.3516 541 23.2594 
0.4375 75287 274.385 67096 259.029 59992 244.933 52382 228.871 46362 215.318 39923 199.807 34375 185.405 29843 172.751 25639 160.122 21790 147.614 18346 135.447 15591 124.864 13146 114.656 11010 104.929 9323 96.5557 7747 88.017 6444 80.2745 5334 73.0342 4403 66.3551 3644 60.3656 2929 54.1202 2569 50.6853 2021 44.9555 1605 40.0625 1346 36.6879 1130 33.6155 930 30.4959 756 27.4955 593 24.3516 536 23.1517 
0.5 75215 274.254 66894 258.639 60123 245.2 52715 229.597 46108 214.728 40551 201.373 34561 185.906 29900 172.916 25726 160.393 21705 147.326 18358 135.492 15607 124.928 13147 114.66 10846 104.144 9201 95.9218 7627 87.3327 6361 79.7559 5171 71.9097 4395 66.2948 3615 60.1249 3039 55.1271 2482 49.8197 2079 45.5961 1712 41.3763 1450 38.0789 1147 33.8674 905 30.0832 724 26.9072 638 25.2587 537 23.1733 
0.5625 75141 274.119 67536 259.877 60092 245.137 52747 229.667 46377 215.353 39995 199.987 34613 186.046 29874 172.841 25455 159.546 21647 147.129 18486 135.963 15691 125.264 13078 114.359 10843 104.13 9340 96.6437 7681 87.6413 6381 79.8812 5368 73.2666 4412 66.4229 3564 59.6992 2890 53.7587 2593 50.9215 2048 45.2548 1648 40.5956 1374 37.0675 1116 33.4066 919 30.315 794 28.178 624 24.98 462 21.4942 
0.625 75715 275.164 67858 260.496 60183 245.322 53155 230.554 46170 214.872 40016 200.04 34639 186.116 29899 172.913 25804 160.636 21902 147.993 18516 136.074 15832 125.825 13010 114.061 10959 104.685 9292 96.395 7668 87.5671 6399 79.9937 5406 73.5255 4501 67.0895 3533 59.439 3024 54.9909 2517 50.1697 2107 45.9021 1643 40.5339 1407 37.51 1118 33.4365 909 30.1496 737 27.1477 635 25.1992 509 22.561 
0.6875 76920 277.345 68561 261.842 61399 247.788 54279 232.979 47309 217.506 41257 203.118 35239 187.721 30743 175.337 26432 162.579 22530 150.1 19014 137.891 16196 127.264 13510 116.233 11509 107.28 9656 98.2649 8094 89.9667 6747 82.1401 5776 76 4763 69.0145 3952 62.8649 3217 56.7186 2700 51.9615 2152 46.3897 1816 42.6146 1491 38.6135 1257 35.4542 1019 31.9218 859 29.3087 718 26.7955 600 24.4949 
0.75 80400 283.549 72242 268.779 64354 253.681 56984 238.713 50029 223.672 44090 209.976 38048 195.059 33164 182.11 28775 169.632 24225 155.644 20760 144.083 17756 133.252 15057 122.707 12684 112.623 10887 104.341 9062 95.1945 7905 88.9101 6502 80.635 5462 73.9053 4566 67.5722 3899 62.442 3116 55.8211 2674 51.7107 2292 47.8748 1898 43.566 1539 39.2301 1386 37.229 1142 33.7935 911 30.1828 814 28.5307 
0.8125 84635 290.921 76747 277.032 68484 261.694 60419 245.803 53296 230.859 47239 217.345 41423 203.526 35842 189.32 30854 175.653 27037 164.429 22843 151.139 19568 139.886 17138 130.912 14560 120.665 12526 111.92 10622 103.063 8758 93.5842 7779 88.1986 6405 80.0312 5343 73.0958 4703 68.5784 3834 61.9193 3201 56.5774 2763 52.5642 2355 48.5283 1936 44 1701 41.2432 1388 37.2559 1155 33.9853 1037 32.2025 
0.875 89112 298.516 79794 282.478 71664 267.701 64491 253.951 56860 238.453 50077 223.779 43369 208.252 38197 195.441 33210 182.236 28702 169.417 24929 157.889 21271 145.846 18177 134.822 15757 125.527 13359 115.581 11354 106.555 9786 98.9242 8180 90.4434 7229 85.0235 5948 77.1233 5017 70.8308 4316 65.6963 3602 60.0167 3179 56.3826 2666 51.6333 2249 47.4236 1908 43.6807 1603 40.0375 1347 36.7015 1100 33.1662 
0.9375 90871 301.448 81986 286.332 73769 271.604 65386 255.707 58063 240.963 51066 225.978 44678 211.372 39006 197.499 33664 183.478 29145 170.719 25433 159.477 21806 147.669 19113 138.25 16000 126.491 13774 117.363 11641 107.893 10043 100.215 8406 91.6842 7264 85.2291 6298 79.3599 5190 72.0417 4372 66.1211 3566 59.716 3116 55.8211 2575 50.7445 2280 47.7493 1820 42.6615 1593 39.9124 1377 37.108 1100 33.1662 
