438.8; 
505.4; 
553.4; 
600.3; 
627.6; 
646.5; 
696.7; 
751.8; 
776; 
828.7; 
892.2; 
943.1; 
993.2; 
1002; 
1042; 
1041; 
1030; 
992.9; 
971.3; 
925.4; 
876.8; 
849.7; 
827; 
795.6; 
772.6; 
796; 
770.2; 
761.9; 
751.7; 
727.7; 
715.5; 
702.4; 
692.2; 
662.2; 
638; 
634; 
620.7; 
603.1; 
594.1; 
576.2; 
572.4; 
563.9; 
550.8; 
532.6; 
511; 
494.5; 
476.7; 
479.5; 
471.9; 
442.9; 
444.8; 
429.3; 
432.1; 
413.8; 
418.3; 
409.2; 
387.1; 
386.4; 
379.6; 
369.2; 
373.9; 
349.6; 
352.7; 
361; 
351.9; 
340.8; 
331.3; 
322.7; 
328.7; 
311.3; 
306.9; 
301; 
296.3; 
296.3; 
299.2; 
287; 
281; 
266.7; 
266; 
271.8; 
265.6; 
255.9; 
248.5; 
255.2; 
244.3; 
232.1; 
229.6; 
235.6; 
221.7; 
224.3; 
217.3; 
214.4; 
209.6; 
203; 
209.1; 
196.4; 
191.9; 
201; 
185.8; 
192.2; 
193.6; 
191; 
179.9; 
191.1; 
173.6; 
171; 
166.1; 
170.6; 
155.9; 
159.6; 
159.3; 
164.4; 
147.6; 
156.6; 
152.7; 
145.8; 
146.1; 
151.4; 
146.7; 
142.1; 
147.4; 
138.9; 
134.2; 
128.5; 
128.4; 
130.8; 
128.2; 
123.6; 
126.5; 
128.5; 
125.1; 
131.3; 
119.3; 
119.7; 
114.1; 
114.3; 
113; 
115.8; 
108; 
114; 
112.9; 
105.1; 
98.04; 
103; 
103.5; 
94.6; 
99.48; 
92.66; 
91.18; 
93.5; 
88.11; 
85.95; 
85.02; 
80.78; 
79.1; 
85.85; 
87.44; 
80.19; 
82.73; 
83.12; 
83.63; 
84.25; 
86.73; 
81.66; 
74.42; 
72.49; 
73.75; 
74.66; 
65.39; 
75.63; 
72.88; 
65.03; 
67.69; 
66.5; 
71.57; 
63.78; 
63.8; 
59.29; 
59.38; 
65.03; 
63.48; 
59.47; 
59.89; 
60.36; 
57.81; 
56.61; 
59.17; 
54.61; 
50.69; 
56.68; 
48.94; 
50.29; 
48.63; 
51.93; 
48.63; 
50.16; 
47.91; 
51.45; 
46.11; 
46.31; 
47.34; 
46.79; 
44.64; 
45.8; 
43.28; 
42.47; 
40.4; 
42.02; 
39.81; 
37.65; 
37.06; 
32.72; 
31.73; 
33.77; 
33.04; 
24.85; 
23.62; 
26.4; 
25.18; 
19.93; 
21.06; 
20.93; 
22.7; 
19.39; 
20.06; 
21.5; 
18.53; 
18.68; 
18.95; 
18.98; 
19.01; 
19.56; 
20.18; 
18.39; 
17.41; 
20.63; 
18.9; 
17.16; 
20.32; 
19.71; 
18.51; 
16.59; 
18.52; 
17.74; 
17.45; 
20.97; 
17.78; 
21; 
20.86; 
20.14; 
20.1; 
17.23; 
18.58; 
17.66; 
17.23; 
17.69; 
16.61; 
15.8; 
17.44; 
14.78; 
15.39; 
16; 
18.55; 
16.08; 
15.02; 
15.45; 
16.26; 
13.72; 
15.19; 
15.62; 
14.79; 
15.94; 
12.98; 
13.21; 
15.79; 
12.95; 
15.07; 
14.91; 
13.41; 
14.81; 
14.54; 
15.41; 
14.99; 
13.94; 
15.74; 
13.54; 
12.22; 
15.08; 
13.91; 
13.23; 
14.47; 
15.33; 
14.18; 
11.82; 
13.69; 
13.98; 
12.37; 
12.01; 
12.17; 
12.16;