0.000101434
0.000121213
0.000140999
0.000161506
0.000181742
0.000204198
0.000228694
0.000245345
0.000257461
0.000284944
0.00029906
0.000304542
0.000313466
0.000320889
0.000315843
0.000307421
0.00029776
0.000291128
0.000284495
0.000268463
0.000261041
0.000256001
0.000247052
0.000245175
0.000244948
0.000242365
0.000239782
0.000234551
0.000228516
0.000220736
0.000212653
0.000199976
0.00018645
0.000174972
0.000164321
0.000159227
0.000154133
0.000153171
0.000153171
0.000156412
0.000165164
0.000178974
0.000196896
0.00021356
0.000239304
0.00026408
0.00026408
0.00026408
0.000255492
0.000234296
0.000219452
0.000207526
0.00019306
0.000175645
0.000165631
0.000160055
0.00015448
0.000147671
0.000140485
0.00013236
0.000121866
0.000112349
0.000106079
0.000100035
9.56792e-05
9.13232e-05
8.8886e-05
8.65678e-05
8.41961e-05
8.14637e-05
7.87312e-05
7.62193e-05
7.4528e-05
7.28367e-05
7.11454e-05
6.94541e-05
6.90012e-05
6.86239e-05
6.82465e-05
6.78692e-05
6.72025e-05
6.61791e-05
6.51556e-05
6.41321e-05
6.31086e-05
6.0793e-05
5.79634e-05
5.51338e-05
5.27758e-05
5.25259e-05
5.2276e-05
5.20261e-05
5.17762e-05
5.15166e-05
5.05606e-05
4.96046e-05
4.86487e-05
4.78033e-05
4.75606e-05
4.7318e-05
4.70753e-05
4.68327e-05
4.64913e-05
4.59524e-05
4.54134e-05
4.48745e-05
4.43067e-05
4.35741e-05
4.28416e-05
4.21091e-05
4.13766e-05
4.07964e-05
4.02521e-05
3.97079e-05
3.91637e-05
3.86194e-05
3.80986e-05
3.76151e-05
3.71316e-05
3.66482e-05
3.61647e-05
3.56812e-05
3.53668e-05
3.51193e-05
3.48717e-05
3.46242e-05
3.43767e-05
3.41292e-05
3.38816e-05
3.34868e-05
3.30502e-05
3.26135e-05
3.21768e-05
3.17402e-05
3.13035e-05
3.08668e-05
3.05832e-05
3.04691e-05
3.0355e-05
3.02409e-05
3.01269e-05
3.00128e-05
2.98987e-05
2.9193e-05
2.84268e-05
2.76605e-05
2.68943e-05
2.6342e-05
2.61615e-05
2.59811e-05
2.58006e-05
2.56201e-05
2.54396e-05
2.52591e-05
2.51111e-05
2.504e-05
2.4969e-05
2.48979e-05
2.48269e-05
2.47558e-05
2.46848e-05
2.46137e-05
2.45427e-05
2.43256e-05
2.40284e-05
2.37311e-05
2.34339e-05
2.31367e-05
2.28395e-05
2.25423e-05
2.2245e-05
2.19297e-05
2.16116e-05
2.12936e-05
2.09755e-05
2.06574e-05
2.03393e-05
2.00213e-05
1.97032e-05
1.94214e-05
1.91525e-05
1.88836e-05
1.86147e-05
1.83458e-05
1.80769e-05
1.7808e-05
1.75391e-05
1.7316e-05
1.72355e-05
1.71549e-05
1.70744e-05
1.69938e-05
1.69133e-05
1.68327e-05
1.67522e-05
1.66716e-05
1.65911e-05
1.65105e-05
1.63243e-05
1.61188e-05
1.59133e-05
1.57078e-05
1.55023e-05
1.52968e-05
1.50914e-05
1.48859e-05
1.46804e-05
1.43383e-05
1.38582e-05
1.3378e-05
1.28979e-05
1.24178e-05
1.13598e-05
1.00447e-05
9.72313e-06
9.40156e-06
9.07998e-06
8.7584e-06
8.43251e-06
8.03429e-06
7.63607e-06
7.23785e-06
7.08269e-06
7.04306e-06
7.00343e-06
6.9638e-06
6.92417e-06
6.88454e-06
6.84491e-06
6.80528e-06
6.76591e-06
6.75063e-06
6.73536e-06
6.72008e-06
6.7048e-06
6.68952e-06
6.67424e-06
6.65897e-06
6.64369e-06
6.62841e-06
6.61313e-06
6.59627e-06
6.57221e-06
6.54815e-06
6.52409e-06
6.50003e-06
6.47597e-06
6.45191e-06
6.42785e-06
6.40379e-06
6.37974e-06
6.35568e-06
6.33162e-06
6.30756e-06
6.2835e-06
6.25188e-06
6.21965e-06
6.18743e-06
6.15521e-06
6.12298e-06
6.09076e-06
6.05853e-06
6.02631e-06
5.99409e-06
5.96186e-06
5.92964e-06
5.89741e-06
5.86519e-06
5.83297e-06
5.81073e-06
5.7888e-06
5.76686e-06
5.74492e-06
5.72299e-06
5.70105e-06
5.67911e-06
5.65717e-06
5.63524e-06
5.6133e-06
5.59136e-06
5.56942e-06
5.54749e-06
5.52555e-06
5.50361e-06
5.48167e-06
5.45974e-06
5.4378e-06
5.41586e-06
5.38397e-06
5.35145e-06
5.31892e-06
5.2864e-06
5.25388e-06
5.22136e-06
5.18883e-06
5.15631e-06
5.12379e-06
5.09127e-06
5.05874e-06
5.02622e-06
4.9937e-06
4.96117e-06
4.92865e-06
4.89564e-06
4.86109e-06
4.82654e-06
4.79199e-06
4.75744e-06
4.72289e-06
4.68834e-06
4.65379e-06
4.61924e-06
4.58469e-06
4.55014e-06
4.51559e-06
4.48104e-06
4.44649e-06
4.41194e-06
4.37739e-06
4.34284e-06
4.31334e-06
4.28585e-06
4.25835e-06
4.23086e-06
4.20336e-06
4.17587e-06
4.14838e-06
4.12088e-06
4.09339e-06
4.06589e-06
4.0384e-06
4.0109e-06
3.98341e-06
3.95592e-06
3.92842e-06
3.90704e-06
3.88669e-06
3.86635e-06
3.846e-06
3.82565e-06
3.80531e-06
3.78496e-06
3.76461e-06
3.74426e-06
3.72392e-06
3.70357e-06
3.68322e-06
3.66288e-06
3.64253e-06
3.62218e-06
3.60183e-06
3.58149e-06
3.56114e-06
3.53994e-06
3.51833e-06
3.49671e-06
3.4751e-06
3.45348e-06
3.43187e-06
3.41025e-06
3.38864e-06
3.36702e-06
3.34541e-06
3.32379e-06
3.30218e-06
3.28056e-06
3.25895e-06
3.23733e-06
3.21572e-06
3.1941e-06
3.17249e-06
3.15087e-06
3.12739e-06
3.10221e-06
3.07703e-06
3.05184e-06
3.02666e-06
3.00148e-06
2.97629e-06
2.95111e-06
2.92592e-06
2.90074e-06
2.87556e-06
2.85037e-06
2.82519e-06
2.80001e-06
2.77482e-06
2.74964e-06
2.72446e-06
2.7028e-06
2.6891e-06
2.67541e-06
2.66172e-06
2.64802e-06
2.63433e-06
2.62064e-06
2.60694e-06
2.59325e-06
2.57956e-06
2.56586e-06
2.55217e-06
2.53848e-06
2.52479e-06
2.51109e-06
2.4974e-06
2.48371e-06
2.47001e-06
2.45632e-06
2.44263e-06
2.42893e-06
2.41524e-06
2.40155e-06
2.38785e-06
2.37416e-06
2.36047e-06
2.34677e-06
2.33295e-06
2.31114e-06
2.28933e-06
2.26752e-06
2.24571e-06
2.2239e-06
2.20209e-06
2.18028e-06
2.15847e-06
2.13666e-06
2.11485e-06
2.09304e-06
2.07123e-06
2.04942e-06
2.02761e-06
2.0058e-06
1.98399e-06
1.96218e-06
1.94037e-06
1.91856e-06
1.90716e-06
1.89849e-06
1.88982e-06
1.88115e-06
1.87248e-06
1.86381e-06
1.85514e-06
1.84647e-06
1.8378e-06
1.82913e-06
1.82046e-06
1.81179e-06
1.80312e-06
1.79445e-06
1.78578e-06
1.77711e-06
1.76843e-06
1.75976e-06
1.75109e-06
1.74242e-06
1.73375e-06
1.72508e-06
1.71641e-06
1.70774e-06
1.69907e-06
1.6904e-06
1.68173e-06
1.67306e-06
1.66439e-06
1.65572e-06
1.64605e-06
1.63426e-06
1.62247e-06
1.61067e-06
1.59888e-06
1.58709e-06
1.57529e-06
1.5635e-06
1.55171e-06
1.53991e-06
1.52812e-06
1.51633e-06
1.50453e-06
1.49274e-06
1.48095e-06
1.46915e-06
1.45736e-06
1.44557e-06
1.43377e-06
1.42198e-06
1.41019e-06
1.39839e-06
1.3866e-06
1.37481e-06
1.36301e-06
1.35163e-06
1.3421e-06
1.33257e-06
1.32304e-06
1.31351e-06
1.30399e-06
1.29446e-06
1.28493e-06
1.2754e-06
1.26587e-06
1.25634e-06
1.24681e-06
1.23729e-06
1.22776e-06
1.21823e-06
1.2087e-06
1.19917e-06
1.18964e-06
1.18011e-06
1.17059e-06
1.16106e-06
1.15153e-06
1.142e-06
1.13513e-06
1.13018e-06
1.12523e-06
1.12027e-06
1.11532e-06
1.11037e-06
1.10542e-06
1.10047e-06
1.09552e-06
1.09057e-06
1.08562e-06
1.08066e-06
1.07571e-06
1.07076e-06
1.06581e-06
1.06086e-06
1.05591e-06
1.05096e-06
1.04601e-06
1.04105e-06
1.0361e-06
1.03115e-06
1.0262e-06
1.02125e-06
1.0163e-06
1.01135e-06
1.0064e-06
1.00144e-06
9.96493e-07
9.91542e-07
9.86591e-07
9.8164e-07
9.75599e-07
9.69368e-07
9.63138e-07
9.56908e-07
9.50677e-07
9.44447e-07
9.38216e-07
9.31986e-07
9.25756e-07
9.19525e-07
9.13295e-07
9.07065e-07
9.00834e-07
8.94604e-07
8.88373e-07
8.82143e-07
8.75913e-07
8.69682e-07
8.63452e-07
8.57221e-07
8.50991e-07
8.44761e-07
8.3853e-07
8.323e-07
8.26069e-07
8.21343e-07
8.16994e-07
8.12645e-07
8.08297e-07
8.03948e-07
7.99599e-07
7.95251e-07
7.90902e-07
7.86553e-07
7.82204e-07
7.77856e-07
7.73507e-07
7.69158e-07
7.64809e-07
7.60461e-07
7.56112e-07
7.51763e-07
7.47414e-07
7.43066e-07
7.38717e-07
7.34368e-07
7.30019e-07
7.25671e-07
7.21322e-07
7.16973e-07
7.12625e-07
7.08745e-07
7.05159e-07
7.01572e-07
6.97986e-07
6.94399e-07
6.90813e-07
6.87226e-07
6.8364e-07
6.80053e-07
6.76466e-07
6.7288e-07
6.69293e-07
6.65707e-07
6.6212e-07
6.58534e-07
6.54947e-07
6.51361e-07
6.47774e-07
6.44187e-07
6.40601e-07
6.37014e-07
6.33428e-07
6.29841e-07
6.26255e-07
6.22668e-07
6.19082e-07
6.15495e-07
6.11984e-07
6.08696e-07
6.05408e-07
6.0212e-07
5.98832e-07
5.95544e-07
5.92256e-07
5.88968e-07
5.8568e-07
5.82392e-07
5.79104e-07
5.75816e-07
5.72528e-07
5.6924e-07
5.65952e-07
5.62664e-07
5.59376e-07
5.56088e-07
5.528e-07
5.49512e-07
5.46224e-07
5.42936e-07
5.39648e-07
5.3636e-07
5.33072e-07
5.29784e-07
5.26496e-07
5.23208e-07
5.1992e-07
5.16632e-07
5.13344e-07
5.10056e-07
5.06768e-07
5.0348e-07
4.98537e-07
4.93077e-07
4.87616e-07
4.82155e-07
4.76695e-07
4.71234e-07
4.65773e-07
4.60312e-07
4.54852e-07
4.49391e-07
4.4393e-07
4.3847e-07
4.33009e-07
4.27548e-07
4.22088e-07
4.16627e-07
4.11166e-07
4.05705e-07
4.00245e-07
3.94784e-07
3.89323e-07
3.83863e-07
3.78402e-07
3.72941e-07
3.67481e-07
3.6202e-07
3.56559e-07
3.51098e-07
3.45638e-07
3.40177e-07
3.36839e-07
3.3464e-07
3.32442e-07
3.30243e-07
3.28045e-07
3.25846e-07
3.23648e-07
3.21449e-07
3.19251e-07
3.17053e-07
3.14854e-07
3.12656e-07
3.10457e-07
3.08259e-07
3.0606e-07
3.03862e-07
3.01664e-07
2.99465e-07
2.97267e-07
2.95068e-07
2.9287e-07
2.90671e-07
2.88473e-07
2.86275e-07
2.84076e-07
2.81878e-07
2.79679e-07
2.77481e-07
2.75282e-07
2.73084e-07
2.70886e-07
2.68687e-07
2.66489e-07
2.6429e-07
2.62092e-07
2.59893e-07
2.57695e-07
2.55497e-07
2.53298e-07
2.511e-07
2.48901e-07
2.46703e-07
2.44504e-07
2.42306e-07
2.40108e-07
2.37909e-07
2.35711e-07
2.33512e-07
2.32201e-07
2.30969e-07
2.29737e-07
2.28506e-07
2.27274e-07
2.26042e-07
2.24811e-07
2.23579e-07
2.22347e-07
2.21116e-07
2.19884e-07
2.18652e-07
2.17421e-07
2.16189e-07
2.14957e-07
2.13726e-07
2.12494e-07
2.11262e-07
2.10031e-07
2.08799e-07
2.07567e-07
2.06336e-07
2.05104e-07
2.03872e-07
2.02641e-07
2.01409e-07
2.00178e-07
1.98946e-07
1.97714e-07
1.96483e-07
1.95251e-07
1.94019e-07
1.92788e-07
1.91556e-07
1.90324e-07
1.89093e-07
1.87861e-07
1.86629e-07
1.85398e-07
1.84166e-07
1.82934e-07
1.81703e-07
1.80471e-07
1.79239e-07
1.78008e-07
1.76985e-07
1.76032e-07
1.75078e-07
1.74125e-07
1.73171e-07
1.72218e-07
1.71264e-07
1.70311e-07
1.69357e-07
1.68404e-07
1.6745e-07
1.66497e-07
1.65543e-07
1.6459e-07
1.63636e-07
1.62683e-07
1.61729e-07
1.60776e-07
1.59822e-07
1.58869e-07
1.57915e-07
1.56962e-07
1.56008e-07
1.55055e-07
1.54101e-07
1.53148e-07
1.52194e-07
1.51241e-07
1.50287e-07
1.49334e-07
1.4838e-07
1.47427e-07
1.46473e-07
1.4552e-07
1.44566e-07
1.43613e-07
1.42659e-07
1.41706e-07
1.40752e-07
1.39799e-07
1.38845e-07
1.37892e-07
1.36938e-07
1.35985e-07
1.35031e-07
1.34078e-07
1.33124e-07
1.32171e-07
1.31423e-07
1.30713e-07
1.30002e-07
1.29291e-07
1.28581e-07
1.2787e-07
1.27159e-07
1.26449e-07
1.25738e-07
1.25027e-07
1.24317e-07
1.23606e-07
1.22895e-07
1.22185e-07
1.21474e-07
1.20763e-07
1.20053e-07
1.19342e-07
1.18631e-07
1.17921e-07
1.1721e-07
1.16499e-07
1.15789e-07
1.15078e-07
1.14367e-07
1.13657e-07
1.12946e-07
1.12235e-07
1.11525e-07
1.10814e-07
1.10103e-07
1.09393e-07
1.08682e-07
1.07971e-07
1.07261e-07
1.0655e-07
1.05839e-07
1.05129e-07
1.04418e-07
1.03707e-07
1.02997e-07
1.02286e-07
1.01575e-07
1.00865e-07
1.00351e-07
9.99956e-08
9.96398e-08
9.92839e-08
9.89281e-08
9.85722e-08
9.82163e-08
9.78605e-08
9.75046e-08
9.71488e-08
9.67929e-08
9.6437e-08
9.60812e-08
9.57253e-08
9.53695e-08
9.50136e-08
9.46578e-08
9.43019e-08
9.3946e-08
9.35902e-08
9.32343e-08
9.28785e-08
9.25226e-08
9.21668e-08
9.18109e-08
9.1455e-08
9.10992e-08
9.07433e-08
9.03875e-08
9.00316e-08
8.96757e-08
8.93199e-08
8.8964e-08
8.86082e-08
8.82523e-08
8.78965e-08
8.75406e-08
8.71847e-08
8.68289e-08
8.6473e-08
8.61172e-08
8.57613e-08
8.54055e-08
8.50496e-08
8.46937e-08
8.43379e-08
8.3982e-08
8.36262e-08
8.32703e-08
8.29145e-08
8.25586e-08
8.22027e-08
8.18469e-08
8.1491e-08
8.11352e-08
8.07793e-08
8.04234e-08
8.00676e-08
7.97117e-08
7.93559e-08
7.9e-08
7.86442e-08
7.82883e-08
7.79324e-08
7.75766e-08
7.72207e-08
7.68649e-08
7.65234e-08
7.62426e-08
7.59618e-08
7.5681e-08
7.54002e-08
7.51193e-08
7.48385e-08
7.45577e-08
7.42769e-08
7.39961e-08
7.37153e-08
7.34345e-08
7.31536e-08
7.28728e-08
7.2592e-08
7.23112e-08
7.20304e-08
7.17496e-08
7.14687e-08
7.11879e-08
7.09071e-08
7.06263e-08
7.03455e-08
7.00647e-08
6.97838e-08
6.9503e-08
6.92222e-08
6.89414e-08
6.86606e-08
6.83798e-08
6.8099e-08
6.78181e-08
6.75373e-08
6.72565e-08
6.69757e-08
6.66949e-08
6.64141e-08
6.61332e-08
6.58524e-08
6.55716e-08
6.52908e-08
6.501e-08
6.47292e-08
6.44483e-08
6.41675e-08
6.38867e-08
6.36059e-08
6.33251e-08
6.30443e-08
6.27635e-08
6.24826e-08
6.22018e-08
6.1921e-08
6.16402e-08
6.13594e-08
6.10786e-08
6.07977e-08
6.05169e-08
6.02361e-08
5.99553e-08
5.96745e-08
5.93937e-08
5.91128e-08
5.8832e-08
5.85512e-08
5.82876e-08
5.81035e-08
5.79194e-08
5.77352e-08
5.75511e-08
5.7367e-08
5.71828e-08
5.69987e-08
5.68145e-08
5.66304e-08
5.64463e-08
5.62621e-08
5.6078e-08
5.58939e-08
5.57097e-08
5.55256e-08
5.53415e-08
5.51573e-08
5.49732e-08
5.4789e-08
5.46049e-08
5.44208e-08
5.42366e-08
5.40525e-08
5.38684e-08
5.36842e-08
5.35001e-08
5.3316e-08
5.31318e-08
5.29477e-08
5.27635e-08
5.25794e-08
5.23953e-08
5.22111e-08
5.2027e-08
5.18429e-08
5.16587e-08
5.14746e-08
5.12905e-08
5.11063e-08
5.09222e-08
5.07381e-08
5.05539e-08
5.03698e-08
5.01856e-08
5.00015e-08
4.98174e-08
4.96332e-08
4.94491e-08
4.9265e-08
4.90808e-08
4.88967e-08
4.87126e-08
4.85284e-08
4.83443e-08
4.81601e-08
4.7976e-08
4.77919e-08
4.76077e-08
4.74236e-08
4.72395e-08
4.70553e-08
4.68712e-08
4.66871e-08
4.65029e-08
4.63188e-08
4.61347e-08
4.59505e-08
4.57664e-08
4.55822e-08
4.54521e-08
4.53437e-08
4.52352e-08
4.51267e-08
4.50183e-08
4.49098e-08
4.48013e-08
4.46928e-08
4.45844e-08
4.44759e-08
4.43674e-08
4.4259e-08
4.41505e-08
4.4042e-08
4.39335e-08
4.38251e-08
4.37166e-08
4.36081e-08
4.34997e-08
4.33912e-08
4.32827e-08
4.31743e-08
4.30658e-08
4.29573e-08
4.28488e-08
4.27404e-08
4.26319e-08
4.25234e-08
4.2415e-08
4.23065e-08
4.2198e-08
4.20895e-08
4.19811e-08
4.18726e-08
4.17641e-08
4.16557e-08
4.15472e-08
4.14387e-08
4.13302e-08
4.12218e-08
4.11133e-08
4.10048e-08
4.08964e-08
4.07879e-08
4.06794e-08
4.05709e-08
4.04625e-08
4.0354e-08
4.02455e-08
4.01371e-08
4.00286e-08
3.99201e-08
3.98116e-08
3.97032e-08
3.95947e-08
3.94862e-08
3.93778e-08
3.92693e-08
3.91608e-08
3.90523e-08
3.89439e-08
3.88354e-08
3.87269e-08
3.86185e-08
3.851e-08
3.84015e-08
3.8293e-08
3.81846e-08
3.80761e-08
3.79676e-08
3.78592e-08
3.77507e-08
3.76422e-08
3.75338e-08
3.74253e-08
3.73168e-08
3.72083e-08
3.70999e-08
3.69914e-08
3.68829e-08
3.67745e-08
3.6666e-08
3.65575e-08
3.6449e-08
3.63406e-08
3.62321e-08
3.61236e-08
3.60152e-08
3.59067e-08
3.57982e-08
3.56897e-08
3.55813e-08
3.54728e-08
3.53643e-08
3.52559e-08
3.51474e-08
3.50389e-08
3.49304e-08
3.4822e-08
     0
     0
     0
     0
     0
     0
     0
     0
     0
     0
     0
     0
     0
     0
     0
     0
     0
