57.1814
50.9298
45.5221
53.7165
76.3777
96.7080
118.1061
139.3617
186.1561
235.5293
286.5502
338.7580
392.5874
447.3442
501.5648
555.1403
609.9605
666.0420
683.4531
486.4571
495.7193
546.4495
597.0118
646.7465
695.1896
742.3592
788.6617
832.8045
876.3360
919.3462
938.2542
842.8842
860.5738
898.8628
936.6430
972.6127
1008.2624
1041.7089
1074.1053
1105.0813
1134.6433
1162.9967
1190.0950
1215.9354
1218.3545
1109.4117
1113.2262
1139.0537
1163.9775
1188.0258
1211.0877
1233.2208
1254.5091
1275.1566
1295.3044
1315.2579
1335.1558
1354.0498
1371.6770
1387.6809
1402.6994
1417.2334
1431.7937
1445.9329
1459.1138
1471.5712
1484.0942
1495.8963
1507.6740
1519.1869
1530.2298
1541.5005
1551.9445
1562.0897
1571.8216
1580.6601
1589.4914
1598.2230
1607.0327
1616.5411
1624.9560
1632.7331
1640.7793
1648.4554
1656.0568
1663.8543
1670.8363
1677.3176
1684.2123
1690.6808
1696.8189
1702.8071
1709.2059
1715.9309
1722.7896
1729.7111
1736.6897
1743.0889
1748.4473
1754.1872
1760.1122
1764.4722
1769.2038
1775.1314
1780.4490
1784.5128
1788.5964
1792.8480
1796.9927
1801.0975
1805.0628
1808.8875
1811.9011
1814.3669
1817.0565
1819.8299
1822.6470
1825.6169
1828.3492
1830.9656
1833.2876
1835.7668
1838.9904
1842.4888
1845.9374
1849.2557
1852.0414
1854.0589
1856.1923
1858.8444
1861.7310
1864.2419
1866.5527
1868.1798
1869.5872
1871.2502
1873.6192
1875.8839
1878.1204
1880.4946
1883.7083
1887.4296
1890.7726
1893.1507
1895.6970
1884.7763
1806.3595
1796.1722
1798.8641
1801.5552
1803.9684
1806.5858
1808.9648
1810.7911
1812.7289
1815.6603
1819.1657
1822.5314
1824.2262
1825.6713
1827.1230
1828.4807
1830.1552
1832.0066
1834.0811
1835.8249
1835.6270
1834.1973
1832.8641
1833.4774
1834.6863
1835.8546
1836.6923
1819.1350
1709.0700
1689.5172
1687.8695
1686.0515
1683.7544
1680.7728
1678.4660
1678.1868
1678.3376
1678.3204
1678.2398
1678.0945
1678.0933
1675.4349
1672.1256
1668.5611
1664.9464
1661.2356
1657.4223
1653.3060
1648.8145
1644.2583
1639.2534
1633.9469
1628.3747
1622.4314
1615.6111
1608.2031
1600.3338
1590.7849
1579.3346
1566.9505
1553.3039
1535.7954
1516.7639
1491.9014
1436.4155
1352.6253
1260.7708
1164.4034
1064.3650
980.6593
915.4497
878.0869
865.3016
856.0696
845.9130
829.0614
811.3798
796.2338
787.3819
801.9112
820.0260
837.8582
854.1910
867.5066
880.3797
893.1537
903.5227
910.5565
917.2926
923.8801
929.2659
933.2840
937.2529
941.3409
945.0091
948.3507
951.8010
955.1739
958.2662
960.8828
963.5444
966.0132
967.2496
966.9029
966.4063
965.7893
964.8943
963.2515
961.3956
959.4899
957.2504
952.9586
948.2725
943.5126
938.1136
929.5061
918.9094
908.1781
898.0811
892.1164
893.5072
895.9142
898.4122
901.0250
905.0724
909.6794
914.4449
919.0222
922.5871
924.3559
926.0066
927.6568
929.1792
930.4533
931.7477
933.1797
934.5113
935.6066
936.0896
936.5810
937.0439
937.6072
938.0154
937.9166
937.7335
937.5838
937.4235
936.9358
936.1461
935.3386
934.5133
933.6691
932.4324
930.8515
929.2183
927.5598
925.7266
922.6105
918.6009
914.3498
910.2223
906.4692
904.1959
902.9298
901.8036
900.7269
899.6803
899.2146
899.1883
899.4065
899.6381
899.8774
899.7093
898.8294
897.8312
896.8375
895.8611
894.8506
893.4824
892.1829
890.6217
889.2972
887.6227
885.3325
882.4652
879.4979
876.5228
873.5727
871.0291
869.7203
868.6438
867.7049
866.5045
865.6278
865.1214
865.0047
865.1144
865.2796
865.4031
865.0439
863.8339
862.2576
860.4741
858.6648
857.0390
855.3034
853.7679
852.2578
850.6005
849.0807
847.5746
845.9133
844.3643
842.7114
841.1745
839.5238
837.9910
836.3053
834.3669
832.4057
830.4643
828.5392
826.7527
824.6422
822.8283
820.6984
818.7429
816.9575
814.8624
813.0753
811.1612
809.2138
807.2918
805.5555
803.6428
801.6639
799.4365
797.0174
794.7601
792.5532
790.2892
787.8012
785.3455
783.2782
780.8693
778.6124
776.3449
773.8861
771.7091
769.9832
767.8966
765.9617
764.0394
761.9449
760.1508
758.0935
756.1468
753.9823
751.8298
749.8837
747.7629
745.8040
743.5775
741.2627
738.9794
736.6703
734.4269
732.3356
729.7355
726.6185
723.6292
720.4530
717.2495
714.2767
711.1597
708.6945
706.9056
704.9953
703.2671
701.3572
699.6237
697.6654
695.5031
693.0112
690.6650
688.1066
685.5513
683.2058
680.6769
678.3872
676.4017
674.4061
672.1916
670.2009
668.2848
666.3360
664.2583
661.6069
659.1271
656.6811
653.9788
651.4942
649.0249
646.3862
644.3435
642.1298
639.8959
637.6358
635.4313
633.4354
631.2313
628.9776
626.9331
624.6327
622.3317
620.2868
618.0342
615.9543
613.7143
611.5416
609.1687
606.9807
604.6074
602.4179
600.0431
597.8941
595.7856
593.8381
591.9451
590.0301
588.1367
586.2199
584.3149
582.3973
580.3712
577.7875
575.4087
573.0681
570.7093
568.3659
566.0225
563.6937
561.5620
559.4176
557.2913
555.1817
553.2953
551.2043
549.0951
547.2208
545.1009
542.9754
541.0879
539.0208
537.1280
535.0207
533.1356
531.0608
529.2287
527.6815
526.1382
524.3685
522.8573
521.3582
519.8644
518.3198
516.4258
514.2961
512.0653
509.6100
507.3822
505.1683
502.6933
500.4776
498.3149
496.3442
494.7509
493.2179
491.7083
490.1814
488.6488
487.1082
485.5774
484.0668
482.6386
480.9459
479.1994
477.4594
475.7205
473.9868
472.2796
470.5907
469.1316
467.4029
465.6594
463.9196
462.1952
460.7389
459.0469
457.3033
455.5718
454.0716
452.2610
450.4476
448.8708
447.0464
445.2344
443.6545
441.8400
440.0186
438.4338
436.6200
434.9723
433.1028
431.2377
429.5811
427.7643
426.1380
424.2875
422.7126
421.3676
419.8375
418.5320
417.2131
415.6504
414.3002
412.7752
411.4681
410.1083
408.2539
406.5947
404.9398
403.0410
401.3383
399.4359
397.7756
396.1190
394.2644
392.9001
391.5126
389.9159
388.5524
387.2067
385.8904
384.5004
382.8994
381.5377
380.1991
378.8850
377.5369
376.1492
374.5395
373.1473
371.8343
370.4902
369.1509
367.8376
366.4888
365.1035
363.7067
362.2635
360.5813
359.1452
357.7882
356.4033
355.0112
353.6232
352.2252
350.7855
349.3206
347.8763
346.4387
345.0044
343.5727
342.1841
341.0457
339.6519
338.2267
337.0914
336.0014
334.9054
333.7890
332.6939
331.6509
330.8255
329.7816
328.6951
327.5557
326.0912
324.6018
323.1423
321.9455
320.4817
318.9939
317.4886
315.9991
314.5370
313.3948
312.2655
311.1014
309.9633
308.7935
307.6711
306.8284
305.7172
304.5788
303.4109
302.2947
301.4535
300.3330
299.2136
298.3746
297.2563
296.0862
294.9680
294.1294
293.0156
291.8434
290.6753
289.5013
288.2450
286.7688
285.4622
283.9543
282.6374
281.0768
279.5209
278.2133
276.7391
275.4353
273.9725
272.9642
271.8001
270.8327
269.6245
268.4168
267.4511
266.2898
265.3303
264.1592
262.9589
262.0430
261.2262
260.6617
259.8455
259.0286
258.4609
257.6457
256.8334
256.2651
255.4496
254.6353
254.0179
252.8679
251.8586
250.6487
249.6046
248.3982
247.3958
246.1924
245.1847
243.9833
242.9800
241.7775
240.7717
239.5736
238.6179
237.6654
236.4672
235.4631
234.2573
233.2192
232.0216
231.0197
229.8223
228.8666
227.9715
227.3166
226.4646
225.8103
224.9523
224.2604
223.4070
222.7510
221.8994
221.2437
220.3465
219.3989
218.4533
217.4509
216.1760
215.1733
214.1769
212.9411
211.9503
210.9497
209.6753
208.6759
207.7304
206.7878
205.8865
205.1997
204.3000
203.4041
202.7474
201.8705
201.2137
200.3626
199.6764
198.8279
198.1839
197.3352
196.4864
195.5912
194.7469
193.8821
193.0173
192.1776
191.3170
190.4443
189.5748
188.7115
187.8737
187.0202
186.2205
185.4377
184.6771
183.8932
183.1098
182.3490
181.5686
180.8085
180.0279
179.2422
178.4714
177.6902
176.9332
176.1650
175.4146
174.6491
173.9066
173.1643
172.3944
171.6467
170.8803
170.1313
169.3693
168.6294
167.8901
167.1212
166.3691
165.6186
164.8709
164.1238
163.3762
162.6299
161.8852
161.1394
160.3917
159.6462
158.9009
158.1533
157.4192
156.7274
156.0369
155.3226
154.6322
153.9474
153.2620
152.5769
151.8898
151.1762
150.4860
149.8016
149.1163
148.4303
147.7405
147.0467
146.3518
145.6590
144.9704
144.3068
143.6186
142.9261
142.2338
141.5476
140.8852
140.2009
139.5100
138.8244
138.1844
137.5262
136.8669
136.2090
135.5753
134.9176
134.2567
133.6061
132.9741
132.3181
131.6575
131.0026
130.3779
129.7496
129.1234
128.4941
127.8708
127.2707
126.6489
126.0197
125.3954
124.7944
124.1725
123.5478
122.9459
122.3212
121.6984
121.1022
120.5328
119.9368
119.3367
118.7444
118.1721
117.5765
116.9800
116.3845
115.8131
115.2235
114.6301
114.0618
113.4716
112.8985
112.3300
111.7664
111.2255
110.6595
110.0927
109.5312
108.9945
108.4349
107.8697
107.3070
106.7702
106.2115
105.6530
105.1141
104.5540
104.0128
103.4530
102.9120
102.3542
101.8138
101.2557
100.7154
100.1570
99.6175
99.0591
98.5189
97.9605
97.4242
96.8935
96.3822
95.8528
95.3451
94.8164
94.3044
93.7699
93.2379
92.7264
92.1980
91.6890
91.1596
90.6490
90.1221
89.6150
89.1117
88.6343
88.1339
87.6311
87.1532
86.6517
86.1537
85.6781
85.1828
84.7078
84.2095
83.7142
83.2417
82.7461
82.2523
81.7818
81.3107
80.8174
80.3423
79.8503
79.3809
78.9119
78.4214
77.9489
77.4593
76.9915
76.5224
76.0334
75.5625
75.0796
74.6389
74.1826
73.7432
73.2869
72.8476
72.3907
71.9517
71.4947
71.0550
70.5978
70.1579
69.6963
69.2347
68.7948
68.3377
67.9028
67.4722
67.0636
66.6319
66.2022
65.7928
65.3638
64.9338
64.5274
64.0984
63.6703
63.2658
62.8392
62.4154
62.0116
61.5890
61.1656
60.7684
60.3694
59.9517
59.5501
59.1342
58.7344
58.3208
57.9249
57.5112
57.1160
56.7037
56.3102
55.9010
55.5070
55.0986
54.7130
54.3502
53.9680
53.5851
53.2229
52.8402
52.4581
52.0979
51.7160
51.3338
50.9719
50.5899
50.2078
49.8460
49.4639
49.0819
48.7202
48.3424
47.9787
47.5991
47.2373
46.8583
46.4960
46.1177
45.7573
45.3800
45.0234
44.6686
44.2938
43.9351
43.5619
43.2069
42.8358
42.4846
42.1335
41.7656
41.4169
41.0704
40.7051
40.3613
40.0178
39.6579
39.3177
38.9829
38.6447
38.2904
37.9548
37.6212
37.2695
36.9379
36.6123
36.3054
35.9849
35.6797
35.3610
35.0585
34.7414
34.4389
34.1231
33.8219
33.5072
33.2069
32.8931
32.5938
32.2819
31.9841
31.6719
31.3767
31.0862
30.7987
30.5292
30.2438
29.9547
29.6669
29.3827
29.1163
28.8345
28.5495
28.2690
28.0070
27.7288
27.4486
27.1705
26.8967
26.6377
26.3484
26.0736
25.8039
25.5365
25.2686
24.9876
24.7244
24.4665
24.2110
23.9550
23.6875
23.4369
23.1919
22.9497
22.7073
22.4542
22.2201
22.0044
21.7804
21.5694
21.3503
21.1441
20.9300
20.7284
20.5192
20.3223
20.1177
19.9251
19.7254
19.5372
19.3421
19.1585
18.9678
18.7881
18.6018
18.4259
18.2415
18.0573
17.8752
17.6953
17.5176
17.3440
17.1820
17.0122
16.8427
16.6749
16.5090
16.3450
16.1829
16.0244
15.8766
15.7216
15.5665
15.4131
15.2631
15.1232
14.9764
14.8296
14.6859
14.5518
14.4113
14.2723
14.1424
14.0060
13.8697
13.7364
13.6117
13.4810
13.3516
13.2307
13.1038
12.9727
12.8180
12.6611
12.5049
12.3440
12.1917
12.0426
11.8939
11.7405
11.5947
11.4513
11.3074
11.1577
11.0135
10.8683
10.7152
10.5646
10.4104
10.2450
9.9732
9.2644
8.5277
7.8291
7.1673
6.5433
5.9485
5.3851
4.8700
4.5671
4.6057
4.6686
4.7034
4.7031
4.6648
4.5909
4.4794
4.3282
